1269.273901	-493.821941
1281.221816	-589.622000
1289.742491	-531.479936
1295.113562	-433.762010
1300.901631	-545.637699
1302.878468	-601.063586
1308.357745	-446.758985
1311.512924	-549.702870
1312.468184	-487.137347
1318.078418	-472.688895
1323.479595	-606.058639
1327.817842	-568.983061
1329.158142	-546.695636
1331.964618	-579.798028
1338.153874	-462.607119
1347.055740	-532.936410
1372.375306	-556.485209
1375.844175	-615.427211
1388.372147	-464.019774
1401.328352	-467.454510
1405.845606	-513.126561
1409.515482	-441.150117
1412.445463	-452.963857
1414.414397	-476.548773
1426.337589	-569.468533
1263.988490	-523.122305
1285.845940	-455.729741
1293.538660	-483.577893
1324.908625	-469.660331
1338.752105	-621.946418
1364.950899	-561.727443
1366.323876	-503.967840
1373.073573	-454.256985
1378.305851	-458.056742
1432.815442	-437.390826
1349.006131	-546.145190
1260.509795	-475.889206
1275.702154	-522.881800
1273.872851	-480.725324
1283.125347	-544.603906
1281.654413	-611.697833
1382.935552	-462.330512
1262.985851	-289.531870
1264.658864	-410.337062
1265.542616	-311.050110
1269.710521	-284.415848
1283.318343	-291.461498
1283.417153	-318.329435
1298.393607	-252.861327
1310.264773	-286.687804
1321.653741	-341.735562
1328.158005	-331.515381
1328.541738	-262.381983
1329.090434	-414.540348
1335.967917	-385.801564
1338.929803	-393.994172
1345.704025	-413.484182
1351.539058	-389.701044
1353.222227	-261.440096
1369.750371	-256.160283
1374.218506	-283.074591
1383.557390	-251.009165
1386.172046	-295.210453
1387.387545	-412.336481
1389.940911	-307.383969
1388.377154	-388.840567
1392.454151	-262.250623
1398.774250	-249.692974
1412.361056	-257.138975
1416.262807	-412.152318
1428.911233	-282.362439
1438.762002	-340.523721
1440.675165	-329.416831
1285.401848	-303.474761
1389.373184	-315.404457
1308.821608	-239.153274
1331.121583	-303.301770
1372.605572	-236.338702
1407.464348	-361.797557
1264.042483	-391.240390
1279.793628	-350.579530
1285.843902	-266.604193
1289.983359	-349.278029
1295.587036	-375.816899
1296.063955	-400.749562
1314.303957	-365.585846
1364.814999	-321.257881
1405.373884	-418.235473
1263.044850	-195.027372
1275.274281	-60.932723
1302.531426	-186.643565
1306.192368	-68.326072
1316.799955	-88.536723
1322.712759	-66.906012
1321.621171	-47.616114
1346.462022	-197.735719
1346.025446	-112.557424
1351.873767	-89.165540
1357.661154	-182.074032
1363.320637	-207.371430
1367.468365	-116.047677
1369.875114	-79.698435
1371.049207	-113.444106
1378.504966	-189.874739
1378.272188	-134.402729
1387.321214	-121.005084
1391.438763	-46.694209
1417.769684	-209.146896
1418.548463	-87.776921
1334.718390	-139.316017
1335.466796	-178.582134
1343.344605	-85.482501
1346.124542	-155.959445
1400.591819	-105.569587
1268.775455	-214.096825
1290.363045	-196.768052
1311.657984	-155.626786
1330.805608	-57.218255
1372.361202	-50.140858
1424.629430	-136.279122
1293.591195	-164.784943
1316.313656	-172.161346
1317.527598	-206.828153
1343.455782	-129.227462
1355.511154	-43.608850
1371.140103	-58.011473
1376.808203	-84.048351
1379.938171	-203.482654
1424.580266	-158.805247
1423.982027	-64.467718
1423.645855	-201.112004
1256.585526	38.614574
1257.451878	4.373362
1270.849706	109.827418
1269.329444	140.104232
1270.841109	95.610646
1276.627364	36.325051
1291.774353	41.045265
1292.457093	45.914932
1298.131686	39.795354
1298.595590	67.564869
1301.007455	130.264757
1305.188272	22.190653
1309.538931	58.064995
1309.181603	10.811443
1315.594328	30.644712
1332.972504	58.586863
1343.158820	148.206887
1341.651831	53.142450
1341.587573	95.765147
1344.385494	46.228283
1355.285161	30.730335
1355.001058	-4.224873
1380.875280	24.240603
1386.006113	60.207000
1390.376989	-19.572561
1395.418969	110.482660
1397.060425	151.338845
1403.199395	36.909578
1403.453496	149.651304
1408.260105	128.484923
1410.262415	138.102107
1410.091777	78.783132
1410.117676	117.609243
1413.494638	103.500225
1417.713582	100.078747
1421.323117	151.241513
1427.888368	26.367134
1427.248455	-19.593138
1431.166027	163.059038
1433.675634	131.781220
1435.344612	56.099794
1442.104262	148.167385
1272.303891	125.103416
1273.704191	75.919050
1282.179870	147.345547
1316.726217	140.687067
1325.058019	102.221222
1335.828343	67.461187
1357.186271	91.269344
1394.489584	3.723044
1399.052232	0.244549
1414.298621	109.103445
1287.223229	108.262420
1292.571243	32.168124
1329.075929	13.952219
1321.456396	146.682247
1405.225120	58.916444
1437.514489	157.479259
1318.967166	18.975810
1348.599519	17.014874
1359.344955	76.206430
1361.738893	113.675399
1369.120196	1.467320
1381.528432	69.240761
1417.663389	-11.283941
1426.407252	15.979348
1258.733188	358.634347
1275.983610	282.788971
1277.167961	244.548705
1283.384080	317.482479
1289.094195	327.475544
1292.421883	253.476533
1293.839781	304.891681
1299.724146	269.050033
1295.995726	217.532609
1303.096761	179.692448
1303.634606	328.875630
1303.379457	228.116383
1304.147346	333.909227
1307.323438	210.184006
1303.832359	207.277225
1307.305179	242.644331
1307.903465	270.426362
1310.169808	354.104251
1325.463167	232.668587
1324.536332	294.166457
1326.526005	278.844206
1331.402853	337.513095
1333.619671	195.444190
1340.986357	232.863119
1345.599967	305.478097
1349.406454	296.459314
1357.394675	209.683222
1360.461779	193.827136
1359.667686	353.860214
1361.436974	312.922607
1368.867203	324.124040
1376.805569	277.617293
1379.889946	293.946429
1388.335380	242.347574
1394.112820	273.134070
1395.064522	308.493700
1403.854699	343.104535
1408.395171	347.492886
1412.750524	260.758435
1417.071740	311.978127
1415.797049	286.031657
1424.108214	266.293184
1425.956245	317.597160
1427.110119	336.110435
1427.331044	286.721096
1433.316351	363.559892
1431.956482	212.890563
1435.848945	242.901853
1443.166074	258.447476
1275.666640	265.910755
1324.736277	198.475658
1335.134896	263.445697
1338.430293	252.318944
1346.595909	185.671395
1352.511152	186.004111
1369.320390	339.554337
1395.457815	222.026418
1398.095907	215.692096
1406.935640	363.906718
1331.754103	210.024740
1356.831374	278.106552
1377.370173	349.940192
1375.787772	232.088291
1290.654297	275.402744
1372.084704	185.769430
1411.741977	319.743049
1420.558760	226.278562
1276.248066	233.764534
1280.911423	186.930052
1314.551155	314.283390
1316.310725	258.103392
1368.304055	236.252908
1369.175808	298.589192
1380.556227	215.900325
1397.020901	255.834205
1441.726092	221.086490
1262.215335	415.311653
1268.052084	408.238117
1277.213689	453.250519
1281.713635	478.442888
1286.058101	429.842208
1284.870679	464.252435
1295.297294	396.084464
1328.387495	405.146003
1331.910181	552.366476
1342.704473	410.328062
1344.482024	472.769159
1349.826048	434.083871
1354.766458	388.837476
1359.730642	496.804201
1364.576063	480.437295
1365.960519	468.510171
1366.838236	420.425660
1390.406252	390.917965
1399.307027	461.672090
1397.338189	421.129839
1397.926088	486.448803
1403.442200	377.900220
1408.102370	402.522981
1423.092485	514.931417
1427.004420	404.078021
1343.847366	446.407482
1406.951382	471.505541
1439.236856	447.071287
1259.825713	489.979655
1274.852539	407.586866
1310.048827	378.224512
1383.707804	411.163622
1395.534063	386.827545
1328.760811	448.582698
1268.026463	551.354614
1276.658670	483.473784
1272.335821	388.190002
1292.315850	551.354186
1295.341691	433.427180
1295.313616	420.910628
1306.483796	391.941478
1320.086996	423.097485
1327.746396	472.898249
1332.982086	423.422246
1337.596260	497.962072
1414.864817	484.859802
1414.925137	505.837787
1439.925196	402.475939
1286.485118	754.293759
1289.127982	615.169703
1303.233291	586.685057
1328.739125	759.268799
1354.990305	592.745357
1378.581483	600.990230
1379.536504	684.281086
1385.501921	700.524891
1385.637532	756.541533
1392.578755	675.859932
1393.850989	725.514244
1396.607990	755.062356
1398.257863	614.185787
1407.888494	758.105132
1417.240322	681.641120
1424.463088	730.497166
1427.063417	724.919234
1428.501365	638.133266
1430.485677	596.254649
1435.468847	591.629524
1302.340193	624.059216
1306.895723	604.428407
1344.020131	650.976218
1366.953240	705.388320
1407.603373	639.299308
1264.420541	723.961904
1365.931088	609.066773
1366.933729	671.139663
1414.001292	664.856997
1435.036679	621.663670
1357.561309	626.991889
1279.143044	614.084368
1277.199876	728.359413
1326.905279	735.346241
1339.271114	585.437692
1342.301576	733.259533
1349.555434	738.091303
1360.710936	641.147789
1378.732481	611.358009
1384.600516	609.042801
1390.332603	711.310738
1402.006090	737.349601
1263.813458	780.431003
1305.878290	900.526486
1336.193959	852.304747
1347.165222	806.546668
1357.963974	916.600712
1365.316575	806.492320
1376.378573	795.547277
1379.917449	824.786948
1386.612310	890.008148
1396.935902	959.780874
1410.514672	952.624911
1409.899990	860.862971
1411.786749	898.548214
1422.384045	891.833444
1428.420960	868.316074
1261.961612	873.785884
1386.047338	802.019644
1288.299690	810.115386
1402.479340	929.511152
1289.901551	839.632171
1435.236686	943.210242
1264.182947	847.105394
1277.670038	798.496791
1285.524112	833.177938
1309.024464	792.367719
1373.287719	949.400042
1378.506538	917.568031
1385.666100	818.025586
1389.183758	934.097644
1392.642556	953.995340
1403.905081	937.225291
1405.033639	836.837267
1338.720241	784.864127
1425.558600	783.635476
1293.322201	1156.105832
1383.384056	977.597706
1390.634215	980.990939
1490.038090	1000.486284
1510.371088	1004.220635
1536.216484	1007.312259
1572.607552	1015.264661
1594.161446	1030.194792
1603.783280	1034.724759
1610.801265	1027.464336
1618.735158	1034.658855
1498.904513	999.983096
1533.563234	986.952966
1578.792424	1003.461490
1600.359518	992.954082
1603.798300	1002.255768
1522.326925	1005.645740
1559.593883	1001.092998
1589.474520	1007.862991
1632.809849	1008.314160
1543.577413	995.412747
1602.491656	1042.654406
1630.369097	988.456428
1629.798792	1046.017052
1634.123436	1052.429156
1459.368654	931.427322
1464.380481	787.350475
1490.149616	865.595825
1495.108426	876.000398
1494.805939	839.120581
1520.281424	898.222501
1523.112887	883.034783
1534.408196	797.184338
1536.362041	917.525569
1546.616742	900.765043
1556.669105	844.417589
1564.356490	957.265890
1565.784091	907.506958
1566.943224	886.351834
1571.297595	950.135431
1570.416447	909.033865
1573.483340	930.143251
1578.569417	896.025542
1589.802096	823.195710
1589.089230	959.703971
1596.963927	864.516736
1602.945439	888.985939
1602.023956	795.547912
1604.429860	843.536486
1615.532818	922.158144
1616.285403	933.326671
1621.613388	823.610957
1619.839407	865.181462
1622.682226	808.317225
1622.807163	947.484524
1628.013159	919.705905
1631.724450	874.985558
1641.840252	807.791331
1501.626094	929.114072
1506.725075	837.281305
1510.048723	917.389906
1531.504636	843.981213
1536.886724	963.905068
1556.029808	873.886741
1558.587511	857.051821
1585.652267	911.628926
1589.887327	933.881517
1593.608741	911.527056
1460.433383	863.879563
1468.097700	893.163626
1535.395025	862.463904
1626.459635	934.556621
1495.888518	866.303318
1515.585748	868.207692
1521.347348	868.170925
1547.695623	778.732243
1461.984749	799.266945
1469.407790	903.583432
1478.338342	798.494090
1493.049491	966.369697
1503.953281	897.173051
1507.215736	810.531033
1516.322132	957.298378
1519.297335	819.980467
1537.402436	907.412707
1550.371786	918.929610
1589.660465	963.331031
1593.119856	939.456435
1602.279820	859.790714
1615.320097	847.364452
1619.391263	937.318356
1548.105229	794.803033
1552.962459	800.053625
1474.614023	753.306134
1479.508532	748.850240
1497.186019	604.344672
1505.672815	739.416040
1510.169419	746.663587
1510.902339	757.232551
1524.764892	602.043676
1527.679713	580.307963
1543.801960	749.201077
1540.895616	580.964950
1556.917291	595.198735
1563.610944	717.016515
1573.524660	582.387259
1575.264863	751.243771
1594.683026	694.853939
1597.951450	688.892543
1604.318885	714.361052
1608.108759	590.847817
1620.317315	726.642970
1637.125329	755.299578
1559.365411	750.730571
1464.996512	672.326890
1472.828348	693.743798
1487.004159	747.932799
1554.233857	604.666221
1560.080875	700.475146
1579.259948	731.812578
1630.574571	700.301173
1480.684998	729.595017
1487.962226	710.405715
1512.651024	720.641815
1534.703215	688.357267
1539.220959	742.241414
1563.088606	583.509682
1587.482355	588.626794
1594.049328	731.044903
1467.965840	483.995032
1469.934548	432.328809
1479.748271	477.540932
1482.945046	559.800488
1489.217946	430.705122
1494.647527	427.067402
1497.611106	437.001594
1501.705631	412.803665
1505.290290	560.166345
1507.147752	487.787054
1516.960594	563.938297
1512.816558	525.586874
1524.487839	385.855454
1521.445467	557.777049
1523.887926	485.506928
1522.710069	451.321169
1520.301225	528.708736
1536.146754	520.876498
1562.856065	487.240266
1564.433551	551.771634
1585.254383	410.203846
1581.080582	473.960155
1596.557355	466.999596
1601.323784	437.723023
1602.597012	526.645537
1603.225492	549.303292
1608.919719	474.164038
1612.785721	497.015960
1625.202534	501.987864
1629.686379	423.358892
1630.693547	490.109313
1646.331926	426.907593
1462.411059	511.240857
1477.521837	399.268807
1516.712638	479.062134
1598.344458	516.710571
1610.573351	556.612938
1498.709068	391.689885
1502.658241	551.842715
1510.466432	439.162581
1598.925341	396.942784
1610.427677	478.104173
1620.938834	500.962108
1623.204247	520.028453
1629.153950	547.920243
1639.616931	498.005172
1531.559033	419.502398
1627.335760	445.726602
1634.043005	525.334910
1467.535452	533.243117
1475.092167	409.721380
1479.676247	505.286355
1518.123954	507.159264
1531.504129	388.706148
1575.071823	522.018252
1587.386872	539.467628
1587.534164	493.123469
1606.376333	424.269843
1606.201353	449.767996
1469.510202	262.006008
1475.702530	210.406065
1495.299731	336.415916
1504.634287	226.275670
1507.297011	190.825707
1525.206913	226.721987
1524.172534	299.430808
1524.050347	285.802616
1539.983938	198.366906
1543.958121	296.769803
1549.054330	252.032887
1554.849564	196.030930
1559.609167	324.908020
1563.635920	180.640576
1568.725906	251.438391
1579.415941	249.472295
1589.813970	317.146908
1590.896222	223.871619
1604.793280	349.182756
1607.578661	323.152855
1611.498826	216.601443
1622.693421	307.499847
1623.094126	224.698618
1630.600096	205.351005
1636.885150	196.186025
1479.964678	268.914747
1593.316537	247.446721
1607.972617	361.553126
1511.966577	328.248183
1596.280498	195.554384
1611.377889	305.705492
1634.904419	351.398532
1590.652307	272.340945
1466.017116	353.625038
1489.503475	189.760682
1491.269886	202.212919
1508.506494	310.708725
1576.881693	283.999389
1591.229277	307.828561
1592.722606	264.861170
1617.581482	259.353094
1640.684724	303.120109
1641.826915	233.874138
1543.886547	343.575367
1465.179518	101.890924
1467.537625	-2.443992
1491.738115	149.784726
1501.296914	41.401337
1505.220624	101.381960
1507.604915	153.689775
1509.370678	47.981786
1534.529608	2.915436
1549.569279	67.662788
1553.525624	125.981846
1558.747876	-20.896647
1559.687224	140.393537
1562.230416	52.864164
1575.718454	32.563727
1577.428842	150.587012
1598.081711	115.201300
1596.821012	27.577741
1606.991537	131.564866
1610.511753	155.111281
1615.930960	56.351542
1617.552200	131.472259
1629.505922	-3.158721
1643.830162	90.748566
1482.999587	120.261713
1505.008588	-3.622188
1593.668789	64.184505
1598.673040	-10.249131
1602.946413	141.792714
1618.507575	31.117668
1459.356922	114.443859
1507.497961	163.536352
1534.565817	73.346862
1546.206735	107.956587
1548.089488	116.886340
1571.531522	45.424484
1629.137125	96.122304
1637.859852	160.004360
1462.601991	16.813350
1454.586384	109.556114
1459.762539	156.005898
1487.001698	145.649117
1497.426412	62.208320
1511.049284	63.524084
1514.563437	88.082508
1526.363421	148.561243
1541.518132	-21.164205
1554.830644	101.155636
1559.366577	7.100645
1575.230462	136.137178
1589.139318	56.954107
1589.532336	124.974451
1604.436224	7.085997
1616.906008	94.517798
1619.037237	141.171606
1619.619225	2.713334
1625.881782	33.336859
1629.769676	26.734075
1469.628036	-175.215178
1470.562065	-121.205574
1480.912012	-168.503055
1492.544046	-139.519330
1495.965758	-128.267669
1509.923447	-190.358190
1522.770956	-168.736602
1533.578196	-204.163473
1538.954625	-221.010582
1547.854102	-175.967531
1549.658212	-58.751686
1552.361981	-145.459349
1571.136656	-88.858204
1574.459389	-45.970680
1598.367160	-163.211282
1599.584500	-48.021957
1603.926369	-58.109198
1603.833338	-216.524765
1604.786099	-135.448011
1614.012736	-163.922861
1619.576636	-137.788800
1622.875615	-43.818283
1623.346801	-179.915235
1642.586363	-217.068626
1470.393056	-184.105013
1505.101041	-218.073645
1521.595652	-142.928530
1555.120211	-118.834210
1547.940239	-164.231977
1558.149165	-82.673854
1560.394253	-190.379685
1628.351706	-211.434667
1461.061495	-88.236717
1466.209705	-133.807694
1494.661304	-109.145138
1502.087300	-60.913999
1562.062627	-109.971430
1561.469432	-56.468789
1572.787030	-145.212065
1574.007354	-69.854067
1580.053092	-118.797040
1583.064596	-199.977476
1586.940495	-131.310273
1586.175427	-211.933371
1588.848222	-53.306763
1605.570579	-95.969949
1459.319990	-340.021317
1458.863328	-320.420717
1460.025331	-263.627997
1465.072754	-273.661154
1476.249595	-253.167019
1490.622358	-310.772741
1493.243036	-290.957839
1492.157253	-248.644461
1504.067481	-383.307213
1511.170693	-255.075704
1519.278415	-332.643614
1518.881261	-293.027504
1525.038423	-351.266465
1525.819594	-262.789865
1532.006313	-311.858343
1554.901334	-392.469926
1568.457046	-360.090762
1572.091309	-268.098759
1579.443848	-290.590967
1578.127851	-315.426280
1587.949854	-266.177328
1590.827586	-356.013972
1591.893379	-338.957474
1592.543301	-412.267658
1601.291000	-397.525171
1607.215500	-311.317296
1607.399475	-255.950422
1611.910879	-289.148234
1623.833487	-331.065824
1619.808157	-276.058212
1626.976893	-398.454624
1626.434045	-248.655403
1632.796745	-343.506451
1640.219416	-301.344394
1491.311796	-261.890898
1505.943818	-317.231945
1614.845432	-261.334938
1463.197109	-420.662936
1491.325240	-337.082832
1526.808333	-375.022840
1524.279492	-387.959501
1558.537231	-364.895006
1608.508076	-346.489897
1476.183250	-292.898818
1486.941213	-292.099042
1481.670115	-404.829124
1489.715845	-318.733925
1493.232015	-308.449399
1526.508212	-285.106853
1583.687034	-304.931913
1589.275663	-243.889985
1600.908854	-359.332601
1458.019535	-463.640663
1468.437512	-481.180320
1479.877970	-442.323362
1499.763999	-469.720756
1503.628328	-539.348630
1524.897595	-457.492298
1539.848878	-454.741420
1584.894643	-458.385425
1587.564729	-619.460922
1612.486181	-601.965375
1584.620312	-618.984058
1490.942777	-469.381880
1720.382642	-515.457672
1709.613457	-471.979228
1677.538017	-583.644426
1692.572678	-594.962060
1812.044729	-599.201674
1693.226767	-584.007618
1731.198084	-573.105354
1669.342534	-255.977649
1677.915422	-300.573412
1683.781439	-389.335177
1690.059105	-308.888409
1700.320184	-383.239653
1706.370423	-275.453677
1719.905565	-280.700521
1729.220991	-308.083326
1732.000423	-247.839566
1745.333505	-290.431040
1754.086495	-334.858473
1751.604663	-282.476381
1768.928147	-278.447000
1772.164913	-257.307125
1789.740235	-264.035676
1814.645349	-300.180199
1843.108274	-392.590327
1790.927527	-349.725555
1811.495944	-259.533181
1717.291921	-339.547526
1753.775996	-290.791744
1838.963014	-330.532442
1657.176492	-137.863513
1661.459767	-174.089576
1663.043811	-163.782866
1679.771153	-64.555134
1690.008495	-144.312460
1687.830073	-38.162333
1698.677436	-91.500411
1699.234698	-39.586573
1704.563030	-108.534470
1722.136814	-104.255089
1725.748711	-90.394855
1728.283661	-109.518101
1730.606714	-140.475506
1738.506088	-157.649862
1744.843500	-150.062886
1755.327542	-35.180757
1774.295177	-145.619283
1791.254865	-63.314825
1797.889552	-214.710206
1802.403014	-174.188538
1800.502203	-118.844784
1803.442838	-103.547062
1801.471875	-165.910167
1801.773915	-62.595533
1816.193628	-195.184443
1815.697503	-127.777468
1820.702195	-117.226061
1828.871582	-167.373694
1836.059551	-153.988519
1842.267949	-58.253490
1658.402066	-124.180250
1662.992730	-194.173734
1671.065708	-188.078314
1678.305165	-155.532330
1679.357881	-205.333000
1678.324078	-110.673505
1702.622150	-219.546928
1740.428531	-70.451658
1770.617642	-59.148422
1778.288113	-102.768244
1791.321974	-132.660012
1819.332750	-92.344114
1667.992506	-91.373549
1666.164215	-79.905668
1669.968692	-208.406780
1679.014553	-162.825671
1839.089354	-99.442059
1742.330796	-208.553179
1755.437020	-160.064747
1666.223180	-202.702268
1739.001619	-185.095449
1749.580323	-129.164642
1748.294682	-113.296497
1767.889722	-147.538746
1770.018924	-97.102267
1802.218736	-193.695163
1805.281426	-39.711799
1810.859281	-48.276714
1816.556375	-171.762596
1820.514840	-60.216266
1832.625808	-129.244044
1834.242422	-81.336090
1660.289503	-19.605358
1659.673907	142.971033
1663.708012	80.582559
1664.280744	155.059204
1671.631225	97.213304
1682.269396	70.537722
1682.045917	141.488583
1690.363223	132.326868
1705.675808	-7.557839
1718.681508	154.403670
1723.444495	116.706273
1733.795430	111.118072
1760.951800	72.286361
1763.715378	-7.164226
1762.549935	133.705040
1768.272971	148.502083
1768.030012	113.652540
1788.139671	57.710604
1798.661388	119.797965
1809.227827	61.982196
1816.918316	28.764634
1820.739816	11.587406
1820.447803	79.639773
1836.448117	-6.805073
1840.992757	26.624939
1667.518670	43.214149
1708.844866	80.038447
1724.845786	76.824268
1736.733699	141.063673
1673.888992	0.263330
1717.096969	-4.028962
1725.437542	55.747752
1736.095520	157.804633
1740.313637	-11.157379
1743.963777	4.335794
1799.578342	99.008316
1800.191529	7.478543
1810.957580	-17.256274
1811.493479	46.985878
1806.485180	27.402404
1832.680773	96.655671
1674.056185	-14.273253
1682.340641	149.492155
1694.684108	18.986276
1694.409235	28.046264
1698.894414	55.915189
1698.594674	152.112018
1711.133242	118.719809
1727.760782	29.906509
1734.028832	76.283951
1754.472406	103.792198
1761.492660	97.219796
1773.185261	27.254644
1814.879350	40.638290
1832.751967	43.473743
1655.120303	286.039364
1662.191579	228.845016
1672.063575	299.967964
1673.202465	261.942325
1673.980167	189.339008
1680.561550	252.685281
1679.274893	230.657664
1679.856846	177.794442
1711.045855	283.854695
1727.937638	236.379113
1735.920952	361.408105
1738.032955	313.539276
1749.352023	260.180077
1759.556804	266.313151
1774.849746	318.327807
1777.120595	199.856555
1780.069842	269.370936
1775.044527	330.802502
1785.311443	296.162566
1788.993781	221.665052
1788.764050	188.944909
1791.898851	243.054297
1810.396523	218.474543
1815.462186	258.225386
1818.655321	286.512330
1836.240042	214.556953
1835.252081	351.520648
1839.109181	238.084552
1836.345422	320.408743
1700.475575	201.096397
1701.515235	264.985787
1737.701063	276.835352
1751.758530	279.033580
1753.585958	330.463380
1760.540538	305.953814
1761.740085	234.498370
1792.713785	353.846488
1814.938690	357.754746
1675.113204	205.908222
1675.782128	289.900997
1754.541554	197.319064
1660.910436	345.606770
1755.028328	344.111853
1678.253837	280.997029
1702.382267	328.625977
1719.344372	266.922925
1728.876975	212.297974
1801.740079	282.915774
1838.796633	299.712961
1707.237031	549.330543
1710.178493	393.618310
1719.391231	535.284032
1727.674655	437.627126
1730.398356	379.316297
1735.379864	504.878379
1740.908927	536.364478
1748.572976	559.388508
1750.788744	482.744301
1751.391722	531.549139
1757.669124	554.966925
1759.065299	501.922532
1760.797947	423.481136
1777.852304	458.123892
1780.242417	415.566277
1780.951428	436.018088
1788.449503	532.824639
1794.002151	468.973545
1798.519252	520.891460
1803.886798	552.810370
1812.383771	424.947386
1822.986521	401.250186
1827.821132	442.529650
1833.702914	543.967705
1832.870288	512.550476
1841.672035	456.435133
1845.181434	498.259278
1750.413403	460.941838
1797.820877	507.144846
1839.295687	488.537479
1713.759209	402.021394
1717.536126	488.720395
1776.837663	393.610297
1823.742899	418.408212
1728.069209	500.463244
1756.969057	516.098065
1760.579849	565.343535
1778.099897	542.849147
1809.818884	513.256357
1838.117781	400.234541
1836.715423	561.863087
1657.699958	675.835707
1666.583415	761.473739
1666.317531	737.129510
1673.131793	763.150137
1676.323567	690.850873
1686.895078	626.057731
1690.258473	742.490871
1694.129179	747.470588
1692.489582	601.436385
1694.457165	690.177437
1695.514680	661.958526
1696.961166	757.239828
1702.337200	703.951230
1703.535170	625.454875
1705.678391	676.207281
1710.207790	690.059463
1718.462585	643.463825
1720.432947	655.280765
1723.093611	670.757075
1729.340062	628.560064
1733.769130	688.489207
1745.148041	608.310183
1748.645880	697.454027
1758.486987	580.300150
1761.327384	758.647623
1772.606661	640.010206
1778.447624	710.805324
1794.607212	626.358361
1800.609532	704.098944
1806.435135	582.137788
1812.874714	634.155157
1821.284668	621.656952
1824.783214	650.016955
1829.012283	623.263033
1831.108403	641.878847
1848.474191	598.085239
1750.090022	715.119653
1775.295285	631.091237
1779.450427	596.728825
1811.702351	601.388114
1819.481757	602.673337
1670.499402	689.527850
1741.266362	669.685721
1740.839258	737.782367
1767.893484	681.331664
1776.394382	693.434022
1796.810129	679.187233
1665.111352	643.769231
1699.726473	663.790567
1718.250858	760.325576
1723.897277	685.354331
1825.511278	593.488275
1670.485215	646.494321
1690.253379	765.794453
1690.600223	648.946992
1695.090391	590.439491
1709.451590	758.014215
1717.782927	731.244253
1725.289879	602.515799
1734.095651	645.631301
1744.359682	581.139221
1760.786046	681.714708
1761.316328	762.075101
1797.921233	690.266514
1809.496859	693.287401
1810.884960	651.135230
1657.402645	876.618907
1677.620234	866.185805
1679.870898	826.147771
1681.607705	893.220554
1687.115187	867.043191
1688.114219	897.576551
1698.114850	881.024620
1707.696887	817.355458
1726.672901	947.804864
1733.394049	788.999624
1745.152387	888.691542
1751.618417	892.053207
1763.669100	830.599716
1765.020438	920.001548
1772.959288	965.495369
1775.427382	880.638339
1786.480854	934.630157
1788.598668	782.468613
1789.488854	830.309145
1791.148441	799.574394
1806.960866	922.663956
1817.880871	828.571433
1819.025034	901.944693
1814.015022	953.999606
1825.524732	855.815036
1830.567027	848.445963
1833.248532	784.819437
1833.087947	857.525911
1835.299423	832.783495
1840.706504	876.307089
1842.277308	789.958168
1668.514708	926.071302
1687.635502	825.417791
1728.528724	867.519779
1768.625889	895.138502
1776.090394	898.402430
1803.250017	852.266765
1714.624109	949.225880
1721.617729	803.048869
1791.091763	807.668477
1827.070573	907.350946
1835.616804	938.526593
1843.932165	831.632457
1709.343006	924.664357
1762.324148	933.680490
1773.205029	930.548185
1821.769726	894.140349
1662.412017	775.881996
1662.423160	781.665712
1667.584395	809.161854
1666.497867	896.636279
1662.582689	944.156824
1691.453962	786.306906
1697.641916	822.882545
1706.807753	869.592782
1740.955087	907.981187
1743.580941	843.002349
1748.413758	864.462598
1769.994460	889.134142
1776.160155	956.468853
1777.983552	859.162270
1787.826533	861.589721
1807.711750	823.209614
1817.386630	918.622184
1822.765641	811.640312
1825.391205	866.634735
1824.912262	874.626556
1824.791417	914.347602
1824.861361	958.775946
1831.932134	808.942096
1702.851120	941.482789
1772.660212	834.734327
1779.877230	825.369237
1663.934935	1057.774640
1685.047788	1065.048705
1696.958038	1071.188024
1700.029313	1019.606525
1708.018946	1079.108416
1706.390013	1061.991746
1707.986698	999.897189
1716.036846	1081.055502
1722.896224	1055.679823
1735.897800	1000.339342
1739.943808	1083.392479
1756.724514	1048.587375
1762.728445	1070.977544
1761.343795	1090.466128
1765.715279	1052.710683
1776.650438	1107.277627
1778.041983	1083.544154
1785.595510	1109.635535
1780.521657	1002.300960
1784.461628	982.860843
1784.475163	1069.170691
1796.963048	1092.336366
1815.396659	1076.226433
1812.558655	1041.908799
1817.188977	1027.033597
1822.836958	1018.484634
1827.637497	1121.407926
1827.929771	1031.228463
1828.872392	1072.997785
1832.771858	992.524815
1839.891653	998.373549
1685.027458	1007.448521
1699.433383	1039.211485
1702.681334	985.051671
1707.610885	1087.643786
1724.058736	1082.178320
1727.942212	1091.796578
1787.573600	1042.631383
1821.439011	1058.681527
1836.877621	1055.121570
1750.739344	1044.047787
1814.846532	1126.431497
1823.197790	1103.099935
1796.675721	1019.065654
1687.072072	991.858083
1702.393254	1045.257404
1707.506988	1064.255156
1709.334365	1026.692308
1735.632022	1097.081415
1750.231963	1064.793373
1776.528241	1025.343351
1798.116342	1122.411380
1809.782845	1074.195720
1822.549771	1095.015196
1837.354871	1045.771405
1856.755550	984.985977
1861.354610	1066.655110
1863.567247	1139.509062
1872.172120	1154.260186
1874.190638	1090.103449
1872.780671	1062.830220
1886.417076	1012.747451
1889.281657	1046.405094
1891.178614	1158.293184
1894.708320	1075.243119
1898.762753	1049.022847
1898.032091	1059.297126
1902.951517	1140.125129
1904.993613	1021.051950
1908.098683	1050.658762
1906.302328	1125.022388
1923.873573	1157.326265
1924.859763	1134.507472
1924.671256	1101.364676
1934.053494	1007.545029
1936.944016	1159.541115
1940.928403	993.282139
1945.560773	1013.454563
1947.725238	1143.052781
1965.631540	1148.009985
1966.501078	1039.866641
1970.655424	1136.007180
1983.488981	1064.650358
1989.077095	1119.776946
1996.245350	1048.226877
1991.447400	1148.240170
1996.108223	1093.042981
1994.795290	1167.455467
2007.267824	1123.097608
2002.502476	1159.395935
2011.693981	1131.586418
2015.718218	1090.322323
2022.940952	1110.865054
2027.228783	1038.426167
2039.236348	1097.495968
2042.656901	1026.369311
1874.380447	1134.009684
1893.816236	1102.309765
1914.119287	1047.522075
1934.990952	1039.107273
1941.005874	1118.083544
2015.429812	1026.142461
1907.601018	1003.953335
1947.369762	1068.474420
2036.455355	1069.755531
1980.212616	1091.357970
1867.096336	1051.235964
1875.368501	982.369502
1892.421604	1112.114384
1914.374585	1092.233360
1920.010637	1142.856117
1924.145697	1159.922808
1952.453627	1133.921550
1978.614772	1163.451982
2024.354400	1049.814670
2020.039483	1065.052901
2025.854090	1121.576800
1859.791299	816.012674
1867.616597	877.775286
1870.898032	785.867039
1875.431545	921.385391
1876.726068	854.796039
1884.003477	881.266798
1885.673735	954.166434
1881.674770	844.604118
1889.651618	846.596638
1892.472085	818.719611
1904.034081	907.806721
1905.882246	894.791795
1917.435512	916.838301
1916.177365	935.481016
1917.147218	850.030906
1934.448261	810.311833
1935.398126	939.519223
1939.403256	825.216870
1937.381664	791.760194
1951.052846	844.902566
1949.573799	939.060269
1957.913388	875.781728
1949.944810	958.842722
1971.812566	869.867773
1977.189714	843.458326
1980.878190	867.883246
1980.911286	804.330518
1988.355507	796.493771
1991.430136	842.592287
2004.283594	800.272419
2005.880413	926.158624
2013.119921	794.034236
2015.620481	884.007144
2009.831788	827.615302
2025.429717	946.764520
2024.916759	903.157662
2028.804648	832.779379
2040.213307	836.342907
1875.365801	832.463131
1880.120200	935.768536
1908.861115	804.363994
1908.526383	794.749309
1926.993732	881.977083
1947.544205	900.879441
1957.356990	819.301865
2007.832172	846.405463
2023.423877	914.193718
1897.770886	862.976957
1928.781397	853.139793
1954.978177	858.132847
2019.997422	846.314470
2023.576572	810.318521
1972.147153	925.427953
1998.817084	845.977811
2025.090063	929.527949
2027.693303	948.031417
1860.231899	782.914609
1863.242004	813.979182
1860.775280	910.987554
1880.114156	956.641033
1887.200476	943.657619
1894.047186	873.698162
1898.426116	790.362863
1908.426713	869.171040
1909.098740	954.452725
1961.321486	826.022546
1974.324349	825.645424
1975.486219	900.598992
1987.323232	893.060982
2001.697211	872.604529
2039.434375	786.076693
1856.131751	731.934393
1863.550638	693.982161
1869.164489	610.942896
1895.407568	766.075297
1916.510690	668.775005
1931.864279	736.598219
1935.882776	594.777400
1944.297474	609.481657
1944.401396	711.650559
1969.124481	732.821977
1968.729573	651.076332
1979.380523	739.418051
1995.785027	673.548724
2007.560062	655.005146
2011.701494	749.491949
2021.630814	689.081324
2023.558706	751.955797
2025.688508	609.455772
2022.639707	704.340440
2033.751674	644.998434
2036.605060	672.989317
2040.821052	658.854009
1872.129355	603.303523
1882.069529	700.998890
1981.467645	666.542345
1993.685288	764.834677
1911.121130	715.564824
1964.620339	709.659710
1969.320576	587.396242
1992.990198	595.894547
2031.725880	717.953406
1868.537724	661.717366
1885.087492	731.644044
1927.516768	732.541366
1927.684183	629.655212
1940.347518	640.628268
1952.200841	606.390474
1962.152014	597.673672
1969.974048	760.989999
1989.599358	745.152406
1989.326291	586.637450
2011.976857	687.605175
2014.440085	588.610295
2019.140917	731.856858
2016.353985	610.081609
2023.887860	579.320344
2032.793630	656.503628
2030.968945	673.762155
2031.499971	688.304882
1859.830738	487.647973
1868.808294	499.452677
1870.653080	465.882937
1873.953726	504.617475
1874.714195	406.046248
1886.639219	439.024582
1887.518902	430.210581
1889.979631	415.175909
1889.237520	526.979782
1899.869107	494.813402
1908.938038	398.927001
1919.055421	473.241993
1922.413392	502.091565
1931.685872	537.306735
1935.544529	415.222015
1942.874497	432.963119
1945.166296	505.241887
1947.307999	420.242382
1948.386307	561.739151
1958.946778	560.425868
1958.570764	439.424908
1963.055479	408.761304
1968.795466	418.799364
1969.379791	546.151333
1969.990106	523.449142
1998.084425	478.201170
1999.666630	521.970835
2000.436579	561.193212
2000.942004	540.410161
2001.644498	549.276087
2004.834422	422.972477
2016.564680	392.384755
2018.899124	491.907425
2023.155341	438.523787
2026.251574	518.203876
2031.735023	549.045189
2031.953161	447.691416
2038.392122	538.621702
2043.885579	470.427841
2045.823281	519.126367
1866.671740	410.184307
1908.239161	502.729486
1918.474971	443.875122
1920.969632	453.125695
1927.090484	393.641622
1970.489398	463.787164
1975.213045	447.780961
1981.440100	391.412479
1983.007419	460.128590
2008.982601	411.884613
2033.517789	394.703793
1881.672295	378.711014
1879.864855	446.709729
1944.356412	520.742418
1974.630283	479.976765
2021.221762	428.277919
2038.779734	413.116519
1925.585425	433.836817
1932.742445	441.012562
1935.412401	423.338017
2008.689802	556.738889
2019.232912	531.074167
1872.753279	452.493270
1884.761647	399.442707
1889.339458	469.856201
1894.234104	496.407710
1910.103289	556.225884
1908.488789	465.919642
1915.732506	545.554723
1935.024822	510.579667
1985.605322	407.462031
2004.815637	451.009740
2030.575259	543.124473
2038.658693	499.535483
2037.962918	401.442138
2042.120718	514.466460
1862.447676	293.904732
1864.742095	280.005611
1869.044923	334.039378
1882.822408	271.866619
1892.425224	240.574502
1892.759671	184.903074
1903.157235	269.893295
1907.431815	322.309888
1922.785915	210.170143
1927.786392	357.718010
1928.259221	199.069943
1928.354934	268.703513
1934.469818	343.149508
1933.625492	214.885539
1941.995104	265.662748
1943.104252	288.281932
1949.834565	317.554415
1949.964668	296.845419
1968.756351	359.581208
1974.429679	243.422664
1982.422080	341.824876
1987.322661	242.319338
1989.666279	197.044142
1990.946420	327.727869
2002.361716	263.713620
2013.109629	249.255939
2012.833287	209.767748
2016.694486	195.425438
2013.386104	300.487912
2025.561074	333.560322
1867.423367	231.068904
1880.504481	205.329208
1901.986031	335.839488
1915.180156	336.656566
1956.679188	270.581204
2025.886612	270.472593
2034.719671	314.805430
2035.373880	280.599055
1892.857115	304.057815
1916.843171	257.130437
2040.496133	196.872860
2043.173018	214.532131
1908.087263	291.353834
1881.199410	350.573748
1891.574211	212.985705
1896.704747	283.664467
1906.604583	223.686095
1948.242933	191.444056
1957.297642	289.059640
1990.837646	309.989456
1859.139732	129.003063
1875.396269	49.583330
1877.168030	70.602151
1881.993900	158.538903
1883.649154	88.905804
1890.201364	23.200339
1887.852025	32.551142
1894.014297	67.071290
1898.190587	14.125428
1906.305354	122.945487
1918.665579	75.144788
1922.336965	142.644672
1924.876632	122.727959
1926.807227	98.315482
1931.896860	62.659014
1941.371050	40.104935
1943.088496	15.999808
1946.888872	0.535279
1949.992026	146.107920
1962.487775	-2.886718
1968.269664	129.811398
1969.130279	-17.433709
1972.262887	145.335088
1974.366981	15.045166
1976.476921	30.845908
1995.936644	124.356036
1997.891605	132.591437
2005.901560	148.301801
2013.611718	66.712417
2015.481022	-6.195853
2018.456792	94.903705
2025.344544	8.154281
2026.050677	27.788290
2031.656801	85.305699
2037.261126	47.789092
2042.611568	119.204205
1908.073182	110.405129
1913.311476	43.402163
1916.673381	105.897400
1917.808871	-3.623575
1926.828989	-1.682979
1954.042169	66.447795
1962.917224	62.276859
1997.936013	89.657088
2020.809786	115.734406
1877.984432	136.788635
1887.035478	107.776853
1907.624134	28.491068
1940.231121	116.900788
1996.923705	6.646088
2008.056652	10.439218
2027.920392	138.246416
2026.357051	47.458960
1858.448393	84.529250
1862.942860	133.596705
1888.360035	161.091214
1890.197850	91.238164
1913.144096	60.854186
1985.132341	89.571653
1987.129092	159.895807
2001.530564	54.808884
2034.174828	114.562786
2042.388426	25.606585
2043.601512	36.602070
2042.759041	-17.233290
1863.283730	-182.078977
1864.027648	-127.342350
1869.517160	-212.258076
1871.982978	-85.863782
1874.889722	-58.631632
1901.206834	-172.291120
1903.226703	-37.052851
1913.456307	-59.375239
1914.312666	-84.683897
1923.047102	-143.238766
1930.737822	-216.114812
1930.614834	-160.416243
1937.850880	-107.605860
1947.657489	-106.826423
1950.202731	-148.514546
1953.650455	-76.908642
1958.435025	-194.990388
1963.863242	-188.353821
1971.696823	-71.279174
1971.541229	-204.244783
1977.447763	-125.181490
1981.477893	-93.610505
1982.599772	-204.866671
1986.294775	-62.511369
2001.502270	-38.451473
2005.521138	-199.799257
2013.731834	-44.810702
2013.860955	-187.735617
2021.372601	-212.264287
2028.218689	-173.769648
2023.696822	-109.744720
2026.892213	-81.235576
2026.519976	-61.209030
2030.269607	-149.092230
2039.018798	-129.436249
2042.307658	-112.417998
1919.753284	-125.681243
1917.658043	-97.983485
1928.225922	-187.156557
1928.303049	-195.115266
1934.745434	-212.517155
1943.528981	-170.067406
1967.068398	-49.833508
1994.131777	-69.463190
1992.755614	-176.857124
1996.144020	-208.128522
1996.225090	-144.912575
1997.856260	-122.482128
2003.765071	-209.079507
2006.763721	-99.440591
1883.180731	-152.979683
1895.700336	-127.669532
1896.274453	-116.928641
1924.102138	-57.800506
1923.749925	-172.182100
2012.062432	-132.219198
2034.410664	-189.065588
1882.688694	-109.779972
1892.854487	-210.909479
1963.527567	-154.699421
1968.418558	-40.403769
1922.821586	-159.790253
1921.879456	-104.900439
1953.289480	-198.186740
1961.805364	-75.222690
1972.661580	-141.898455
1983.218213	-45.871112
1999.712283	-167.050592
2006.544319	-159.728430
2010.252744	-75.707628
2018.702038	-85.501069
2039.608683	-94.343315
1892.545166	-53.455218
1910.231080	-191.705298
1871.589364	-255.828234
1902.586482	-244.549666
1960.846392	-248.325578
2019.835973	-264.093665
1897.804738	-365.819593
1924.447940	-318.925729
1940.895529	-277.751962
1967.504641	-301.780737
1973.354530	-312.067062
2064.918062	-82.103174
2066.271070	-180.006334
2070.153852	-148.579612
2066.272510	-71.787427
2071.977316	-188.381049
2078.963168	-115.667713
2081.625090	-40.623972
2083.313796	-131.186011
2090.967043	-80.104957
2091.598361	-57.267886
2095.368814	-132.285114
2095.912585	-151.473591
2112.628612	-214.556479
2112.362844	-107.825793
2124.148127	-50.277564
2119.184816	-156.011060
2128.782713	-40.434640
2143.768218	-111.219829
2150.016086	-167.334723
2155.218603	-157.801095
2156.781766	-75.411618
2158.930299	-181.642135
2161.139296	-190.034178
2164.305311	-70.406529
2165.488065	-135.092729
2171.517467	-165.874793
2180.939561	-78.292145
2181.846680	-47.295881
2188.927303	-129.188536
2200.010057	-100.226521
2206.083980	-64.847523
2205.103775	-79.731776
2212.450121	-79.555150
2215.264473	-37.538601
2216.277926	-119.801538
2218.459838	-46.253115
2221.109842	-83.686648
2219.821349	-183.889683
2227.335675	-120.188521
2234.741225	-94.804754
2237.933907	-45.712316
2240.909172	-73.333905
2242.999912	-112.360884
2153.604347	-46.574042
2172.818314	-42.721936
2234.973977	-31.981049
2074.927326	-155.686545
2106.443221	-87.379906
2112.571951	-204.102519
2117.005436	-76.247601
2145.298099	-145.319499
2196.954604	-83.452678
2074.763262	-98.048054
2079.621191	-49.606038
2082.955811	-71.747169
2098.958452	-110.145516
2103.933536	-39.564811
2107.603486	-54.766159
2141.097208	-118.621062
2146.702928	-154.951607
2148.034489	-99.464204
2193.230171	-45.093883
2217.638587	-109.822844
2062.966757	23.867885
2070.224498	159.626625
2074.026310	131.133307
2074.993420	58.996183
2079.867000	-14.286854
2083.603372	95.396309
2086.117791	-4.909894
2096.811296	89.507248
2098.728416	149.949322
2099.180758	33.090703
2100.328399	102.417388
2099.657644	40.884012
2098.410308	72.153133
2110.261894	59.332114
2118.207662	146.359433
2122.271031	90.033119
2120.683111	129.699632
2126.174497	43.733492
2132.980008	163.389321
2140.738883	157.301686
2145.918646	-6.162307
2146.537468	64.927822
2145.842350	39.421792
2156.524393	32.768827
2186.476348	1.600526
2183.606083	111.909159
2188.115794	40.102333
2188.861278	117.161128
2199.534624	162.530356
2213.574810	-6.445810
2230.304531	109.986723
2233.542054	104.513978
2232.400059	-5.647630
2234.302342	96.277785
2065.941366	115.458137
2072.431972	84.113421
2122.719184	34.437435
2130.410663	31.655172
2153.615237	128.168994
2168.121124	154.791539
2168.704356	148.481527
2153.647967	79.988417
2156.512540	18.568283
2164.974975	54.261715
2170.859275	106.776448
2192.668456	160.864785
2206.068906	160.029331
2209.296944	126.730291
2229.688183	8.709011
2130.243436	65.478062
2210.333555	42.384973
2226.290042	147.197033
2233.819193	147.131093
2061.165084	41.309798
2070.922939	-0.345476
2074.144756	39.514364
2084.791645	134.900426
2087.158604	113.708575
2092.048038	38.410487
2091.935157	65.957652
2090.521418	12.576638
2109.579805	110.806102
2107.455330	77.543982
2116.488110	-8.558775
2140.516625	140.691490
2165.070288	17.129485
2181.481309	43.633798
2201.353702	-17.761575
2211.391101	137.249276
2220.301866	133.762005
2234.114388	117.108806
2240.913939	45.167040
2242.753664	124.033914
2161.780913	128.401219
2176.413116	125.103705
2060.110613	190.193807
2073.691451	279.124550
2077.646858	179.841047
2091.443981	243.830180
2095.451943	251.039441
2105.583674	271.337896
2111.058897	212.795563
2112.760294	329.578649
2111.494920	297.974549
2110.295531	255.931331
2113.619583	230.616599
2119.416701	339.293714
2124.371577	206.662436
2129.177036	221.343097
2136.209850	249.791910
2138.791151	330.423656
2137.340235	183.296853
2151.882037	356.266219
2155.984435	247.584179
2158.108056	238.467530
2166.422034	293.104725
2165.645898	313.408697
2169.357440	337.544324
2175.347658	198.290650
2182.511570	251.623545
2182.764547	268.621709
2184.645287	320.424957
2185.669424	218.479797
2191.795260	297.151955
2192.465552	244.136028
2195.817857	319.268987
2200.600983	325.543101
2205.751582	190.997902
2210.071257	223.773565
2214.406703	182.745253
2220.292277	361.993488
2223.139329	212.653715
2223.604077	310.753305
2225.210909	320.272852
2225.293031	265.327594
2240.126932	209.595471
2240.532391	282.232820
2062.672451	341.587423
2084.000628	319.175422
2094.987175	223.086149
2134.712274	288.165238
2200.436035	354.392836
2212.859298	248.484809
2235.287266	233.611091
2244.237809	233.609707
2065.036831	313.661869
2074.663112	219.191185
2100.195075	288.086589
2107.811398	187.528640
2131.662221	264.085034
2167.200962	189.267206
2198.809972	261.707754
2215.556835	293.733641
2067.624228	293.051867
2140.851179	339.037850
2196.167607	281.042897
2073.568632	261.673019
2072.512109	318.537731
2077.356260	229.405272
2081.559393	287.916827
2088.431075	325.009081
2110.659341	180.863416
2112.523553	345.808704
2127.107677	199.557088
2127.876800	270.114820
2142.507676	221.644122
2154.244989	326.233241
2160.190627	218.541289
2156.049442	279.008662
2172.020938	350.355799
2199.497119	185.293721
2211.580750	270.990667
2178.433522	180.436812
2188.304511	205.347388
2055.305709	548.547085
2057.205277	482.016757
2062.822951	492.489659
2066.832700	475.303078
2068.152290	386.033177
2068.468089	497.458960
2079.443422	394.906897
2082.877608	552.237522
2085.667237	423.825277
2086.173998	493.944344
2100.884547	422.125131
2101.768430	477.044194
2111.480789	502.474180
2116.372854	451.256531
2111.442167	533.668032
2119.842049	495.040639
2129.997409	435.025045
2126.656769	555.471353
2133.173109	411.736683
2130.094115	522.796313
2135.638429	477.940714
2138.626542	504.845276
2145.136323	396.770391
2151.519013	459.743933
2157.702879	497.302730
2158.192570	476.463139
2160.672402	465.583401
2167.480323	402.197225
2176.943282	401.608496
2179.321792	539.083912
2179.187968	451.470669
2180.616305	490.287530
2210.314049	549.605063
2219.205917	383.787778
2224.117601	458.927577
2231.852480	393.523925
2229.645242	429.752829
2238.369047	567.972370
2238.544843	407.554522
2240.320566	502.989177
2058.043871	530.544921
2067.276005	482.615389
2108.603218	378.874415
2117.482635	522.570710
2139.697603	523.405446
2181.780451	511.054940
2213.287595	398.486931
2070.260045	537.776610
2083.946505	527.609018
2089.743537	389.457126
2090.146489	526.119682
2116.124903	408.678517
2142.834567	540.768567
2171.364059	458.475976
2172.010276	472.637644
2172.116493	426.668742
2189.006873	425.069914
2237.474395	469.769338
2066.057681	426.404682
2067.227661	437.904814
2073.844659	553.918464
2075.849975	495.108392
2089.773801	550.841396
2093.826690	397.648934
2093.106641	469.660454
2104.168784	528.802365
2104.275398	410.887872
2127.516083	415.884104
2132.162329	471.416729
2130.804378	492.194798
2140.145106	554.565540
2145.400692	430.766984
2147.602192	377.335912
2150.757960	439.079825
2169.600315	385.082517
2170.152307	396.206563
2168.790940	547.889518
2188.007152	538.635153
2190.561986	514.634485
2211.695109	461.404016
2227.062280	519.764846
2234.428601	526.303664
2155.928967	432.391093
2160.527044	437.795752
2061.239161	589.780829
2068.174982	588.847056
2086.719400	582.905644
2091.117819	688.138923
2097.339055	631.803190
2105.070296	606.722622
2120.164543	578.733811
2121.550252	592.814011
2137.555660	611.906073
2144.437905	616.394610
2153.183720	663.071270
2162.792291	610.516463
2164.776538	622.683961
2167.990530	636.816681
2175.475865	758.173799
2176.648423	737.252423
2180.358437	663.016256
2186.568459	614.416891
2195.876061	737.736899
2196.890343	628.629885
2207.267940	759.026615
2204.904291	687.750672
2204.844595	616.116936
2210.620289	725.970688
2216.466832	726.713704
2222.897666	598.078874
2224.872473	669.943298
2234.830045	596.513437
2239.799921	673.783958
2241.660512	657.894048
2243.809160	637.782907
2069.746616	657.986297
2076.557267	659.587406
2186.609440	685.403672
2241.604193	747.259484
2067.570789	612.204138
2128.481686	656.428408
2216.305863	632.117041
2058.577025	683.823589
2066.719221	704.325246
2063.459156	644.006835
2091.368538	598.441371
2101.767786	592.837694
2122.684494	652.027644
2066.427893	602.237322
2075.538398	583.119078
2089.133736	630.687800
2090.550221	675.931807
2100.557944	726.923503
2135.258127	765.615000
2143.237479	586.486238
2145.146273	636.099551
2149.096497	696.407419
2167.231224	713.366796
2172.647544	669.668798
2214.513451	640.685258
2219.358124	665.393647
2078.248060	689.305158
2070.637464	820.147634
2085.740738	916.022457
2088.178788	949.645433
2091.268794	827.662395
2098.121950	951.437697
2098.919955	833.535145
2113.719567	853.724239
2126.671365	896.502317
2126.500901	856.458527
2132.361211	880.979643
2144.001230	953.693715
2147.414776	888.984926
2152.311981	789.392627
2160.361428	933.609106
2166.625237	876.059749
2167.566507	923.875427
2171.388408	933.134735
2170.598271	800.365074
2171.537850	834.802064
2173.368181	826.106150
2173.786081	903.713174
2177.232890	873.430933
2178.815710	880.509358
2181.697623	927.028903
2192.875012	898.311603
2204.894526	889.496126
2208.280018	825.675261
2211.852871	949.997952
2220.595823	861.421203
2223.610119	924.384606
2227.935845	800.742158
2233.850503	951.992266
2236.863324	819.911327
2245.959406	787.958431
2063.359176	890.018858
2110.880662	893.974478
2119.923264	894.966625
2117.117934	946.137394
2153.670117	896.507073
2121.451420	879.737787
2169.941628	779.910656
2184.545622	903.081771
2188.205471	784.326369
2200.809631	955.603284
2059.656329	838.187378
2062.782516	846.541172
2070.944129	927.385317
2091.045173	899.576092
2127.810872	949.684689
2138.988547	876.322218
2144.392756	897.346018
2146.471765	876.139941
2148.475432	939.919699
2148.202468	780.871588
2157.701480	953.553942
2155.399705	804.324541
2157.311613	824.598969
2189.165322	954.387296
2222.929335	947.972549
2066.541815	988.867709
2066.166660	1049.224761
2076.285321	1016.781493
2077.770914	1091.819680
2086.436899	1011.508567
2092.555399	1146.036411
2104.986849	996.724038
2111.109124	1125.373715
2113.605070	1115.470825
2116.765869	1000.021845
2122.861738	1133.706418
2136.946879	1026.671770
2145.719714	1019.720192
2143.102987	1116.649107
2160.455637	1039.841344
2167.559532	1125.806409
2175.909516	1132.462523
2173.297856	980.802812
2178.731855	1140.295659
2189.623906	1116.247079
2203.892398	1063.928441
2206.773328	1121.802879
2202.749476	1029.527785
2218.176382	1032.194012
2217.407941	1117.485783
2224.959880	1143.830264
2246.908679	1081.771642
2063.331717	1146.874386
2110.872983	1021.483816
2118.061008	1043.763781
2127.587240	1043.673789
2134.182172	1099.123172
2138.640479	1091.088524
2056.702605	1131.712078
2127.295579	1002.038440
2148.362101	1081.810407
2221.575158	994.321556
2232.373793	997.341087
2090.782947	1055.134063
2075.705113	1041.584350
2102.097197	1060.310110
2127.632229	1115.406724
2135.694179	1028.573292
2145.278023	1144.949322
2148.398428	1003.336445
2154.445361	1140.590874
2163.339750	1035.776014
2168.169253	1064.191836
2176.767923	1061.966563
2196.864208	1123.489353
2204.731226	1008.171260
2213.503834	1000.450769
2236.724603	990.472308
2273.981890	1091.191007
2273.074985	982.542840
2293.500303	1134.167222
2296.558511	1011.701495
2300.605042	1132.176108
2308.643788	1101.165457
2307.558843	1111.833588
2314.058309	1066.536252
2316.744499	1075.595835
2317.291300	1110.640600
2319.489839	1066.298744
2330.647458	1009.025377
2338.438265	1097.717607
2345.723610	1097.880245
2347.995854	1056.928166
2349.803051	1117.241744
2354.481726	1081.154155
2357.123916	1120.564805
2370.641242	978.091213
2377.415987	1034.429302
2377.888251	1008.289789
2377.283368	1070.909444
2391.505936	1036.067529
2404.163759	1066.074138
2417.265025	1142.471875
2417.206312	1113.282131
2420.840099	1064.226366
2428.843023	1114.541867
2421.553671	1014.014031
2439.091301	1118.789762
2259.770419	1097.822086
2266.288925	1095.083970
2276.612477	1038.443124
2294.554330	1113.835734
2298.639046	1078.704318
2348.090853	1032.306608
2354.323960	1095.344691
2358.644832	1032.177987
2380.990445	1088.261939
2403.692161	1019.239806
2270.439168	1116.803173
2281.344746	986.096290
2383.854375	1066.853310
2406.003428	982.215404
2416.272270	1149.472402
2417.913380	1013.354667
2438.291567	1141.873236
2439.463810	1068.573641
2441.140598	1045.381057
2259.987620	1042.837342
2335.429921	1061.138691
2402.809980	1127.593735
2433.992695	1098.640044
2267.152907	1043.018147
2269.797824	1013.002483
2302.587145	1035.201994
2322.036960	1010.985126
2325.011357	1126.833523
2341.196290	1028.416415
2346.064336	1074.817252
2358.492347	1039.253422
2361.216742	1002.044006
2370.856852	1125.619907
2383.603770	982.697577
2392.823759	982.740268
2406.530057	1025.308911
2418.371416	1102.831218
2423.313965	1090.198997
2424.765194	1162.219983
2263.856822	925.508537
2263.005429	809.183802
2271.626091	860.229080
2269.844880	960.717574
2275.831152	890.518702
2283.522464	929.545774
2291.254483	778.423770
2297.872836	894.186550
2303.031557	851.357218
2310.703261	863.661259
2315.528094	796.741498
2315.739800	894.216466
2329.572962	890.513646
2326.944039	835.678555
2334.326083	872.542666
2345.280825	897.670215
2345.859771	929.460932
2356.526885	876.241448
2365.767874	791.697663
2367.302920	901.560210
2372.146938	850.547823
2377.873794	836.357262
2383.240125	950.386568
2384.050686	860.749978
2390.356137	903.948438
2390.777001	849.967425
2404.046727	955.911259
2404.974780	901.632754
2406.304084	836.301077
2426.076870	898.961838
2424.063585	911.620204
2422.758618	936.710502
2441.971954	941.057463
2285.584076	962.186036
2286.534681	920.408339
2295.708165	870.892329
2311.194515	924.180701
2375.180252	859.413581
2398.141264	933.848366
2403.110977	795.755615
2407.721735	882.378840
2411.633374	931.039508
2269.939208	790.801735
2274.046215	820.205740
2307.502812	907.979058
2298.618604	840.474296
2343.101826	885.286517
2278.802260	923.574225
2318.776065	955.430928
2349.430343	854.996464
2358.521401	860.735754
2362.630944	962.251166
2371.772781	875.049712
2384.455426	933.807247
2392.284197	927.921079
2415.412985	864.502783
2441.001584	838.420393
2420.400244	831.830069
2255.409658	683.287551
2257.164546	626.134798
2257.781334	738.746330
2258.597249	655.916991
2263.256377	727.027543
2267.576644	645.278891
2271.913705	651.142403
2275.164285	709.939592
2279.275184	596.832242
2290.448837	623.412495
2293.393501	728.363969
2296.768518	661.929752
2302.022183	653.318040
2303.433664	643.069208
2307.594974	596.320776
2310.520248	751.109293
2311.737303	695.881120
2318.781940	716.728197
2316.352318	636.381856
2323.976561	621.228063
2325.093518	721.235989
2343.280207	606.138439
2352.738147	627.305966
2359.487251	601.668132
2361.431455	706.419840
2364.413438	725.068083
2371.158071	654.799652
2389.589396	647.565574
2393.278021	714.240948
2394.926778	667.418698
2396.880612	735.085835
2399.405406	653.769771
2401.620674	605.944941
2408.853783	733.137323
2408.891548	673.313819
2408.819625	659.111827
2422.535757	693.207992
2427.229402	763.708148
2432.111436	597.161322
2441.997247	722.205089
2299.977194	589.265362
2351.223866	593.900402
2422.350304	600.221146
2431.621691	677.759617
2324.082048	585.386397
2390.928805	652.587874
2412.744582	766.405757
2434.811807	621.413472
2433.280503	705.622918
2340.663915	751.314644
2261.936680	607.735631
2265.889258	582.782017
2280.591220	729.323438
2287.042773	732.821532
2295.732185	669.947441
2335.205899	645.161844
2347.746829	675.364378
2345.603576	660.565431
2405.179066	714.712552
2265.333527	527.087375
2268.419396	563.702072
2273.486323	428.392798
2280.968771	453.789269
2282.464824	490.738646
2288.684939	427.770944
2289.919799	443.590851
2293.028160	522.775776
2305.222993	396.585509
2308.833713	478.198016
2309.086694	555.702230
2317.529873	518.606946
2317.997158	422.812305
2323.164687	499.919066
2326.624499	532.836113
2326.951934	554.849465
2341.650778	555.216125
2342.352424	490.407290
2349.350718	448.661760
2353.597513	419.572755
2366.881286	556.406762
2372.481502	427.047481
2391.486924	477.169790
2397.342406	541.471242
2400.879420	443.804932
2401.248262	403.133141
2408.479035	492.669923
2416.036984	496.015708
2422.296499	531.749616
2431.612394	424.203990
2430.751890	448.237893
2432.057291	413.127956
2434.396343	539.354224
2308.136941	540.409468
2433.115894	506.459871
2288.975182	479.098330
2362.742698	534.203591
2364.055349	478.819140
2379.706415	438.277252
2307.163307	462.706891
2344.005073	537.944515
2266.339673	449.852196
2296.827741	410.342674
2306.784723	432.341215
2330.995514	409.785706
2371.517205	414.121170
2377.036446	396.755126
2381.135512	493.209152
2387.916375	520.070893
2387.237581	528.183085
2388.740195	512.505492
2394.232831	454.145751
2400.169545	411.034184
2410.256394	394.441901
2414.471660	510.522003
2418.854449	436.451285
2435.973066	383.389955
2263.259972	274.165938
2265.970568	261.834597
2265.775816	362.546967
2270.271903	211.674435
2283.649743	190.018226
2293.448979	349.303323
2298.050467	295.048032
2300.056462	332.318170
2309.407822	253.686742
2315.276265	350.633903
2317.585008	234.047337
2316.133701	361.645561
2335.650183	289.216923
2333.012665	236.174553
2350.372962	191.279256
2358.793719	272.935454
2361.273335	222.314310
2365.093090	347.020953
2380.935134	349.942662
2385.445156	240.286639
2388.675632	270.990672
2391.079533	191.771466
2397.690925	250.325527
2404.613082	311.520455
2419.602446	233.002269
2419.703853	337.148939
2429.736493	279.807756
2428.403240	313.244730
2436.216544	292.577857
2444.212413	296.751238
2367.351281	257.873329
2270.716786	220.352656
2297.124953	308.073962
2378.186795	263.137951
2407.059488	270.595843
2432.916686	183.278577
2298.297760	276.394376
2315.266626	332.210450
2294.655315	245.955457
2317.355925	187.269881
2356.288902	350.705962
2374.263192	300.342931
2387.208944	232.506527
2412.192428	310.315057
2420.893170	278.140397
2266.583525	100.151006
2267.078989	119.811674
2270.503063	23.563090
2275.696012	114.058864
2280.092892	162.505004
2282.967463	28.608917
2295.483883	89.510257
2299.362948	64.895153
2304.289489	96.696234
2309.875523	91.251317
2315.526923	-13.634109
2321.822292	72.399944
2323.757689	11.043368
2326.619241	133.614066
2325.896692	85.848275
2329.111518	56.295471
2339.590561	52.983830
2346.243847	66.336127
2358.993390	59.797378
2371.719568	15.871472
2369.165317	156.507374
2380.115784	105.976225
2382.942059	56.947129
2398.205289	-15.733950
2400.990826	-8.962777
2405.266120	91.980236
2423.434927	26.734279
2420.933280	6.498244
2425.109703	129.103243
2428.165808	56.546254
2432.718955	-11.561952
2432.926874	103.230894
2261.364108	82.209475
2283.636106	40.554030
2384.330242	116.821634
2441.540928	156.520430
2278.493758	-16.636687
2282.283293	147.477487
2290.913870	5.728954
2304.008894	84.531003
2350.967841	39.838489
2357.854394	-6.599254
2433.878723	147.514726
2278.739091	5.261008
2372.700484	78.999726
2383.204436	90.679910
2254.344802	-1.999553
2261.079524	40.811857
2292.183776	104.208247
2298.608359	139.847420
2307.942504	14.126653
2306.100844	134.396727
2330.536808	1.856240
2364.752985	18.928023
2368.776173	-18.983822
2370.839254	149.244621
2385.188717	124.398219
2398.085090	59.160022
2398.899156	11.679397
2413.659346	97.248823
2432.884036	92.582804
2277.246211	-155.393483
2295.852938	-78.403747
2295.416844	-45.314495
2309.108213	-60.833676
2310.978085	-108.125589
2332.362495	-67.269645
2335.639206	-93.444344
2337.116771	-130.032035
2349.241549	-70.540700
2359.588507	-59.400841
2375.374684	-91.362373
2375.869921	-118.301646
2386.669748	-142.658489
2399.576507	-105.666946
2410.009611	-73.885103
2410.797786	-108.245296
2418.457271	-136.137087
2430.574153	-73.991113
2431.830194	-120.666394
2433.070364	-95.212973
2438.230164	-214.855312
2443.158733	-200.321073
2316.245193	-62.825561
2322.351998	-76.092819
2355.713134	-114.670586
2407.267107	-35.796220
2423.506068	-201.156400
2283.710476	-36.842029
2374.342270	-83.736791
2381.628716	-111.933713
2282.229044	-66.328553
2352.450577	-67.245927
2362.075103	-95.216104
2409.993501	-148.413674
2259.225085	-107.089599
2313.391139	-86.008166
2312.928675	-115.914624
2342.286079	-175.942383
2357.803484	-65.796340
2383.431120	-61.023185
2388.666587	-66.808836
2397.674847	-72.703089
2441.584714	-36.433501
2552.274985	-264.990684
2568.575493	-277.787396
2638.691898	-271.528843
2461.437401	-144.813303
2470.306967	-143.826735
2472.530133	-69.820496
2492.193585	-118.217075
2493.290714	-170.710740
2496.455803	-103.475097
2503.970859	-84.444967
2504.232382	-50.981564
2514.925736	-150.440382
2522.046996	-160.078115
2536.533994	-170.610799
2543.618185	-67.709253
2563.664334	-60.731270
2560.572728	-81.044539
2576.952784	-85.770596
2580.201581	-221.426900
2579.334691	-100.567786
2587.404202	-111.101106
2591.057153	-57.092237
2591.518320	-156.367094
2613.414165	-194.180045
2612.175198	-108.240490
2617.522627	-53.976775
2616.737033	-133.818440
2618.639670	-175.054719
2617.781714	-88.661897
2624.899172	-66.699913
2627.584611	-203.301418
2645.945736	-184.508027
2454.782929	-190.962267
2491.968719	-61.287050
2629.617782	-182.755058
2521.071708	-130.930444
2527.844193	-191.991312
2631.463757	-147.665544
2540.904863	-160.013778
2518.731208	-55.244093
2587.398368	-65.414000
2603.032015	-50.709580
2618.789923	-209.997708
2624.764054	-90.233711
2636.703849	-67.226483
2638.608739	-56.110478
2643.282252	-131.389173
2516.492851	-73.348521
2519.542696	-81.526239
2459.797332	13.871372
2474.767656	73.853955
2470.391737	5.023875
2494.109267	-17.650305
2495.649646	106.252363
2502.879500	112.754683
2511.591779	19.684285
2526.448251	116.045553
2534.888667	15.096271
2540.951370	96.460560
2557.992153	164.729124
2559.112924	0.844852
2567.052786	121.481538
2575.627899	159.432831
2585.213886	91.099022
2590.283857	62.120078
2600.202376	44.673401
2604.673641	24.114871
2613.126773	130.493353
2613.241354	134.114674
2612.762000	72.439163
2617.265634	7.820306
2618.714474	81.438183
2624.523653	98.706394
2635.564026	119.339544
2638.534026	25.963504
2468.014630	37.536521
2483.792109	31.540139
2494.298481	167.076888
2497.024209	94.835129
2497.140773	135.313977
2512.561491	-9.910709
2536.478394	-1.947397
2552.340726	64.303682
2556.830446	38.114483
2599.232807	149.383955
2494.048727	6.037595
2502.440378	33.576257
2508.114009	29.650467
2544.442081	33.694695
2597.472965	-16.186302
2612.921965	139.395404
2517.774468	29.241571
2527.588439	103.237578
2536.171725	88.285548
2548.989585	131.679384
2568.891090	148.168356
2600.600325	4.879273
2614.244139	47.115230
2461.419507	315.526254
2457.474913	355.200100
2462.170319	196.460173
2461.683747	179.588363
2470.335441	295.498006
2477.372841	259.248197
2486.548395	194.039284
2497.747499	267.552537
2501.081371	285.822407
2510.291643	224.761386
2514.939627	194.773874
2525.599434	210.111620
2533.623312	358.022860
2536.528847	289.363947
2536.610287	349.715714
2540.580269	223.841908
2552.586682	297.519155
2578.355875	323.754767
2581.604764	346.844015
2592.360479	267.197869
2611.572938	324.862853
2608.606156	268.939444
2608.175739	296.214966
2611.714250	183.017331
2614.466363	345.691029
2618.330805	232.166346
2629.256489	290.502607
2632.271038	269.051641
2641.965345	268.360035
2513.647829	327.655879
2563.350948	183.103562
2577.969052	332.244607
2493.690870	218.534153
2492.270483	211.745394
2627.567724	260.383008
2522.812148	292.034132
2471.731030	337.572531
2489.171113	247.892970
2521.606674	213.051324
2586.098648	317.780595
2481.028020	557.515671
2485.921430	543.846057
2493.425216	429.434047
2502.995647	458.330547
2515.695296	550.716280
2517.806285	416.234130
2525.395326	383.854198
2535.150873	411.119424
2541.104518	517.462035
2542.804844	450.874781
2558.384352	466.582688
2572.164663	533.343422
2576.531422	525.611942
2585.417970	441.846970
2591.934645	509.521250
2597.458688	558.248787
2599.030268	428.581052
2617.610341	468.162196
2626.959624	388.786984
2627.390760	425.664889
2462.176450	436.025554
2489.020396	438.630285
2501.492242	545.349308
2599.900596	499.258656
2541.151840	534.677673
2589.692003	555.281495
2532.690174	453.834022
2639.210067	407.535182
2457.618484	619.848036
2459.103806	657.083977
2467.124512	624.595930
2466.290068	641.733607
2490.725320	650.769389
2494.553197	623.777450
2495.886711	607.347237
2502.561401	617.049611
2536.592981	602.999664
2552.003784	603.322387
2557.887488	585.375440
2557.944632	639.896899
2561.797433	618.469169
2574.020475	746.065257
2596.806729	738.847510
2606.314223	670.515034
2611.585297	747.428659
2622.503992	593.661647
2623.755760	766.687731
2626.775048	675.346881
2631.779815	747.385894
2636.868219	674.365491
2481.079090	722.717430
2575.263817	716.369434
2581.060869	718.314708
2584.825239	656.534767
2517.543599	638.663756
2549.664043	607.469478
2602.204329	610.596189
2622.132967	705.014850
2621.972685	586.948476
2640.858227	654.716003
2487.544402	633.134308
2520.080554	605.815946
2464.786151	603.883923
2502.442168	592.155897
2572.619585	712.469362
2595.682628	670.434051
2643.183323	697.165612
2585.736050	737.739295
2590.262335	726.038652
2616.497959	687.582531
2618.891714	693.009121
2456.993977	944.714369
2469.213286	924.445503
2470.752214	873.219720
2477.154703	924.723190
2496.075776	906.761909
2495.308618	876.452290
2494.567967	856.488563
2506.683020	956.491194
2509.154106	860.510145
2508.111074	808.137350
2509.525327	953.394130
2514.603591	846.587276
2517.966121	781.092242
2524.452902	931.039084
2517.453272	927.222094
2532.362793	798.838401
2534.533928	915.549205
2540.355724	873.745558
2542.250606	779.434199
2549.378865	782.076865
2541.007807	851.072472
2559.235042	920.830790
2567.980262	851.052401
2572.306832	933.849783
2576.171585	840.104591
2582.769885	894.511837
2589.513053	946.645147
2589.905773	917.390318
2595.466925	886.284582
2602.675373	823.585438
2613.281535	900.443239
2615.566805	942.695353
2628.861349	940.683816
2642.515239	949.226529
2469.658771	851.814771
2506.082235	884.759164
2515.375224	805.594790
2554.540055	796.922985
2558.689785	816.322625
2565.618446	940.169433
2565.053112	825.475252
2600.351673	896.291956
2608.922526	899.284622
2475.177402	940.833746
2526.254622	827.839278
2569.159664	878.004620
2576.276922	948.634010
2586.527918	888.037143
2632.263013	841.382354
2476.671819	906.994887
2494.972897	940.360547
2498.295618	869.030175
2524.965171	951.249553
2549.503839	893.751195
2580.202411	787.742665
2597.368381	919.069405
2602.255418	921.807856
2621.662237	901.885142
2460.001577	919.342146
2461.687397	949.347071
2466.837527	955.224724
2503.533707	867.997442
2544.769425	931.302285
2559.323265	859.845126
2565.453695	814.728805
2568.623032	788.553549
2594.140902	877.604079
2624.228225	870.528844
2621.907548	842.119608
2626.463127	877.880148
2634.641379	785.995163
2644.406616	829.823183
2461.761236	1100.913047
2463.646064	1036.381165
2469.130766	1120.557344
2472.087330	1114.212744
2470.851189	1096.957660
2481.490488	1107.505521
2481.237233	1086.264458
2482.058125	1071.894308
2481.812257	1148.173936
2485.715485	1096.786696
2492.223313	985.051727
2490.924626	1050.685825
2489.750298	1155.003569
2500.329053	1099.303072
2503.304132	981.563660
2501.249842	1167.965297
2504.529388	1034.972680
2506.991525	1127.055930
2507.021134	1106.946699
2512.388161	1076.224830
2523.154141	988.279608
2524.685706	1039.819127
2528.093101	1020.257427
2541.359206	981.480544
2546.573947	1120.821171
2545.848347	1021.111341
2545.540773	1138.792657
2555.766479	980.021266
2555.768692	1060.467072
2557.734294	1120.938793
2565.302999	1159.929277
2564.085864	996.339856
2570.403445	1152.578157
2577.838973	1025.395499
2580.163675	1111.696037
2585.648949	1042.335496
2592.110412	993.554934
2599.381964	1057.816355
2599.796363	1068.325342
2602.820065	991.233145
2605.357138	1080.524393
2608.332837	1027.666679
2615.365162	1108.676510
2618.667426	1062.416804
2623.880495	1026.674747
2624.341953	1110.774859
2631.136102	1027.076439
2634.183102	1057.985157
2645.136497	1025.986108
2462.837749	1133.581171
2497.103030	1042.184388
2533.403528	1076.383775
2536.833055	1120.909340
2537.097315	1044.843278
2545.778399	1047.455448
2547.187512	1103.605767
2558.531059	1104.442521
2564.955982	1078.124323
2591.684636	1123.079388
2594.040953	1139.940651
2636.625910	986.219457
2472.223729	986.069734
2496.848694	1127.986652
2551.141767	1158.850044
2559.882830	1160.352231
2560.474643	1009.580059
2565.207070	1028.047432
2571.695438	1026.992858
2593.776207	1044.670796
2617.181204	1079.924047
2615.173688	1154.922930
2622.734672	1152.995657
2634.235163	1084.951298
2465.865305	1107.359367
2523.483856	1101.571615
2628.292031	1150.905053
2458.307054	1006.949988
2460.318896	1015.773485
2462.979522	1084.486969
2482.463534	992.941981
2523.670409	1122.950535
2526.382725	1007.764264
2534.545313	1138.517010
2544.416661	994.390254
2560.844705	1057.485079
2560.890126	1034.355990
2570.102376	1093.850541
2583.751685	1141.908612
2591.840678	1018.835264
2592.119582	1058.493080
2612.852177	1002.759400
2618.333763	1168.860635
2628.186304	1003.382952
2634.044597	1006.238919
2637.721163	1105.474420
2464.651620	1025.123734
2518.758100	1149.713458
2519.086800	1142.984772
2657.150086	1026.740772
2660.892199	1083.612959
2674.911282	1027.997037
2681.723352	1117.055255
2684.161819	1153.476136
2682.666065	1124.567289
2684.875378	981.660007
2690.517308	1065.501210
2693.573571	1010.105904
2703.380695	985.536602
2704.050588	1050.966507
2706.138321	1029.317078
2709.316656	1126.695824
2716.266922	984.864807
2722.302669	1047.865048
2720.973415	1010.663824
2731.614417	1009.844605
2730.329585	1084.014379
2731.295279	1100.561131
2735.912998	1126.901235
2742.795409	1014.265991
2738.847346	1136.696435
2746.163188	1031.705384
2751.282309	1152.815084
2753.374642	1102.491530
2756.636041	1031.496393
2761.292878	1138.710378
2759.979285	981.436079
2771.335193	1079.142551
2785.161276	1113.647713
2805.000225	1118.927555
2818.275019	1008.647648
2819.492488	1159.494715
2822.294181	1096.872672
2823.860562	1029.142648
2824.695528	1081.593135
2826.134015	1129.472774
2828.079742	1057.822096
2832.206913	1030.987287
2841.134585	1002.574149
2842.974702	1081.279136
2674.794718	1103.552939
2701.451146	1009.274130
2795.752840	1061.015969
2828.398417	1001.893983
2672.820971	1122.264600
2676.619478	1158.428056
2683.831668	999.376189
2693.362882	1149.936680
2713.299822	1100.278634
2732.628152	1077.892264
2731.906033	1065.029812
2789.383132	987.720157
2812.978435	1027.158513
2813.781610	1048.875385
2701.204456	1135.717443
2782.412670	1023.329301
2677.222738	1087.009776
2681.953597	1079.706070
2699.132622	1028.756121
2700.158034	1108.407142
2703.319737	1032.454124
2705.407353	1153.273035
2718.331149	1114.024114
2732.037289	1092.133577
2747.562001	1117.557376
2770.621763	1143.478786
2780.559624	1133.097755
2781.400398	1004.391950
2801.483699	1032.713071
2814.125144	1164.739376
2696.753043	1103.468228
2707.294228	1073.540297
2843.302765	1038.007062
2662.028170	905.078727
2662.656019	941.638338
2669.471997	928.398158
2674.113094	905.220228
2678.053463	927.890788
2679.327434	954.906701
2685.209453	959.298633
2692.401869	856.317917
2693.283349	898.387481
2693.665865	926.242888
2707.714027	910.422771
2705.003155	937.399604
2710.954670	956.918825
2714.316430	939.202845
2715.559732	869.627623
2719.876777	905.801237
2728.917749	789.048164
2728.337511	832.122533
2740.802103	958.092343
2751.314981	781.948817
2757.559378	920.330803
2768.749977	899.223583
2764.114688	939.582092
2775.915764	897.570782
2791.952407	878.033838
2794.428642	951.338809
2793.474453	784.286524
2800.830969	820.285618
2822.013239	830.015407
2821.276931	794.472042
2824.967411	842.614425
2824.525671	935.300260
2843.294452	844.894222
2675.409365	839.962577
2783.507314	929.505291
2816.576461	868.329179
2677.063029	783.048746
2724.725822	818.314901
2820.297785	963.333588
2833.107193	965.126757
2843.712605	948.083787
2668.502907	825.155052
2689.070297	911.263946
2711.643076	948.549774
2718.744424	852.288496
2719.106924	847.344403
2723.785455	887.383437
2739.636743	908.591332
2759.104995	816.220018
2766.554184	878.052949
2769.920911	908.649635
2772.710552	810.493063
2821.367945	805.989246
2797.604653	800.296519
2659.899853	656.389465
2666.064025	723.273688
2670.034651	701.995837
2685.861808	587.428343
2708.367444	607.225312
2712.575361	734.534864
2713.739792	627.702357
2716.834054	742.258891
2734.497547	652.910146
2745.233267	752.864022
2747.618278	652.811568
2759.310202	609.957687
2769.505894	636.135546
2792.744067	578.644213
2802.651214	677.850964
2814.936670	616.349329
2814.760076	636.240139
2815.391154	589.272499
2815.246046	758.549917
2822.405416	689.917785
2825.634573	750.397631
2824.519037	626.231168
2831.607076	637.493044
2834.143212	610.379167
2660.312657	641.850671
2673.557716	728.203849
2696.870763	707.643249
2777.272080	594.250111
2786.946530	743.224746
2786.664244	749.516678
2814.236780	610.136750
2670.993972	691.005567
2688.053638	703.708484
2709.707110	640.837811
2742.359156	723.709634
2793.179598	675.711768
2813.541038	655.611066
2821.894451	724.245619
2734.825108	667.887779
2838.582921	697.782089
2688.592051	654.289589
2693.343212	657.786763
2717.454440	652.688619
2717.785331	678.843724
2716.329602	753.775499
2716.546425	668.453919
2733.117225	626.487066
2737.441760	595.684010
2752.451041	727.835389
2762.517525	635.256953
2815.631975	667.879337
2669.479859	390.909528
2676.937544	547.235547
2689.948435	567.554829
2698.988218	548.609723
2702.900056	481.967236
2708.469104	390.087861
2721.272688	400.509358
2732.152524	464.927955
2735.694876	524.007448
2738.321385	452.975275
2742.269485	407.557535
2745.227693	532.599721
2754.917302	519.497660
2753.283791	476.530233
2756.532504	395.716427
2772.106702	555.072803
2781.467967	561.682731
2808.871193	508.395638
2814.761058	409.175332
2814.561549	544.574859
2828.740213	469.457398
2840.438104	523.871111
2845.747692	384.505371
2770.261126	404.126756
2783.388923	416.530318
2788.339888	489.100842
2798.039593	385.731005
2690.610944	410.837333
2773.858602	447.239868
2810.586540	383.981394
2819.512633	388.751019
2827.340686	477.065556
2730.913140	495.057275
2797.609967	398.079412
2682.891709	502.057819
2753.168500	486.300077
2755.221760	494.834787
2764.261680	509.340705
2840.917747	479.360684
2670.990088	243.562882
2695.796856	259.125642
2699.633254	303.976531
2702.336551	210.664463
2710.159806	197.581911
2727.872897	237.999346
2735.451337	269.446059
2745.069570	205.919037
2748.002337	186.887466
2764.280538	282.588444
2764.981710	347.543994
2768.940007	233.371058
2782.434401	296.708738
2804.952670	203.997135
2806.635113	249.955612
2816.963806	209.033570
2828.761460	223.257898
2836.271082	244.246367
2686.324255	245.415226
2665.142027	226.322230
2728.690490	309.072528
2740.015967	321.888436
2784.332323	356.983315
2839.105458	367.648937
2688.722828	228.413261
2829.642711	207.868120
2674.511986	202.591419
2677.626117	352.460913
2680.257231	300.449649
2695.169757	352.657003
2701.942332	276.281350
2790.312999	328.456577
2825.429385	194.587285
2834.839288	351.534251
2832.537298	194.552170
2671.517803	130.093824
2712.421619	91.658482
2715.723010	47.569633
2717.164456	82.234492
2728.550510	-9.452798
2727.621554	137.021528
2728.748774	26.066308
2731.215013	148.950646
2732.251524	10.944514
2742.361961	126.885336
2746.142294	74.665446
2748.729862	44.226086
2756.160050	12.903220
2778.298940	131.229864
2789.280498	140.321317
2794.874259	54.213170
2797.662491	123.695569
2807.187515	113.965613
2811.413437	62.529428
2817.358253	84.696842
2820.986300	112.955825
2824.130716	133.069497
2833.450000	143.153952
2838.528868	-13.415189
2677.879141	22.854373
2686.087974	2.503834
2714.952577	112.718489
2775.046999	21.037557
2820.751373	-3.593535
2841.923986	7.113854
2739.471219	92.895136
2763.877535	79.381376
2824.592466	-18.902864
2688.826834	85.773362
2717.687371	-20.654922
2786.174868	48.961381
2816.552565	123.220658
2658.190214	-43.408208
2664.660466	-200.066433
2673.999025	-81.852143
2721.636790	-194.233566
2726.392229	-58.276270
2730.604965	-134.946969
2733.093832	-106.143121
2740.520739	-132.583142
2743.031660	-188.607611
2804.546316	-73.646477
2804.434683	-204.339392
2827.741546	-115.800785
2829.493424	-57.172015
2835.583141	-163.697451
2840.507294	-119.046705
2698.228143	-189.003131
2720.760004	-176.279305
2744.745831	-119.844113
2797.935960	-139.233878
2760.018197	-178.755859
2767.048712	-179.139997
2798.987665	-193.211747
2821.950595	-141.894388
2674.543825	-102.130821
2704.390262	-213.184333
2712.489865	-82.873593
2756.854402	-118.775059
2783.190666	-178.957585
2800.144455	-111.609782
2834.048281	-185.014303
2673.028089	-257.067970
2733.551106	-290.398786
2770.069890	-261.557202
2780.405693	-418.618681
2783.088969	-337.000483
2781.910763	-254.117569
2797.065358	-404.651147
2798.010957	-417.584617
2798.940777	-283.309157
2802.917504	-420.691714
2815.587616	-263.069891
2817.911279	-365.787716
2843.876163	-271.065444
2818.425097	-418.725430
2718.031646	-251.074858
2824.596737	-345.058403
2813.444683	-356.228797
2678.787081	-287.257743
2768.469974	-403.648012
2766.223023	-287.558720
2778.093594	-314.636849
2748.794603	-430.162545
2727.479284	-475.911428
2885.003508	-446.764959
2984.282208	-443.137326
2863.017936	-242.312525
2868.518697	-254.405716
2909.884892	-294.856638
2910.535836	-324.963708
2920.059968	-308.508176
2925.471981	-280.791346
2942.536203	-369.443056
2947.107258	-269.698591
2957.709414	-367.821171
2959.370689	-320.995940
2961.221892	-290.731318
2971.948776	-352.717627
2974.584966	-234.989254
3004.448962	-256.183345
3013.809015	-300.136357
3023.733286	-250.915795
2993.498798	-242.077020
2893.808058	-381.418550
2958.450354	-344.810705
2977.700024	-320.482921
2990.674199	-339.342918
3025.516353	-351.237037
2866.863858	-144.776283
2872.199588	-56.963671
2880.158455	-187.808138
2882.286398	-53.228770
2882.507171	-86.010969
2893.332957	-55.080680
2921.722369	-144.465658
2933.348511	-98.528681
2946.527170	-61.141977
2967.439399	-142.969920
2989.197835	-177.774183
2995.488692	-166.418127
3001.045199	-77.452838
3011.822167	-37.134029
3025.253581	-91.468570
3036.078540	-187.251141
3037.686809	-173.720850
3016.219771	-115.626542
2952.112262	-200.657836
3012.054458	-146.905334
3015.651265	-47.723704
3028.518062	-143.990177
2954.713375	-130.364119
3003.997858	-153.874263
2890.968243	-161.166129
2898.005545	-122.399045
2939.187595	-115.184232
2949.025175	-119.111920
2946.317436	-167.308393
3000.722522	-124.425231
2862.146717	149.315236
2866.953383	21.364424
2884.860073	140.941396
2892.991471	53.112645
2900.604580	127.636284
2902.856820	110.086855
2909.416532	-18.729281
2914.886600	37.765388
2925.283552	8.058875
2946.488871	143.154686
2963.965337	152.198087
2967.740845	9.972721
2980.038292	146.032278
3001.123235	124.251291
3004.726839	47.881207
2876.820372	110.447460
2946.284335	16.242622
2963.608451	29.272549
3009.569214	147.099556
2919.160374	2.534519
2978.004318	20.371528
2998.717787	2.561043
3018.966988	1.046295
2880.101536	28.188278
2900.755792	53.499994
2924.369552	-8.960848
2931.376131	12.518028
2952.597117	83.340183
2971.216938	109.408860
2975.654617	-20.027917
2975.456944	8.571800
3034.435024	152.779047
2871.472229	196.438167
2872.827724	236.562376
2874.394625	255.436137
2881.797207	275.426909
2904.965196	340.477149
2903.807419	188.419623
2905.426672	318.880615
2921.073595	248.602442
2924.624233	306.340031
2926.505677	189.633782
2932.191457	276.698500
2934.030930	284.218203
2938.468221	276.979165
2941.307910	301.208253
2967.263457	268.177801
2967.782189	353.451577
2986.319966	276.472842
3026.442361	311.850099
3035.251972	208.104302
3037.272046	273.875444
2894.201509	201.788785
2925.935056	356.368338
2948.436982	282.655181
2951.602561	357.269118
2996.000592	258.036290
2877.761501	356.107376
2879.014892	345.053764
2862.728518	326.949362
2916.289987	250.690052
2941.610602	281.519724
2940.999900	249.913246
2963.207563	327.108799
2982.549712	265.119629
3006.006252	237.730160
3014.330750	278.781410
3032.145083	222.358578
2863.320193	378.401766
2896.273605	456.330727
2917.233710	418.287089
2931.753896	483.482920
2944.339320	476.034617
2955.262613	486.395807
2954.426169	478.324682
2965.893283	517.295819
2978.369734	398.022978
2997.367222	547.926314
3004.158179	510.792951
3009.535491	548.636990
3039.685531	404.522707
2878.892811	472.021980
2949.657398	469.472351
2960.584586	547.015726
2969.788341	547.336511
3028.070560	509.743518
2868.935446	414.447483
2917.295404	554.675315
3024.924230	547.674125
2891.442488	624.274034
2889.806470	717.811110
2901.824156	671.422141
2926.535877	612.679662
2927.407710	633.235567
2952.498419	600.164269
2962.173961	721.344870
2966.859467	702.680081
2970.692974	673.914973
2973.751277	640.596943
2977.732729	612.481144
2980.432434	752.389060
3034.861542	655.514290
2878.164710	713.823204
2952.550153	670.935225
3041.357384	701.249138
2873.654220	707.020472
2928.096398	710.344675
2945.335221	704.869438
2872.339074	915.059029
2882.278313	963.780653
2881.129387	949.016801
2887.130885	864.114506
2888.758296	823.933672
2897.269656	844.749210
2905.693090	909.256787
2911.215446	806.074188
2916.077014	889.390135
2919.273232	925.543245
2926.393044	905.923085
2939.156603	866.013825
2945.814824	903.457184
2950.323673	797.753128
2959.828848	954.833700
2961.239093	877.322596
2962.417806	945.451042
2984.043542	919.057400
2991.610958	857.533718
3022.059871	853.114203
3031.309077	832.956267
3034.856367	942.510789
2905.603336	954.148074
3006.214727	837.818411
2880.517236	798.272196
2889.965001	914.720709
2918.766228	964.388368
2924.613703	963.267949
2930.200741	962.102884
2957.622929	867.225054
3005.564581	858.644650
2982.607845	803.471824
2857.961507	948.305992
2879.560456	885.978232
2910.546108	835.112965
2905.672181	919.919178
2947.832254	832.609377
3032.120779	890.524558
2864.233954	864.064050
2864.647131	1083.773864
2864.686887	1000.180377
2870.078293	1025.452459
2869.508652	1039.332950
2879.422301	989.705273
2878.378065	1122.334220
2887.812799	1023.708993
2888.874462	1046.493656
2894.923854	1098.507107
2907.371826	1045.972227
2909.442665	983.599448
2917.266344	1145.638086
2918.618380	1008.435055
2929.567621	1049.367815
2934.485383	1090.756588
2945.817218	1038.162170
2946.919736	1004.345228
2949.042282	1014.129174
2952.421197	1067.629864
2964.057311	1049.702181
2969.792812	1010.312799
2977.489251	1126.084098
2978.945109	989.386737
2994.474387	1038.485343
2998.654326	1026.668090
3000.492576	1096.643236
3007.922056	1062.625789
3020.083461	1085.717987
3021.213504	1026.559800
3032.347996	1014.628685
2870.244575	1006.486092
2889.010432	1082.968472
2885.015013	1118.955705
2918.213449	1058.674790
2947.158139	1027.193919
3017.232731	1067.645815
3038.017893	1125.415569
2856.100178	1085.881415
2872.620860	1087.727695
2890.564028	986.841556
2897.137931	1118.517260
2932.039121	998.837801
2935.401733	1030.213926
2948.928891	1083.288805
2952.396572	1061.487252
2990.886450	1078.415004
2927.550377	1079.200849
1449.636292	-496.713092
1454.746217	-478.552602
1257.694387	-494.238010
1334.673690	-432.621120
1405.185750	-428.325462
1321.546042	-232.638009
1405.173835	-228.465486
1451.007180	-287.397724
1454.178122	-304.444691
1264.766750	-225.809539
1454.466570	-373.420272
1447.674378	-104.145474
1351.138515	-30.383683
1452.857488	-204.387212
1458.468692	-162.826840
1366.980810	167.371512
1372.083934	171.839522
1393.027777	167.088592
1455.571716	133.537481
1368.194218	376.047276
1412.077201	372.848393
1445.360273	283.194692
1448.722355	247.921301
1450.571725	188.763175
1452.182914	230.336967
1453.490860	280.781283
1404.924384	370.484780
1451.095236	347.819504
1446.895997	393.206922
1453.979952	450.266370
1445.881785	490.746707
1359.518356	770.959568
1446.006612	607.001499
1452.998024	682.114418
1457.395300	631.205189
1391.433372	772.967725
1374.451577	974.559597
1447.877615	811.119450
1456.231659	815.167408
1446.115178	921.288193
1260.749393	851.737748
1447.942387	951.054282
1398.795003	978.644853
1649.454802	1009.292385
1651.091435	1033.207321
1649.239466	911.749112
1640.250464	943.833223
1644.336981	860.424540
1621.607051	569.990495
1651.692317	653.500613
1455.435657	578.624897
1523.332521	369.680711
1587.284712	376.554251
1496.462828	177.610451
1604.278779	169.755286
1651.890325	246.961812
1652.052048	342.823545
1465.368259	178.664368
1462.464912	233.007165
1573.989163	365.751145
1650.063463	300.324492
1641.735317	-7.441347
1645.871412	33.180532
1655.707045	109.117509
1489.663829	166.917178
1654.559856	26.721104
1641.488508	49.045963
1650.503075	-135.301773
1480.699088	-430.442423
1644.922392	-404.265819
1652.752775	-249.132659
1535.709819	-428.545162
1653.664574	-486.604718
1849.640331	-576.183328
1808.409608	-226.964519
1653.038142	-148.110483
1659.493475	-34.116754
1742.497122	-41.851630
1812.973387	-222.925104
1856.460822	-94.942028
1702.657015	172.272879
1735.597390	168.457772
1840.497509	171.322844
1843.282023	1.543133
1711.725544	173.059189
1757.529863	570.062512
1835.291953	568.784614
1842.964933	386.288853
1663.895446	770.855693
1693.036893	773.241741
1709.156463	576.117574
1850.786267	704.321203
1658.317666	685.398611
1717.184401	578.819580
1785.284742	773.802342
1662.822081	848.175427
1855.354387	809.716297
1843.870244	893.583103
1837.727487	965.260517
1841.467778	1138.978853
1847.176046	1001.550046
1840.817815	980.738194
2034.010210	1161.118763
2018.129349	965.744775
2022.147223	771.551501
2043.649448	968.361031
2043.175850	812.947018
2051.911929	956.751088
1921.557117	563.586346
2050.812814	679.975624
1854.601533	741.638367
1996.597944	571.029129
2043.808240	430.010712
1930.282913	566.737716
2013.252655	173.507820
2051.993706	187.559729
2012.236107	365.165683
1870.658069	-28.473429
2048.657082	22.078845
1893.956906	-27.088533
1925.628916	-29.805612
2048.996119	-144.757157
2042.836655	-221.802818
2043.572923	-56.435595
2046.468698	-52.711575
2033.371142	-232.222757
2232.743376	-228.129851
2052.904601	-125.978523
2136.049891	-22.842940
2253.744335	-53.000873
2230.660854	-27.217566
2176.391794	-27.391384
2056.322907	-175.843970
2118.987127	168.368868
2253.501537	-11.257814
2251.966027	99.447639
2155.430232	172.398202
2225.169839	167.566451
2114.426308	170.262647
2241.400697	166.681631
2087.028165	369.039699
2148.990583	365.617285
2181.484001	365.240708
2193.601538	370.765049
2244.629468	358.592059
2249.596416	344.438028
2124.878751	365.710520
2247.388902	216.901756
2105.018172	564.334465
2144.609899	566.157492
2056.405519	573.169251
2163.231606	570.229675
2088.879252	561.703777
2107.768605	575.152487
2140.865389	570.422612
2248.195480	564.580467
2248.664173	486.119213
2243.186816	695.578975
2247.394925	681.840525
2252.945880	594.600897
2251.148205	713.279543
2175.561890	781.954939
2244.680049	815.826876
2243.550186	911.802001
2244.337674	929.506640
2053.890419	1164.543910
2183.409081	978.373765
2251.616085	989.279495
2250.455262	1042.588339
2252.452958	1123.156360
2252.231515	1076.370956
2248.760797	1112.136490
2446.461192	1137.390731
2446.698698	1023.262275
2453.225006	1072.362213
2295.148917	977.250500
2449.785159	978.626224
2452.316090	1000.068122
2449.214715	1042.218445
2340.247548	968.459047
2431.841453	775.470973
2451.624176	941.081037
2447.572661	862.008357
2449.436090	899.967268
2424.667366	778.771661
2436.400448	780.761786
2271.681968	574.681059
2367.096992	572.995659
2402.697233	571.898981
2448.168607	606.386862
2326.154049	569.875493
2449.556838	637.986358
2447.645627	587.315521
2325.224625	374.052527
2258.470647	490.363014
2346.629947	566.538661
2344.914754	380.591763
2450.533526	440.545033
2255.131128	231.394023
2258.314315	328.274299
2441.213882	238.325559
2448.954135	276.375974
2254.268210	138.634355
2283.010519	-26.142468
2450.381728	80.282056
2452.999106	113.238331
2262.328708	60.817931
2258.691478	-26.685462
2339.121391	-25.005582
2457.102643	39.805834
2254.309118	161.320230
2428.604511	-27.857626
2451.503570	131.110152
2442.831997	-107.390536
2453.335249	-97.406684
2632.429326	-230.136780
2643.817341	-90.118258
2655.478708	-75.165373
2655.382362	-200.810897
2597.516423	-33.216484
2456.281719	154.145779
2646.359218	89.559458
2455.088832	91.120953
2469.129115	166.997665
2648.600944	41.199209
2462.662717	375.914756
2626.859768	367.553253
2651.241984	271.149352
2610.464204	375.758005
2655.072356	422.093814
2646.917387	583.555655
2647.006765	639.009418
2481.630197	961.415735
2648.300062	788.348543
2652.798126	933.666763
2649.971388	884.022619
2642.305016	928.243331
2653.027420	869.464919
2456.231046	1130.190587
2558.204659	1168.610057
2649.774902	1083.359732
2650.495389	1112.275274
2647.813039	1027.027896
2457.702663	979.909697
2657.660451	1046.036957
2638.736039	1151.821330
2649.838850	1155.129046
2657.244779	1061.298877
2659.906645	1136.160970
2851.910154	1050.441285
2851.014628	1001.325565
2775.909339	972.040388
2846.783976	1028.539584
2841.787797	923.948890
2718.769201	966.265695
2658.654706	526.251039
2824.338509	564.803956
2850.120524	517.704135
2850.173230	394.575260
2754.825024	173.552335
2812.728097	181.463399
2780.691253	-23.421751
2654.045287	-105.765451
2850.832828	-106.083584
2842.481889	-252.112351
3046.676424	-476.563704
3023.425494	-226.435010
3036.944128	-229.913962
3044.665657	-108.019112
2958.398697	167.283699
3017.308725	367.436305
2979.939664	971.125206
2905.607452	968.314867
2890.285591	975.983377
