958.784177	-572.087334
968.887376	-627.437129
973.305326	-578.247916
976.935610	-682.055288
982.389028	-731.632478
988.386208	-593.351225
992.709902	-643.970182
992.235957	-694.253903
993.643712	-735.972091
1002.426959	-590.555443
1010.260314	-590.990843
1012.810759	-729.771670
1013.637737	-678.144394
1019.457281	-573.135772
1022.457989	-674.078079
1025.087199	-637.531768
1031.900779	-566.167799
1039.043491	-630.441604
1040.343585	-638.269355
1045.758999	-688.971679
1055.061173	-588.048307
1056.929717	-666.967593
1063.190667	-631.043881
1068.049852	-591.190103
1071.740839	-655.249593
1079.665916	-671.960541
1080.380862	-691.783846
1081.825901	-661.632349
1085.976548	-638.361947
1088.191272	-605.108994
1099.983477	-666.613510
1101.059829	-709.515015
1097.043014	-573.043675
1113.496539	-590.490107
1123.675650	-659.990678
1124.858322	-603.185450
1126.169666	-651.189774
1129.833378	-583.816534
1132.287819	-645.569461
1135.378233	-575.681167
1139.725278	-702.719246
1002.767671	-691.020479
1002.244770	-739.312679
1039.460688	-728.395008
1063.160585	-661.541244
1107.538059	-707.321777
1125.081370	-726.216938
1134.204022	-726.355283
1128.335948	-701.662434
1033.547354	-694.238594
1123.143874	-739.362751
1022.389220	-696.431330
1125.759943	-715.683350
1028.222278	-589.089774
957.668134	-506.335097
960.020880	-410.637017
959.819950	-484.346235
962.400170	-432.206094
965.319748	-474.460812
966.228559	-421.907503
970.275026	-443.402922
978.544744	-529.941413
988.759602	-481.525563
991.535733	-373.093961
1001.524456	-394.425598
1006.281815	-533.161108
1005.120726	-443.737357
1005.770409	-421.176075
1007.221432	-411.879164
1009.596834	-515.795306
1017.075616	-360.357641
1024.010136	-372.878160
1024.098035	-428.518905
1023.272066	-466.610936
1031.039200	-401.328720
1058.761766	-446.306190
1061.132946	-531.566343
1062.417736	-388.822792
1063.919530	-544.714356
1077.795524	-366.134524
1076.395046	-488.111054
1084.089221	-543.902067
1081.212116	-394.798527
1093.075867	-381.853946
1103.433972	-429.670267
1106.747572	-410.517594
1106.361009	-463.726989
1107.305227	-452.247657
1109.166173	-387.612953
1113.158308	-515.179487
1114.786967	-546.923248
1130.922435	-504.564813
1134.796539	-490.394826
1134.637227	-529.550949
1135.490287	-430.803777
969.598083	-384.204989
1027.414821	-469.959536
1038.325214	-478.328688
1054.044953	-500.743678
1071.008466	-407.809267
1099.557965	-495.050597
1112.228134	-508.151161
1118.886581	-431.156252
1138.621737	-364.388037
974.877533	-373.727662
1095.030667	-410.011587
1124.101922	-489.037139
966.431306	-489.107180
1039.826590	-421.611422
962.494421	-530.201570
968.120857	-269.210355
969.410091	-259.388637
979.184991	-286.051046
978.550180	-314.474769
982.505275	-230.630590
985.904587	-271.839777
985.447966	-177.918931
989.605765	-321.248588
991.943242	-171.759811
1000.556558	-336.516899
1010.868580	-241.093445
1010.495172	-219.253713
1016.397189	-275.758665
1017.749911	-160.886546
1031.567863	-221.997052
1031.255454	-323.904852
1035.368486	-272.380534
1043.674039	-177.602416
1041.886214	-254.961544
1046.238291	-328.392240
1045.755978	-288.611246
1047.324429	-316.926463
1050.954343	-276.373907
1052.823818	-250.258223
1056.223284	-263.480436
1057.285254	-225.867492
1080.124825	-175.655759
1081.064776	-274.708012
1087.654259	-165.821952
1088.617519	-244.928331
1089.713508	-341.491338
1100.084507	-267.347769
1104.144889	-204.183778
1107.192740	-236.946639
1111.593094	-243.475316
1129.375233	-180.263683
1128.768073	-341.612368
1137.892495	-268.993346
1003.767343	-256.834958
1014.554867	-203.066822
1114.434339	-276.206793
1130.908559	-201.341496
953.969678	-348.023878
979.467222	-225.277350
1006.725411	-317.822979
1033.625818	-182.867772
1062.750687	-256.558997
1135.080604	-255.572060
960.160863	-319.066281
1025.951426	-241.526043
1045.925507	-259.831186
1120.374402	-330.047707
954.705818	-43.632083
957.528970	-136.814007
962.740402	16.992021
963.598354	-9.080666
968.336051	-98.524358
971.424649	-71.376939
973.757846	-25.957686
973.579512	-90.284628
978.236326	-59.180880
991.649864	-34.824068
988.805201	10.037578
1005.142842	-87.136641
1006.931159	-70.042717
1009.309332	-123.376385
1006.624044	-47.254183
1012.522381	-86.505676
1010.600979	11.973747
1023.227872	-39.943710
1023.908211	-6.522998
1031.325711	-130.914524
1035.787506	-88.240564
1034.359887	-118.548719
1035.466386	21.152361
1038.180412	-76.659784
1046.883895	-22.302344
1046.697209	-0.577686
1053.841910	20.264963
1061.932040	-112.988772
1061.311095	-106.386364
1072.844361	-20.672652
1074.542952	-84.953957
1084.634396	-41.283622
1086.647290	-37.295414
1088.603204	-129.148912
1089.153858	-29.775247
1100.802786	3.407051
1096.870067	-81.632247
1102.641829	-35.402306
1105.888979	-66.513623
1130.043977	-50.524436
1141.171591	4.981918
959.242490	29.240614
970.592933	-81.264222
991.802544	-83.054019
1052.448908	-145.210093
1051.320009	-129.277241
1107.335613	-93.305664
995.527166	-20.306207
1061.334791	-116.111018
1073.799516	-39.865296
963.389520	-28.610027
1011.617840	-1.906846
1049.080434	-94.965665
964.236781	228.704859
977.415917	175.110487
979.153401	145.575923
983.932918	96.942678
984.521174	181.268105
984.527617	238.159280
993.954091	69.172269
995.201691	148.484146
1001.763982	147.341339
1002.286779	232.264343
1008.194013	240.636281
1014.585935	167.404384
1021.276491	208.925524
1028.339291	57.664336
1024.442134	82.487911
1031.036367	120.448061
1030.779784	230.085356
1035.436907	175.869394
1042.542096	239.104106
1042.325744	203.808841
1043.445980	158.421695
1046.653789	195.858053
1048.801780	105.898363
1052.442493	84.402089
1050.291836	155.131242
1054.626390	134.428563
1063.245246	148.521341
1066.194635	78.947466
1069.395056	200.169740
1077.298044	171.580649
1078.870724	124.172936
1091.729077	142.232394
1095.615682	199.231723
1108.465309	213.365877
1107.556075	137.463539
1108.842752	161.663852
1117.461317	111.301832
1128.251734	59.031226
1129.157302	181.870428
1132.880002	149.570160
1136.222673	210.506840
1137.502372	201.092219
1139.498712	174.861942
970.422501	154.576308
985.808622	76.437902
998.783480	136.738572
1005.485657	116.276948
1011.472275	207.053513
1016.072948	196.421343
1018.571370	54.533404
1077.700192	194.018798
1096.334993	113.435161
956.153680	283.792936
959.779767	377.882122
962.668222	424.230514
966.303949	296.647352
974.767960	285.935643
979.558075	384.430710
985.457835	297.094517
985.877038	263.430795
989.315828	373.423425
996.749479	280.030016
996.323786	421.957997
1002.732306	269.476130
1004.167596	284.119068
1022.320028	307.911186
1026.394508	395.837336
1030.177186	364.094040
1030.908094	355.307241
1033.370872	427.195634
1034.353204	295.176609
1035.138021	281.856521
1036.194445	340.549491
1041.066072	262.763485
1041.985271	337.476266
1045.780144	375.980727
1049.642832	397.311962
1050.271093	361.964251
1054.624531	308.417874
1049.291717	428.198690
1055.911146	338.468842
1060.340052	318.796515
1066.405017	293.909150
1068.127534	379.856981
1075.814066	365.000943
1078.039627	293.703712
1080.824435	271.385490
1080.063416	417.033077
1084.573023	279.734878
1085.215981	304.463125
1088.897395	406.420334
1099.344479	363.416838
1105.344422	357.180550
1113.907247	286.008154
1114.628414	261.911690
1115.417204	328.774060
1121.910438	357.681070
1123.349979	438.411523
1126.789077	413.000919
1131.924904	268.755128
1134.318140	342.600069
1136.224030	307.370372
1135.229596	329.743404
962.114155	402.807412
969.164496	333.485804
990.541943	350.963650
994.463806	343.535785
1001.072857	409.775656
1015.718399	304.824645
1086.997331	322.230818
1092.380138	261.222979
959.274902	309.082917
1097.087989	343.200529
954.040379	622.005136
958.459863	543.561729
966.353435	590.945338
969.691544	553.397423
971.678212	493.172610
979.855987	575.499096
988.574381	598.973881
986.937467	548.474935
998.920863	516.125155
1007.886794	595.153451
1008.888362	555.915955
1020.413573	550.527524
1027.210166	507.177076
1033.613896	484.901500
1036.210083	576.428669
1047.118943	507.280978
1044.426227	537.944018
1055.140518	469.616191
1064.900800	629.292517
1068.176455	608.386609
1080.054238	592.009907
1091.585637	467.524737
1096.709067	549.825392
1101.129177	518.162210
1103.128041	580.824762
1111.829810	538.445135
1113.154020	469.013691
1110.443678	602.661043
1116.781814	479.414375
1118.297786	582.280700
1134.266614	497.974819
1137.877633	483.856938
955.327201	586.382900
1104.573993	485.086781
1118.519067	588.554850
976.842310	609.104514
1034.809964	592.625962
1001.691628	478.989360
1070.212900	489.434949
1077.360087	487.624802
1114.224000	617.655990
958.284650	714.795329
960.547541	706.546340
966.531185	834.995344
973.866056	804.540265
994.559108	685.059150
1009.265363	831.342922
1008.596663	699.709833
1021.869144	820.802930
1028.775005	820.013266
1031.973248	683.326066
1037.143312	726.432664
1047.210332	659.365349
1048.102909	707.739625
1044.583073	789.457783
1053.920009	816.904035
1055.318614	767.660808
1060.670390	663.693636
1063.160011	828.912781
1061.784001	729.598703
1061.766157	659.282597
1067.993371	740.913270
1070.628197	666.954418
1073.371337	803.228303
1078.851388	749.629298
1082.230373	665.170880
1089.312416	660.280055
1091.093326	784.892802
1099.574736	744.513405
1101.889350	828.020592
1110.289991	816.851043
1109.645583	804.065445
1112.034890	828.315414
1119.911484	784.675211
1117.850713	669.259969
1124.622788	705.635959
1127.664270	669.576063
1139.200023	670.477762
986.588263	740.883025
985.877404	730.766073
1103.316308	714.979208
1104.320369	752.488492
1118.286592	675.527311
982.951845	827.628783
1115.453229	687.067925
1113.920288	681.561674
958.633657	878.811820
955.188670	1009.671318
957.057669	954.044989
957.174377	1023.730984
964.556713	852.537056
967.278066	1009.673135
969.321453	925.605810
974.418630	1025.946075
974.387045	975.836654
979.940190	892.263839
981.599934	912.906505
986.035784	879.885114
990.221712	944.731060
990.522668	908.753873
993.391334	1033.226422
1002.251256	987.540053
1002.777526	962.433291
1005.364114	976.666836
1006.926230	919.678793
1009.419593	910.458773
1015.768854	999.377022
1020.841732	1037.895503
1018.169833	862.545135
1024.374021	897.039746
1026.125913	979.731717
1030.246236	936.383591
1037.087328	992.879476
1037.990833	899.984005
1044.256017	890.402068
1044.712817	854.610441
1043.988275	1026.935216
1051.198559	867.913967
1051.221089	987.843976
1057.200047	863.503833
1055.188973	991.930520
1063.853239	971.893391
1066.525392	952.881818
1068.572479	978.883223
1071.703261	910.485398
1082.404488	982.675227
1079.213089	852.577625
1079.177317	998.175511
1083.980857	874.525459
1086.981886	1024.966282
1092.172889	926.285744
1096.946311	969.461306
1094.433020	866.865827
1105.811950	1035.193493
1115.564173	871.214548
1115.736789	1014.400071
1119.567537	949.759909
1123.281075	932.814212
1123.458099	995.791620
1127.415510	895.599319
955.191225	1040.664001
986.147158	1025.970331
1013.912860	932.931270
1026.674921	916.945404
1088.148357	885.904358
1094.595270	996.095697
1123.905516	856.765760
1144.399066	939.772577
959.740405	917.058204
1035.496423	860.049780
1037.799002	905.374526
1086.033344	957.107294
1093.055401	957.606736
1107.945070	854.625425
996.728237	866.386439
1159.762889	985.434550
1161.854036	908.513645
1160.076084	1000.857482
1165.924623	888.924084
1166.850891	1016.425964
1169.778267	981.945137
1171.109976	1034.573162
1174.481268	859.323930
1180.136813	994.982625
1180.764054	905.215386
1183.088052	932.645857
1186.308184	876.496470
1185.424240	960.829244
1188.663488	969.738386
1202.405838	953.324240
1205.895382	965.437091
1213.472038	872.389858
1212.071960	926.074152
1227.846744	872.381040
1233.507584	1008.941303
1238.945378	922.436771
1244.506451	1018.276611
1246.698701	928.168690
1248.704339	1038.088205
1255.636901	1007.382526
1262.236079	1015.426680
1262.046922	850.988950
1267.628111	887.457704
1275.577023	1034.841254
1284.907377	865.727681
1298.479672	916.045616
1302.365321	922.275150
1302.835815	853.896976
1306.329365	868.325695
1309.546977	893.308253
1313.649631	889.575012
1317.823479	896.444482
1318.069673	928.454838
1324.286803	932.669316
1327.547073	958.511730
1328.488265	896.440510
1330.028922	885.507037
1333.408105	927.861564
1341.631105	947.394030
1341.911581	985.994130
1158.972686	868.594369
1287.464308	1027.525524
1255.494747	888.014252
1291.431757	873.385818
1305.688737	949.103208
1314.380283	972.808180
1158.751768	964.070321
1167.295818	959.098976
1281.351151	875.608639
1311.415310	994.808495
1312.622052	1002.437328
1318.129369	997.511471
1293.514271	881.154257
1318.008038	867.244955
1158.684531	835.219068
1162.534325	729.688105
1166.148334	817.162935
1177.786578	663.591574
1181.762595	707.283867
1194.396648	825.404163
1196.775330	764.027504
1198.313256	693.979911
1201.787198	743.393304
1203.207834	715.298011
1210.751954	685.975980
1212.985891	803.218929
1223.854107	824.466230
1237.943030	682.113085
1237.669619	802.928091
1241.084172	745.135838
1244.171929	790.908142
1251.095528	698.369757
1258.896933	722.419690
1259.402901	745.025686
1262.952819	832.581184
1265.886588	840.457485
1264.588830	690.837646
1265.797497	810.020072
1268.439059	824.036569
1262.273991	764.973118
1272.158004	837.297500
1269.815889	779.042503
1272.772042	698.456761
1281.744759	778.708464
1288.092059	836.271036
1288.585464	709.076302
1296.411002	736.912241
1294.689102	689.935379
1294.046653	829.717632
1299.326792	710.381990
1305.760609	798.105374
1295.554756	762.873680
1304.246893	744.147496
1304.391957	835.791183
1313.462690	722.567496
1326.411186	824.910850
1321.729142	794.657086
1321.112235	680.068030
1325.122162	669.808393
1324.736027	665.268198
1327.526218	699.106223
1327.748061	838.778694
1331.172934	745.727564
1336.993909	759.133396
1255.859980	788.736801
1190.197177	800.726222
1303.453432	671.479617
1330.194410	714.067771
1332.089535	829.716476
1315.371427	787.115531
1252.580738	809.290651
1318.442201	734.779935
1318.326577	818.258984
1157.806767	508.525503
1157.572251	570.627512
1162.750209	548.203598
1166.613197	571.623292
1170.031332	541.833409
1185.411965	608.685867
1188.879823	563.749693
1190.458427	578.000851
1200.191440	566.994390
1200.685653	588.634896
1209.603798	491.231295
1217.930494	479.993085
1230.208316	577.612391
1234.957183	545.114666
1232.522691	517.380572
1236.899988	505.768027
1247.799345	524.275482
1248.275707	621.162046
1270.454412	495.155360
1275.523227	476.328755
1280.525115	540.466255
1280.157552	584.687663
1286.116478	628.695956
1288.202411	568.146969
1290.271578	636.152126
1301.356480	596.412184
1299.981171	498.092301
1314.672299	467.100543
1322.044687	571.560538
1323.203942	540.310129
1338.623976	492.167275
1335.674771	465.010940
1340.929418	588.119578
1202.488107	536.162160
1229.854601	468.752455
1250.587454	494.502026
1253.112348	600.095177
1255.239324	463.691821
1329.184665	604.011603
1186.355433	486.398298
1297.241201	568.773530
1314.353722	499.678349
1318.152819	494.577061
1288.013171	543.823670
1172.964521	580.393174
1157.000078	333.202586
1174.269689	276.570222
1173.957837	340.838207
1180.350841	300.672182
1182.870704	256.452058
1194.832794	265.689413
1199.063644	290.972823
1198.971501	412.282882
1203.021269	348.740130
1200.346060	390.876350
1204.635924	400.005320
1205.150145	364.898080
1210.080094	345.247682
1210.285559	259.387373
1221.984477	263.959140
1229.092992	363.773161
1234.149339	408.862048
1241.421001	287.589822
1239.142820	337.349935
1243.901236	321.409307
1247.828639	395.856657
1254.349059	258.893104
1259.659787	420.108314
1258.382093	357.723252
1259.321747	297.870539
1263.462144	325.940699
1262.125564	370.100286
1273.136965	286.657391
1273.428298	336.318229
1274.510919	358.287741
1285.970509	380.921337
1284.070625	309.537048
1289.542709	409.201535
1288.850752	301.107806
1293.132870	369.988816
1309.803962	421.579043
1310.987778	309.083257
1314.434703	281.728291
1313.850638	266.091721
1317.284502	439.007876
1319.273534	314.151513
1317.346514	356.528715
1325.657946	298.322130
1323.685882	406.018519
1329.300509	336.272375
1327.381894	287.170503
1330.860123	382.780138
1332.981257	421.992115
1335.281165	292.126542
1336.302076	364.553460
1170.983397	374.882905
1179.537634	280.989231
1192.164415	360.136748
1231.029355	426.630885
1293.969854	390.241809
1322.645189	360.950694
1163.835193	293.670602
1247.156400	343.375530
1160.360536	155.101636
1166.968611	184.447638
1171.723011	67.139937
1174.234221	211.296331
1183.184482	193.583309
1196.199586	61.763388
1194.967664	182.437996
1195.261498	232.981743
1199.774010	127.479794
1206.371088	141.472175
1209.203087	200.996473
1219.833766	61.433884
1223.221451	81.883585
1225.400091	231.245635
1234.258479	141.764482
1249.128298	84.558453
1251.873505	230.285613
1248.684975	113.236952
1252.105239	155.886559
1258.921005	148.213633
1270.097646	80.682928
1270.387204	166.477897
1279.310020	219.742342
1280.621840	141.438922
1291.874612	235.813326
1294.557724	166.106992
1300.049947	120.731562
1303.129058	154.645048
1303.444513	148.637423
1309.614251	219.433461
1318.864854	238.882130
1320.555858	157.586087
1321.520490	185.256601
1324.623855	124.094163
1159.232202	223.928161
1173.000767	126.248597
1176.319091	121.319210
1178.162886	129.375560
1194.256236	151.704069
1198.153389	115.997505
1206.898189	213.159213
1213.803905	187.516501
1229.198072	159.381515
1245.828181	168.877473
1255.099789	52.685360
1253.242035	205.201906
1258.047667	107.797086
1264.632932	204.231959
1261.375532	55.495048
1261.765496	142.187815
1164.695543	114.317195
1216.889610	161.814015
1238.336424	234.056651
1275.820894	111.179631
1339.188251	89.415177
1246.216564	72.657792
1288.683930	149.356483
1224.766542	191.939515
1151.335481	21.676056
1172.026232	37.184901
1176.182545	-14.564789
1186.482245	-124.856008
1211.969552	8.779949
1212.736679	-6.532145
1217.817106	-30.785708
1220.016771	-128.224488
1223.307077	-8.658378
1227.955887	-57.298923
1237.073775	-142.327765
1231.431535	34.261336
1246.716751	-108.207385
1255.330378	-6.700999
1258.598459	-47.477262
1258.705095	-113.645200
1265.989246	-91.037808
1270.809572	-133.785635
1269.372553	4.023919
1272.939508	-69.921953
1277.858966	-95.685602
1278.451928	-18.358535
1280.372235	-120.022268
1296.477523	-93.538678
1301.279698	24.019451
1299.219537	-45.424898
1308.367474	-10.472311
1306.078787	-134.775102
1320.536593	-54.328026
1320.324335	-84.398486
1323.337913	-127.928000
1333.553594	3.726507
1163.249305	17.365057
1222.168387	-80.559574
1250.846199	37.194992
1259.199459	29.577695
1297.959155	-34.885271
1311.603748	-89.915364
1309.223712	-66.308686
1158.919670	-93.862782
1218.032363	-111.823889
1237.352855	-36.281982
1154.711641	-306.113236
1154.504929	-295.882139
1162.310746	-232.972339
1172.567474	-293.344615
1191.027952	-314.983410
1199.019677	-289.526543
1198.213923	-159.904404
1200.037136	-197.781925
1205.256108	-162.461705
1211.120648	-310.408833
1210.791781	-232.244666
1231.747373	-326.282206
1231.622676	-181.438655
1239.172508	-296.777757
1247.531634	-269.088170
1249.279347	-327.152560
1260.710800	-315.118954
1262.576795	-236.840738
1261.327697	-327.139175
1267.052115	-283.807746
1281.488277	-213.878220
1281.036352	-245.355411
1278.894378	-160.461805
1291.774982	-257.655023
1293.410275	-287.090397
1294.069935	-311.111864
1302.016348	-183.232549
1315.447964	-270.788691
1317.447829	-338.025689
1322.795079	-249.183875
1324.758884	-282.881981
1331.747940	-287.800855
1165.439546	-321.137541
1206.093357	-251.371434
1234.496826	-232.119966
1245.288657	-250.935326
1252.034127	-313.941804
1203.564731	-292.084318
1226.216170	-336.372398
1231.901809	-336.229818
1303.096160	-232.625511
1310.796115	-233.062282
1340.467795	-285.130590
1223.900506	-253.842094
1230.136936	-253.274166
1261.403177	-197.922847
1159.519321	-394.605341
1163.276817	-432.066637
1159.914205	-445.447542
1167.150328	-481.701235
1178.317370	-419.567114
1197.567957	-427.511122
1197.454366	-399.069056
1215.269828	-506.912519
1216.092606	-474.643252
1223.776794	-416.298477
1223.368852	-541.806634
1224.581807	-364.718835
1229.614489	-504.765054
1236.724462	-537.399798
1240.543128	-532.339751
1244.758038	-468.854887
1243.013626	-395.321622
1245.322142	-447.232336
1255.314889	-428.430365
1261.700721	-446.264490
1262.511087	-522.603357
1276.126772	-475.506670
1276.444450	-449.986040
1277.073497	-500.333795
1278.557355	-393.990813
1277.792178	-417.424495
1282.019346	-517.106158
1297.359849	-493.731547
1298.043245	-437.056020
1307.961401	-479.542557
1309.620372	-515.222281
1317.912400	-370.761542
1321.486320	-456.525840
1327.095618	-531.118171
1340.259755	-360.097228
1342.471521	-539.690952
1182.804108	-474.904024
1211.034238	-429.730942
1226.571189	-443.867681
1274.451446	-462.212383
1328.051878	-525.451426
1333.074523	-464.138423
1200.792117	-463.426681
1253.088004	-400.255053
1289.992211	-449.540375
1326.935910	-505.804996
1205.428464	-531.390748
1151.014791	-605.209676
1161.909890	-574.643234
1171.269932	-682.058588
1171.052488	-649.214880
1173.467302	-604.116696
1177.176636	-690.333097
1180.399709	-666.989653
1182.199250	-569.956994
1185.885512	-638.228990
1187.001264	-591.568029
1185.050138	-658.488710
1195.720719	-655.908870
1199.814360	-647.450352
1221.198925	-668.575275
1223.505580	-626.464780
1226.366514	-588.514195
1239.123900	-649.731104
1248.576055	-688.349955
1256.840730	-624.456145
1262.360434	-633.277936
1267.257613	-674.124986
1274.484849	-666.899812
1291.949004	-634.869085
1295.539053	-606.305036
1327.072281	-598.507807
1156.216655	-587.976019
1264.697534	-613.005479
1197.112601	-562.971661
1196.654295	-642.091169
1404.758504	-619.449637
1413.890097	-562.168159
1428.265961	-575.891161
1474.397876	-589.336517
1480.833757	-575.002345
1499.448567	-584.846412
1506.865502	-601.464353
1519.742826	-579.791460
1530.039041	-612.071250
1408.278072	-596.882419
1361.058827	-452.097640
1368.051656	-525.493771
1365.192686	-414.398940
1374.244205	-455.600533
1373.070074	-362.579849
1383.460991	-419.881784
1379.886000	-412.615931
1387.952679	-431.086318
1389.823111	-483.567248
1396.515587	-529.042287
1399.368867	-490.152599
1414.936309	-535.127424
1415.300890	-475.154945
1427.740306	-394.602198
1427.222439	-487.815745
1429.819259	-529.503647
1432.825165	-454.907093
1438.582258	-438.054052
1436.261957	-362.634577
1448.005313	-514.037391
1462.023383	-432.125752
1466.089792	-369.834974
1475.498576	-469.718544
1481.449922	-454.470450
1483.796261	-369.381313
1517.607246	-508.525984
1523.193622	-445.727139
1524.446303	-477.961355
1530.699792	-391.587371
1378.140043	-510.724015
1377.912779	-517.472265
1405.370668	-419.435700
1459.482476	-453.364855
1464.864417	-385.581856
1515.133718	-451.741957
1524.663078	-427.211406
1472.111849	-416.167415
1483.147143	-481.039887
1373.627959	-206.322147
1381.669137	-329.299961
1388.644793	-176.520420
1396.050850	-302.782234
1395.709175	-230.007592
1403.188627	-217.722448
1410.422973	-197.539607
1416.716905	-267.056571
1419.252752	-276.817646
1421.507465	-262.233042
1424.491749	-235.981474
1423.715059	-302.160695
1428.001380	-191.501888
1433.324893	-162.674220
1434.560049	-217.359447
1444.254831	-219.287655
1451.848920	-228.212073
1452.035845	-267.856700
1458.059193	-212.068133
1458.456524	-182.825240
1467.971482	-250.850456
1471.823349	-336.512952
1477.150591	-190.271028
1482.082700	-331.546915
1489.168185	-268.500892
1482.869538	-177.892128
1488.321132	-306.485656
1491.395646	-161.324447
1500.609700	-209.804834
1502.206780	-184.427806
1505.347788	-279.387160
1504.259174	-343.634230
1511.570261	-318.814364
1513.502029	-261.370939
1513.689186	-231.113109
1520.420770	-170.020144
1529.414585	-309.979574
1528.708630	-234.222579
1533.799886	-257.978427
1532.199632	-337.239918
1533.552739	-291.145791
1535.593038	-204.004296
1535.572558	-299.411892
1430.101298	-241.084990
1451.609242	-311.697720
1477.745218	-268.959365
1509.557904	-207.796880
1530.023740	-188.479031
1540.403439	-166.663593
1374.757294	-278.022518
1397.880002	-282.121992
1532.766022	-168.905641
1391.421755	-182.800615
1360.062631	-39.379411
1367.323857	7.958393
1378.330701	-11.513972
1382.028771	-137.377816
1384.609202	-87.194917
1390.021605	-17.937207
1392.516935	30.229038
1405.516461	30.628813
1411.819974	-142.761063
1414.520284	-53.020102
1415.170357	3.672304
1420.418576	-131.274904
1424.592247	-147.618921
1430.190470	-20.020985
1432.711342	-62.214930
1432.643087	15.855332
1436.865608	-118.820959
1448.918075	-130.522568
1452.507000	-83.393366
1453.739161	-93.881435
1464.500934	-146.893795
1461.225477	-21.365587
1466.349564	29.712947
1469.155079	-40.996858
1467.693785	-16.189688
1475.555907	-21.803164
1478.172371	-27.468586
1481.880320	15.563824
1487.525465	-80.886812
1490.543959	-54.696363
1494.286490	38.112369
1496.512138	-130.993695
1503.996336	4.708359
1511.242287	17.244235
1516.655419	-86.308521
1517.596746	-27.391445
1522.792329	-64.559142
1526.588002	-47.103507
1531.957113	-30.779522
1535.036507	-110.881616
1403.933225	-105.117710
1419.916711	-90.105256
1522.614612	-95.346638
1398.494103	-117.568914
1531.082662	-132.760886
1363.081337	197.089871
1362.946253	66.407030
1367.291326	236.594717
1368.932671	140.883747
1383.611719	226.948625
1395.921520	86.447382
1399.679880	121.348355
1404.329225	156.922181
1403.628216	165.311804
1408.607142	232.238418
1412.926388	181.936084
1417.050702	75.045630
1416.013755	136.516829
1418.912360	113.290399
1429.262723	154.292320
1431.690884	88.665297
1431.847486	210.012778
1435.897745	99.647375
1446.243585	230.686637
1449.319671	112.336251
1461.296690	139.185940
1464.733755	101.718278
1467.956429	227.499739
1470.634863	136.884900
1469.365112	103.670468
1475.541158	155.584662
1478.517621	181.331208
1493.355528	77.955240
1493.855511	220.758644
1493.392537	180.068374
1499.925053	201.855773
1501.863404	101.011330
1508.262310	174.723774
1513.785526	155.719535
1514.434494	229.030660
1516.772224	80.433553
1517.558561	148.096434
1521.783844	51.850010
1531.470679	218.188305
1529.645332	178.653622
1531.796735	99.930319
1541.098473	128.085687
1373.845345	218.235640
1372.958263	104.191649
1410.775150	216.427082
1465.829132	216.883112
1482.260573	174.364203
1490.699682	200.022453
1518.187721	121.742603
1536.398648	151.797609
1430.506048	124.823596
1430.485890	200.169953
1460.273169	165.518033
1526.741927	75.489637
1362.612515	128.347008
1368.376831	133.454610
1503.708145	227.867486
1355.094584	254.013336
1360.037812	311.516411
1362.104622	422.340830
1360.235279	332.707843
1366.745825	359.251064
1376.618733	321.309927
1381.342660	437.711311
1385.238591	409.918950
1388.337369	308.940062
1387.492540	376.447113
1399.206609	393.344168
1399.248458	257.364562
1400.865213	284.927221
1410.685112	287.703697
1408.851536	440.276176
1406.493031	394.536350
1412.444817	315.866165
1415.515321	421.106722
1424.602754	395.104614
1423.603941	369.267188
1428.854143	334.675616
1431.327317	306.401255
1430.485708	351.818332
1436.909600	309.768971
1440.936172	333.499488
1456.227133	359.049074
1454.510516	315.212792
1460.336287	269.074645
1465.121879	301.023061
1469.443962	325.324778
1477.675855	292.353581
1489.250027	325.591851
1490.348982	364.474416
1494.879247	303.898637
1498.045758	424.033160
1495.198214	311.606778
1498.256252	271.481614
1504.585291	339.088552
1517.264396	315.079471
1517.407193	344.513844
1519.968062	297.443461
1516.405719	321.870154
1533.121324	257.433773
1535.579156	370.322789
1538.660804	428.806847
1538.977199	273.458462
1540.659824	260.734597
1539.555561	391.786516
1362.037260	353.943752
1359.826727	347.153894
1386.902704	327.960345
1463.888181	429.989383
1475.211834	385.159572
1506.696327	282.196110
1515.823095	269.631808
1518.870499	365.038489
1400.805382	343.295060
1357.404224	638.503734
1363.781631	471.823128
1360.203015	494.036479
1374.214501	565.997321
1378.317861	457.203408
1380.535090	522.647405
1383.538471	487.966028
1393.458356	608.451208
1399.412346	483.447541
1400.874437	514.040475
1410.241294	515.989654
1417.200678	635.138566
1426.354709	470.291619
1425.522103	606.600526
1429.925406	576.065048
1432.047991	464.808019
1444.155467	592.695501
1446.397452	633.055423
1454.785804	494.493263
1457.244130	502.794334
1459.202178	596.384950
1465.232606	605.417751
1466.702098	583.033400
1475.707248	521.286003
1478.110585	497.094139
1478.923729	587.963798
1487.575559	514.012857
1491.175785	609.942213
1492.935041	457.577783
1496.027490	615.785880
1511.328144	579.213955
1513.422613	551.765151
1514.130905	626.593806
1519.894753	513.569216
1532.176749	565.503666
1533.999305	455.160958
1369.803623	534.342400
1508.791148	613.863796
1369.058576	588.762398
1415.973943	527.556446
1353.309524	697.639170
1365.457590	699.150324
1364.752271	684.344868
1368.459018	828.708468
1376.326898	714.711150
1374.159621	773.601629
1380.215161	764.703467
1377.922058	666.350651
1374.578780	802.601904
1381.862098	691.185643
1383.680550	768.151931
1385.611050	752.920376
1388.663514	804.228442
1396.671203	748.299644
1400.096635	664.773737
1400.006143	732.392731
1409.662594	697.547193
1411.646889	742.702836
1417.269878	684.684974
1416.015005	792.815717
1413.760936	767.585843
1420.878700	723.068343
1430.875585	731.937933
1437.572887	678.049043
1436.275720	748.567779
1442.577513	673.368784
1443.195187	747.045215
1443.019245	761.865803
1448.908080	782.985744
1451.813496	822.430589
1451.885305	733.149463
1459.461605	765.979718
1466.547802	676.046453
1480.250912	700.184789
1482.260018	743.521988
1488.324642	698.122573
1493.433840	829.655341
1498.739602	746.043347
1498.194630	706.593301
1498.091891	665.444855
1501.047007	793.406841
1506.190549	771.228112
1512.119350	701.088702
1518.448924	656.511332
1522.477525	734.997710
1531.902188	753.657362
1532.919383	803.559585
1533.685718	777.532608
1540.248873	732.959459
1540.820528	671.716237
1353.526821	716.595770
1382.487669	841.851904
1394.759442	711.733531
1403.655718	789.398824
1422.851700	690.069706
1367.356089	772.984401
1426.025435	775.449230
1430.891969	767.948874
1450.970909	828.764218
1495.952767	768.735641
1363.248981	740.512206
1373.653055	685.700146
1357.225048	988.132415
1357.093811	931.324156
1360.129085	1013.621254
1375.328346	920.328037
1382.926239	1014.065048
1389.825957	871.972857
1395.043284	997.140368
1399.972989	862.749652
1402.964510	924.975567
1409.046834	965.082619
1408.800328	876.376318
1414.312172	967.903943
1421.511105	1013.458928
1425.327459	1037.551144
1435.093187	905.898696
1439.253476	916.237789
1440.490378	980.072042
1447.672275	858.897522
1457.484667	971.977554
1460.212970	1016.180469
1466.920083	877.050207
1471.988795	925.012665
1479.200143	902.116983
1480.195243	923.305468
1487.331431	864.524070
1500.136185	990.566771
1514.587243	926.374074
1515.457927	874.968948
1520.200713	965.606689
1522.740837	917.012578
1524.152198	901.168106
1524.707256	999.423259
1532.634422	978.386120
1539.315358	959.313353
1368.194607	900.411186
1366.349853	912.851533
1393.807066	923.708229
1405.452112	985.157733
1411.208818	1000.664884
1419.913090	883.330435
1455.956549	901.524277
1376.395725	1037.648116
1389.040334	903.449324
1418.074708	859.360551
1536.683269	1012.026888
1557.196290	993.513504
1559.453856	946.901255
1561.340327	998.267884
1562.577086	1006.672763
1578.434508	871.412601
1589.803481	1021.073955
1590.216841	907.531380
1588.242727	891.027835
1600.834642	902.933510
1608.560986	1021.302188
1618.897978	862.252524
1627.773911	937.422766
1632.929685	860.931091
1642.657988	990.435567
1647.410861	1023.509134
1659.962323	863.873751
1660.594022	1022.651162
1679.911095	861.939464
1683.322780	965.723243
1687.012308	995.918190
1696.452808	864.966157
1699.068164	906.779431
1703.635771	971.401404
1706.753093	990.740202
1718.609513	904.517889
1720.884854	958.210058
1719.521972	868.400090
1724.076961	1032.855353
1726.459501	939.545357
1732.024792	862.932266
1569.090752	859.731377
1586.313348	966.419739
1603.328778	862.451370
1606.232562	1012.302043
1635.309836	952.933920
1717.623828	911.402014
1720.365767	886.534831
1734.366505	869.688333
1590.521830	863.964780
1739.157390	878.238438
1564.424632	714.221991
1566.477580	703.021125
1564.941745	815.436748
1573.184499	775.136339
1571.626645	744.108900
1574.739912	712.585192
1578.860653	707.079525
1578.369126	688.521260
1585.283530	680.152183
1581.561777	799.418569
1589.820087	816.835401
1589.678056	823.403584
1599.271008	766.199671
1606.359390	686.824353
1610.966583	840.969401
1611.377270	805.970727
1616.104282	835.493909
1615.879144	798.416636
1621.784398	746.355423
1622.141763	666.214993
1626.453419	708.495554
1627.882077	779.500461
1628.552886	756.365828
1634.710195	798.045030
1635.724158	824.356712
1648.245256	741.609892
1652.831507	684.339946
1654.665661	719.148872
1660.367424	796.941740
1661.596517	702.182211
1668.687065	784.369212
1674.080853	674.199151
1674.783684	774.219652
1681.481336	828.509192
1690.094927	815.708810
1692.191310	756.355227
1694.345607	680.380266
1707.936635	727.589811
1711.496279	803.515777
1712.408757	693.075803
1715.604861	794.710477
1717.858964	772.865273
1720.029454	802.561237
1723.754602	753.092596
1728.507179	783.084034
1727.890336	820.109777
1728.307890	727.493667
1730.226205	777.982675
1576.956885	817.862398
1592.530472	709.052212
1592.367926	729.092076
1626.096011	736.608132
1633.440156	687.976067
1642.752645	805.608185
1684.623307	770.820870
1720.665514	812.139829
1590.731351	783.737344
1599.557968	757.960657
1634.862735	709.261227
1553.289446	619.931505
1558.223984	521.945565
1559.498867	579.803681
1560.160143	507.404212
1563.868504	617.219126
1566.134270	623.935642
1583.618600	521.802526
1590.954096	587.876541
1591.271029	559.521967
1596.711079	454.278963
1595.082023	568.061148
1601.592395	518.873665
1601.358649	592.654822
1609.580876	564.422940
1610.956032	616.829715
1612.840565	573.856125
1617.099961	594.691293
1619.821741	554.937764
1620.312327	533.979521
1630.599581	474.959472
1632.016901	621.857090
1647.217131	509.541486
1644.361615	532.892341
1657.819579	532.213746
1655.749910	488.709066
1668.174819	586.554576
1671.770188	598.895862
1669.655781	562.758632
1680.898772	491.430205
1683.510606	617.376296
1685.159427	563.928407
1690.045831	608.988637
1691.927726	479.252080
1697.473408	542.018138
1699.583186	522.733634
1700.572579	565.109043
1704.832661	583.319770
1706.718571	565.328210
1718.505660	568.814176
1717.914720	470.774597
1731.995038	571.524579
1734.944790	486.925802
1735.217442	630.912229
1559.485539	596.976312
1575.194484	507.756942
1587.018802	622.076613
1632.759626	558.370064
1652.220603	597.660911
1674.006024	499.846002
1722.426806	518.867836
1729.993658	522.116942
1736.280967	474.091626
1739.935907	572.740470
1584.432857	636.979524
1705.486234	589.642609
1588.532342	548.042890
1643.955077	557.716582
1560.064987	321.573059
1558.104355	254.321148
1560.503437	310.654473
1561.043591	399.782458
1565.491168	298.910043
1571.907509	389.415822
1576.961709	255.013712
1578.814262	294.791373
1582.883395	289.304926
1585.069817	373.391878
1583.826741	417.671184
1595.539044	433.417452
1603.561975	300.839509
1608.844644	265.351138
1611.359684	320.574106
1617.680374	417.652493
1622.854000	259.602252
1625.277082	270.485921
1628.975241	415.115704
1630.212207	336.203174
1640.140582	298.141878
1647.301208	429.995963
1648.381817	382.114649
1648.128893	258.319631
1660.738498	327.438264
1666.417290	309.308090
1669.045133	291.528823
1670.179917	410.760607
1678.436359	395.298521
1682.824283	316.526006
1682.272764	263.564041
1683.185818	380.497401
1687.496766	273.860907
1687.004736	410.770661
1697.393117	325.130237
1702.750469	338.743117
1709.252995	380.653836
1708.778034	312.319501
1712.761731	411.945931
1716.893143	265.385776
1724.236307	380.701232
1728.617508	271.554788
1736.311035	383.052206
1739.896837	279.640206
1634.555327	294.252464
1703.493381	390.208582
1720.555349	291.050734
1728.802870	323.526714
1600.440561	324.536484
1648.782112	316.861586
1688.539895	340.794239
1708.708977	296.136249
1732.819734	291.458938
1551.929420	66.530929
1556.214968	132.777581
1562.125972	172.464896
1567.494401	69.315234
1579.023188	189.507246
1579.816267	229.900216
1584.497012	166.593714
1589.382188	77.893665
1598.678162	168.294379
1601.139776	214.902083
1601.872253	186.500153
1622.393853	91.153117
1623.693784	198.087498
1621.894674	152.655021
1629.317308	170.982117
1633.254329	82.562822
1631.607262	112.727894
1641.699862	156.653007
1652.475233	97.953897
1655.625928	89.056114
1652.015661	219.202121
1661.086986	64.580298
1663.495239	131.936358
1666.161166	173.244638
1671.179588	191.254469
1673.456335	223.237949
1678.036464	137.903300
1678.085912	150.388290
1682.435784	82.487124
1687.533439	217.672110
1686.260653	73.426282
1687.339664	135.026023
1687.794217	170.839140
1688.499401	152.607627
1690.555693	93.907201
1694.320938	214.091477
1697.593615	228.356809
1700.224698	71.261887
1703.203994	94.421054
1707.069792	158.104343
1703.914457	220.141910
1709.242552	134.620765
1717.270758	113.708096
1720.647174	190.784458
1725.519182	222.468634
1735.792612	64.796854
1736.529805	159.263992
1575.926114	131.057210
1590.711029	184.017070
1600.381053	119.929893
1615.898573	105.630036
1618.436838	181.403027
1686.116541	188.445466
1685.973891	65.795689
1629.045044	59.102897
1655.334978	125.434038
1558.587036	24.127195
1567.644693	5.352378
1569.426932	-0.373481
1571.445131	-140.004346
1581.218522	-50.367949
1583.772958	-5.084357
1582.626968	18.217907
1584.254816	-82.965287
1591.653672	-82.002896
1590.809192	-102.147944
1597.250150	-28.878417
1600.556444	-115.042548
1606.829623	-57.406914
1609.410057	-76.704287
1611.892522	14.449468
1610.861228	-117.216434
1614.067865	-0.377921
1615.550850	28.676916
1620.980424	-58.049107
1625.366905	37.895056
1632.338193	-43.329556
1635.340843	11.757763
1636.122700	-78.483092
1636.440326	-96.108847
1649.459336	-86.922830
1652.069300	25.012237
1652.571361	-35.599881
1658.282320	-42.884097
1660.818581	-105.492361
1673.788260	-96.176585
1676.615321	-38.804772
1672.295957	36.277420
1678.648389	-55.234705
1686.226521	-67.948826
1693.602014	-131.767854
1695.679573	19.652395
1692.685096	-84.116234
1700.656647	26.106328
1704.843168	-62.952771
1706.796083	-38.145236
1710.272055	-86.102001
1723.396912	-28.069393
1732.808647	-50.598910
1734.552853	-66.276546
1739.038809	-41.613403
1556.379724	-74.254241
1601.950453	-93.528110
1668.881666	-113.503427
1683.956400	-85.594183
1686.475471	33.356135
1724.254791	-18.667028
1730.693663	-95.599618
1576.665338	4.048165
1591.250131	-140.978070
1612.153071	-124.474586
1643.928881	-39.488176
1723.196981	-70.737430
1725.251475	-6.564712
1739.641464	-73.645139
1679.004705	-146.055270
1559.956106	-316.003978
1564.899802	-346.541361
1567.847089	-319.409020
1568.536733	-200.717084
1575.400649	-303.767159
1585.552952	-221.771089
1583.248430	-311.000806
1587.708391	-325.438101
1592.811164	-339.938014
1601.450909	-243.134861
1598.589055	-180.303439
1601.176848	-287.699156
1605.141036	-338.656986
1608.584484	-200.301647
1609.138845	-330.771591
1610.544369	-293.572134
1612.586429	-303.684581
1614.601087	-272.024888
1613.692316	-336.939360
1633.478319	-250.572565
1647.163006	-208.240088
1649.123950	-340.603660
1655.601786	-247.933895
1655.361632	-166.426525
1659.251954	-310.914288
1663.851595	-162.627826
1662.866338	-338.734143
1670.613860	-324.473170
1677.595845	-157.906168
1682.320080	-287.314889
1693.203453	-184.863808
1694.761396	-170.715067
1709.253748	-319.646369
1711.633169	-219.098673
1713.416966	-159.557637
1714.987870	-185.775019
1717.579268	-204.457531
1717.103411	-282.467878
1723.546108	-280.085394
1726.765786	-301.637752
1730.390233	-204.494306
1735.679732	-295.729871
1555.989972	-298.150144
1571.657596	-260.861147
1577.734453	-167.570844
1631.807975	-326.487505
1651.567055	-257.445987
1651.868627	-299.787346
1662.271532	-279.974471
1672.247698	-179.551342
1699.530495	-267.512475
1703.387215	-256.749047
1706.269316	-328.629730
1646.739710	-166.313026
1681.061853	-341.571104
1695.442864	-199.080666
1559.993263	-476.223895
1569.533131	-369.191463
1567.703490	-400.031197
1575.457923	-526.546917
1585.825554	-542.667790
1585.838201	-448.411371
1589.097493	-392.470551
1595.113649	-469.750610
1615.043361	-390.153183
1620.834262	-463.071079
1616.164358	-363.611893
1626.093706	-543.103208
1640.519304	-539.307787
1654.805609	-400.573659
1663.156011	-443.134950
1671.674173	-410.325244
1676.336813	-419.780434
1677.671746	-524.563682
1682.738649	-396.859852
1691.202497	-370.526600
1696.601910	-455.400500
1695.018514	-516.835238
1696.807291	-490.001206
1699.062085	-367.424892
1712.269036	-371.773977
1719.289276	-407.592168
1718.209983	-376.634676
1725.856723	-506.477267
1736.618356	-420.625568
1740.023874	-411.771958
1561.009815	-451.713967
1623.784928	-442.230816
1568.471823	-418.596043
1919.433076	-578.345976
1768.820288	-387.001768
1784.136035	-484.398959
1796.547326	-380.994955
1795.220415	-477.885657
1806.538692	-476.089565
1820.708887	-472.724482
1823.619525	-377.043394
1847.168781	-371.897173
1851.018860	-427.280169
1847.380895	-472.664578
1865.343260	-471.296668
1881.407672	-469.205342
1885.969424	-403.864749
1888.896153	-378.906415
1903.285021	-403.341868
1910.207974	-399.873861
1913.054355	-465.705467
1924.402575	-486.279406
1928.619259	-491.177353
1936.897737	-369.479889
1936.452075	-489.790052
1814.030998	-453.244851
1856.708939	-467.763849
1878.316894	-461.902703
1900.469682	-433.740206
1917.837397	-446.967632
1806.380122	-381.252276
1812.438618	-458.000820
1899.735523	-473.361852
1760.396710	-183.748852
1762.112209	-232.338840
1762.605028	-169.463813
1760.369092	-335.151076
1765.844167	-328.613785
1773.614571	-212.925754
1774.045232	-168.197927
1774.614099	-203.674873
1781.482556	-274.813541
1786.522100	-293.017835
1796.902617	-200.864298
1798.239374	-220.195458
1798.579038	-280.750883
1805.440999	-246.375136
1802.778685	-319.698694
1803.293100	-273.174396
1806.562666	-224.463461
1810.162256	-301.707133
1817.544347	-249.217534
1824.383422	-180.675605
1833.134411	-302.984153
1835.228854	-164.891663
1838.263356	-257.383584
1839.060921	-218.395593
1840.598718	-277.213270
1842.601994	-174.292299
1842.170640	-195.462919
1846.597557	-240.868565
1854.794877	-165.859966
1853.677101	-212.355039
1858.104320	-177.540459
1861.120004	-244.509222
1868.693482	-205.829116
1869.508415	-241.559249
1871.686011	-161.585427
1870.188672	-321.053010
1876.005995	-338.939593
1878.573923	-257.203765
1881.086634	-208.170161
1886.157379	-192.705071
1889.621296	-277.650000
1889.432922	-299.358159
1897.230842	-276.365326
1894.937613	-176.460785
1903.594989	-242.387583
1902.270575	-299.004107
1908.953277	-238.010767
1912.395492	-259.369632
1913.727160	-317.648388
1922.466040	-225.132740
1916.602857	-283.125156
1928.480942	-322.837535
1925.725531	-267.617376
1929.908110	-334.180027
1934.601487	-312.218064
1769.224119	-241.127870
1793.282482	-236.869043
1808.988559	-339.987707
1820.588185	-320.298186
1815.728130	-202.715677
1836.282017	-326.609820
1850.432324	-328.712374
1763.908457	-296.060631
1763.425982	-307.078112
1778.165853	-236.640037
1843.539435	-316.176496
1862.727927	-299.468667
1915.209391	-167.903177
1934.791502	-261.453857
1931.615006	-246.916280
1938.751078	-250.924578
1926.313112	-296.828155
1757.709268	-58.774825
1757.933705	-70.186063
1763.315694	-92.670223
1764.944356	-122.664067
1769.362007	-10.163545
1769.507876	10.763663
1774.930751	-37.734754
1775.421185	20.636156
1774.717468	3.125071
1781.595545	-6.724264
1782.635803	-52.850080
1782.765947	39.634153
1784.637524	-22.048412
1784.426122	-124.816547
1786.406516	20.933548
1786.993820	-145.617686
1791.812965	-64.903483
1794.633734	-82.540106
1796.385220	-56.110454
1798.924725	-32.009494
1797.213700	-147.539858
1805.942493	-119.532283
1807.403875	-54.426434
1819.837426	-145.051695
1821.178606	-70.432521
1817.767625	-82.520673
1824.477079	8.847799
1828.658369	31.033357
1825.616183	-107.982523
1833.232937	-118.403336
1835.471053	-53.995672
1840.279206	32.618227
1841.611778	-119.607362
1843.168993	-38.876431
1845.240320	-20.249390
1844.529213	-80.344680
1845.960543	-142.640806
1845.791325	-73.757847
1845.955007	-89.009143
1853.003453	-45.962861
1856.202912	-108.924331
1858.938835	-59.831537
1864.666597	-40.283001
1864.744590	26.167377
1869.899545	-119.064037
1870.193134	-131.207913
1872.059172	-65.797194
1876.083613	6.063407
1881.438711	-145.327201
1888.291564	31.263696
1888.809896	-57.544617
1891.406801	-138.961391
1891.872536	-43.743984
1894.737335	-120.686558
1895.523098	-84.338895
1903.010896	-15.884867
1903.924879	-95.170611
1906.783143	29.212047
1907.995546	-29.242090
1909.107678	-124.607596
1911.989867	-142.440458
1915.726727	-85.366575
1924.021167	-7.842442
1929.107145	-76.704232
1929.078973	-105.047023
1798.854644	33.813352
1803.896583	-138.857262
1843.017222	18.516215
1849.809688	10.024236
1856.584801	-85.218975
1873.577237	-90.516657
1879.720061	-83.106940
1858.676872	-33.595737
1797.689957	-94.441509
1819.938112	-30.997884
1857.592876	38.415934
1873.712258	-26.263294
1777.985962	2.246817
1912.507352	-64.551929
1756.530818	199.589038
1758.540977	172.164636
1766.073808	106.294845
1768.215790	89.162121
1770.830171	232.724239
1773.905768	237.981349
1774.658082	195.254172
1778.246619	142.939536
1783.439379	215.531903
1797.023433	129.155819
1796.192652	178.526457
1799.675804	163.707031
1801.261202	154.655747
1803.569672	117.187338
1803.808824	130.183525
1804.290288	192.128874
1807.006649	206.731268
1811.032528	224.956248
1812.624972	214.963005
1811.981578	133.020567
1815.670681	232.727664
1816.734317	184.700500
1818.244427	170.269280
1821.377005	132.046564
1823.163549	147.951415
1825.454724	87.559713
1827.512518	63.873988
1829.618703	199.648785
1835.454528	108.954477
1839.714979	210.248846
1836.997542	213.991088
1838.403090	125.581114
1839.718423	178.774372
1843.915963	72.475820
1844.072598	146.560249
1844.827829	106.924814
1849.344864	230.003107
1852.767866	201.793916
1850.433228	174.471132
1853.916959	58.594426
1855.395858	136.446932
1858.074135	106.113277
1858.250884	68.635174
1858.591434	120.127845
1868.850310	54.387692
1870.120209	219.779245
1873.318104	99.720760
1873.668495	169.050791
1878.024529	136.825846
1884.451182	181.889294
1885.297406	105.960012
1887.792988	240.885403
1889.747160	211.829865
1894.672878	143.668349
1899.993377	99.199364
1897.866918	192.895185
1904.406551	162.242725
1907.419658	230.790610
1919.576194	200.912070
1920.429331	153.847441
1920.894286	220.010941
1926.261198	101.807376
1929.897569	163.543206
1934.040676	119.247875
1935.485453	132.176349
1814.321529	99.482940
1828.744110	54.128167
1880.683978	77.742785
1879.171476	87.247426
1768.335510	68.884175
1791.257118	51.885773
1818.714859	116.766040
1858.413632	182.320758
1889.835238	54.323890
1854.896589	214.909147
1850.353452	125.545193
1752.874755	342.617754
1755.149983	430.954902
1760.490003	337.162755
1769.774223	273.980716
1770.209117	299.273234
1769.523226	365.960063
1770.423172	291.981035
1781.011686	255.898663
1789.061525	381.203425
1790.882151	273.684085
1792.174463	319.500822
1793.519755	254.078334
1797.220330	298.195896
1803.420331	415.149061
1804.997702	402.415913
1806.808459	394.152415
1806.948032	374.476591
1815.379065	364.742461
1821.990853	419.605985
1821.316494	302.340188
1823.068617	320.593050
1831.295781	365.397915
1833.482582	291.131043
1836.102681	429.391670
1836.607435	373.249355
1841.474457	342.297733
1842.182164	283.033614
1843.621476	423.969322
1847.654498	373.623035
1845.736980	409.529896
1857.243584	298.684442
1857.305089	340.523491
1863.180522	422.662722
1863.243280	295.068447
1863.530015	361.209303
1866.423091	397.223373
1870.805014	272.366102
1872.599005	293.605556
1872.777390	323.147310
1872.147521	366.857297
1877.107982	340.188288
1880.323445	403.141829
1885.790209	377.835797
1889.509960	430.531303
1889.010332	386.028664
1904.195172	335.916500
1903.453497	264.483541
1906.616381	281.921074
1908.297913	314.240665
1912.337773	372.658798
1912.853540	364.219606
1920.915769	418.768469
1927.836033	423.407446
1927.991864	339.396461
1928.467738	268.186569
1933.458768	277.600984
1934.542127	433.703963
1939.907016	284.386179
1936.327898	376.509278
1833.149873	279.694828
1845.319422	300.957866
1864.917814	372.439727
1794.696143	307.011835
1820.454742	335.516429
1887.671321	358.298021
1889.465774	366.277352
1929.081433	375.950460
1815.594246	262.799364
1751.602445	591.335890
1761.654580	621.176619
1765.831970	625.584542
1765.749587	539.715979
1769.367713	593.513110
1776.419151	584.568850
1782.936544	563.355586
1789.714976	528.179551
1802.574714	488.544078
1800.940267	618.246884
1804.865475	562.347685
1813.561270	492.578483
1816.379381	516.661088
1823.351681	629.290668
1829.261426	496.901458
1831.191979	526.845701
1832.151913	473.512213
1834.984808	464.062653
1849.546389	468.777928
1851.464082	528.058466
1861.510353	521.871932
1862.745706	561.442004
1872.235660	562.060740
1874.432857	471.182018
1875.399554	613.095276
1880.283718	538.703252
1882.398158	500.075028
1886.702189	511.183977
1891.829703	568.041089
1900.789973	546.190525
1908.893959	597.235985
1912.554086	586.045967
1909.613510	514.004328
1923.475255	489.118930
1754.318256	596.063304
1822.037458	530.214520
1897.556664	494.248711
1894.176131	591.690272
1899.135052	512.650223
1905.362066	493.423345
1937.107539	487.994221
1767.822887	521.782738
1790.431624	584.224573
1812.815859	550.220447
1871.647508	515.395725
1888.364617	528.063081
1890.456853	597.029737
1878.262954	552.708165
1758.260330	757.457704
1763.316872	801.204432
1765.487055	657.412770
1769.927681	742.536007
1776.405313	759.009488
1775.222871	823.848874
1776.706061	793.693280
1784.737690	729.895650
1787.059900	820.518474
1792.761128	677.668125
1800.606422	650.723698
1802.266703	736.894444
1802.965723	824.949674
1806.708103	777.326437
1807.785628	711.891868
1816.924878	660.663391
1823.625528	823.681735
1825.944920	806.218745
1829.050849	695.404400
1831.843259	660.607104
1832.539578	720.101310
1834.831879	781.021118
1839.041486	765.215041
1841.976168	830.135924
1840.775098	780.032859
1844.830586	749.212876
1848.154248	731.290254
1848.819175	828.327815
1854.091337	782.222793
1854.999669	679.758489
1856.876151	698.624602
1853.314434	749.198646
1857.211667	730.036578
1861.293575	693.130234
1860.361099	776.745135
1866.083213	745.383486
1872.716297	816.159053
1873.402265	749.634182
1876.603355	783.517786
1880.252238	677.361513
1882.641624	778.226742
1883.063336	734.815906
1892.386009	733.558252
1894.184344	700.878486
1896.132716	827.640137
1907.934212	662.373957
1907.556342	812.543514
1916.899942	743.047955
1918.262947	671.182884
1919.277846	750.925455
1924.598578	769.150040
1928.014382	814.301869
1932.856041	751.706252
1939.255650	807.911615
1756.504459	730.518728
1759.398527	820.227408
1763.781713	697.252896
1803.767592	660.955123
1870.138535	701.039031
1870.680425	729.911452
1892.615385	800.117303
1918.085352	736.317602
1918.883770	667.020714
1931.565619	666.123952
1939.697890	669.463613
1939.521588	730.577827
1755.613085	965.860869
1764.537265	984.922844
1769.256329	972.515826
1764.407335	1022.787123
1767.546751	873.593001
1771.624555	982.347032
1772.281559	1007.634308
1774.722916	1022.318696
1773.338373	906.900185
1774.359545	996.735565
1777.032713	977.723417
1777.572390	957.524030
1778.861365	1027.974505
1780.023914	1009.647410
1781.752425	854.224923
1782.555447	935.973509
1782.338828	928.152527
1800.557574	891.165150
1797.662121	918.284965
1801.978112	935.966861
1807.951292	915.962951
1808.274011	950.704104
1808.549834	958.715382
1817.910034	914.608993
1826.724719	889.624638
1834.102160	914.499327
1831.359816	920.292850
1845.845429	924.880791
1858.758295	939.728730
1856.395255	928.646966
1860.528980	908.511009
1877.508911	924.481883
1903.384326	893.332500
1906.668083	923.619719
1912.055216	856.209662
1917.557936	929.283264
1922.342468	903.750117
1919.102650	896.674938
1923.335152	944.147870
1931.979623	954.823981
1936.810947	872.476160
1937.967873	964.971912
1941.586244	865.963574
1940.804411	974.988242
1943.867284	926.653583
1767.225392	1040.515851
1881.970572	854.045483
1919.158115	885.476392
1925.335575	881.200245
1935.462069	874.421778
1955.678501	943.563791
1963.061242	985.501863
1961.687916	963.461467
1969.181727	879.064157
1969.125531	914.771858
1975.922164	856.013181
1976.251159	943.186075
1978.935685	957.468455
1983.081923	933.796783
1995.468182	1033.526833
2001.948251	898.950598
2013.334481	917.334784
2026.671032	989.270794
2028.463135	1037.493705
2030.018997	887.946464
2041.660758	926.504013
2041.530623	869.659211
2049.096532	1003.544303
2050.091382	994.087195
2058.911751	894.862060
2063.080434	1027.252396
2069.241796	981.830008
2068.899218	903.103609
2071.421128	1026.546355
2073.601527	916.459985
2081.044681	867.904196
2101.303474	913.957127
2103.846924	1037.974191
2110.090212	868.840060
2120.807186	1027.550267
2124.760904	987.592301
2136.073259	925.486350
2024.850004	857.469217
2029.905849	969.254492
2049.082309	1021.843723
2091.415663	978.822244
2098.511783	994.399217
2099.143694	1002.247601
2104.494997	944.763907
2036.387551	879.607363
2080.813570	1036.729331
2080.587471	1020.676851
2091.724365	916.483701
2067.887004	1037.011886
1954.355874	655.159333
1960.326274	814.753207
1965.490737	825.024470
1967.735690	699.822635
1970.471413	732.449335
1969.643392	738.838224
1975.205329	675.923133
1977.366404	808.060844
1976.813400	714.189576
1979.100932	722.001718
1979.301176	816.561920
1992.465498	764.956707
1995.428084	718.550840
1989.272952	837.397271
1997.261632	749.806598
1997.183994	668.937546
2000.666688	717.996709
2014.676400	766.196635
2018.593457	746.304751
2017.136160	783.307159
2024.039740	662.172609
2022.492656	710.920219
2023.263765	768.251706
2032.331199	723.665896
2034.583897	715.643976
2034.290498	768.868182
2050.642695	658.750647
2050.156393	828.726792
2051.678119	777.780042
2055.351009	682.708369
2064.776473	806.794463
2070.453197	747.664134
2081.836918	699.209534
2102.202015	695.462490
2104.610240	677.687309
2105.661202	769.507998
2108.259387	665.433028
2117.367007	821.612616
2122.757431	808.978528
2124.803229	706.611762
2123.894446	792.882134
2131.015962	772.329680
2131.671542	742.703623
2134.789021	660.289176
2133.699350	816.024489
2017.622074	819.524620
2022.267552	678.517594
2023.634142	826.323371
2040.885096	654.321107
2076.854006	720.980779
2089.498049	675.450514
1953.286681	752.655999
2031.789008	783.360022
2036.028255	692.046463
2037.961328	683.230094
2043.690705	679.272232
2137.444660	775.335086
2036.107206	704.590075
2104.284718	756.050273
2141.002009	810.463151
1959.291629	627.558236
1965.652311	586.487778
1967.863479	493.861500
1972.469980	481.613217
1982.640238	624.521899
1990.687531	535.918065
1994.824054	498.228695
2005.570763	537.057917
2008.385341	495.458545
2007.059973	620.381734
2016.517491	615.952820
2025.471488	491.943006
2031.209036	584.291276
2030.488334	541.367590
2032.442232	557.812625
2034.807702	491.939337
2035.336733	546.030491
2047.337215	608.222597
2053.018437	578.857352
2054.757585	525.634258
2063.643226	551.860916
2066.924514	474.656784
2090.243029	537.211893
2091.030049	502.904782
2094.743659	636.133573
2098.251669	474.782042
2101.572400	609.741564
2113.266031	527.762925
2114.123706	512.973133
2119.559759	522.343755
2118.772455	462.854190
2134.161580	482.328702
2133.802195	601.099723
2133.995087	488.301678
2136.011495	549.712048
2137.327734	519.545810
1962.808877	525.445509
2000.386131	460.693315
2019.930013	600.277030
2027.909309	528.080736
2033.278772	535.372754
2038.589051	564.011568
2079.330321	625.542611
2087.706071	625.416875
2096.194644	509.211277
2110.599814	498.173211
2113.144572	556.626744
2129.121199	557.584122
1955.750728	519.804021
2054.723064	589.294408
2094.809930	524.432872
1997.063217	621.208763
2022.345823	514.369737
2058.739766	480.809635
2105.811089	561.636883
2060.813097	513.001664
1956.854309	377.204807
1956.423331	390.050950
1966.663438	270.422550
1964.408617	405.121970
1971.163173	261.936298
1976.234694	272.860280
1980.671280	262.864937
1983.425332	313.938161
1984.901975	388.387259
1989.320934	414.939757
1990.699530	340.638103
1990.789146	309.621830
1993.957259	396.852856
1994.204534	319.919336
2003.821901	336.302806
2011.660793	308.052181
2015.544446	275.978229
2026.840978	402.600306
2028.178951	339.718817
2027.320756	428.356079
2031.522096	256.448199
2029.851548	363.872628
2039.532667	297.539025
2051.804223	347.312682
2054.778521	264.207163
2063.322001	304.982628
2061.303658	434.733318
2069.219329	352.768929
2078.048579	386.290462
2082.098565	296.132717
2083.513722	428.888528
2087.831028	322.855414
2095.941214	429.965368
2101.728977	387.183166
2103.018175	406.675858
2100.620272	305.554128
2111.960115	373.589953
2119.047093	268.996914
2119.876282	291.546056
2120.663951	355.215713
2125.971871	337.106417
2129.043278	361.161694
2132.196512	402.264606
1961.954888	291.803707
1965.464828	386.449285
1970.059831	428.861383
1986.887164	300.579395
1989.635991	425.835863
2000.524789	358.314451
2039.152388	264.066700
2045.638986	264.705149
2087.100577	274.138321
2097.739412	278.552384
1963.464530	128.414073
1964.498487	223.595789
1969.221004	175.336320
1970.678106	90.407683
1978.070971	142.005358
1977.966586	109.201162
1978.655204	78.325760
1980.120056	154.181287
1983.491950	160.049280
1985.275283	167.805067
1993.340025	115.056128
1990.021286	183.841245
1993.551078	55.582801
1993.885536	154.408285
1999.552829	181.790599
2001.151673	214.501743
2013.372767	180.632765
2008.725974	116.989325
2018.010702	164.478986
2020.313400	102.484771
2027.347896	115.093372
2029.469824	219.953595
2040.605485	93.712795
2044.638131	66.704444
2046.076125	173.203037
2051.915615	208.814204
2060.025699	85.822117
2061.018279	206.889722
2072.977843	69.933982
2080.924201	230.525336
2085.874945	78.591049
2086.009521	208.830655
2085.769486	150.656538
2094.422478	207.785734
2098.184019	224.914907
2098.928894	121.525916
2104.434011	143.984082
2106.895598	63.371099
2118.347185	239.032701
2119.873341	169.988189
2121.953492	151.939827
2123.869898	225.506578
2124.674492	116.334373
2134.656682	168.000580
2132.726113	77.976433
2139.366031	64.085636
2137.350211	102.389770
1963.062445	152.238713
1999.555932	147.749313
2025.681193	56.951440
2044.031550	199.083484
2051.775881	143.216242
2046.272743	110.293255
2128.008114	128.067934
2135.037044	188.796889
2134.833025	133.965433
1982.503769	128.613119
2006.180068	80.296047
2047.358433	155.764499
2084.047052	142.498013
2083.402449	186.826990
2095.861784	230.392073
2105.932044	85.773012
2123.769888	204.910809
2126.523007	160.249957
1981.458448	122.663399
2014.664391	153.552885
2098.251923	151.480003
1958.031790	6.207561
1962.159360	-106.954348
1964.403075	-87.818735
1964.442486	-62.393746
1968.971251	-147.288735
1970.161296	-133.710128
1974.823202	-46.704206
1978.862182	-63.459655
1976.024705	20.531648
1977.275589	-16.993492
1989.794600	-134.170750
1993.475845	2.892231
1994.042378	-70.321242
1994.314525	-36.582597
2009.738953	19.340510
2007.900179	-71.278757
2013.986565	-80.893482
2018.643593	-148.396120
2019.176700	-98.574117
2020.011957	-12.636323
2023.745062	-3.907023
2028.607864	-131.805110
2040.013237	37.021478
2040.973594	-67.384642
2039.579832	21.629745
2054.326332	-25.005222
2059.480985	-63.613839
2057.688296	-6.287044
2060.245136	1.767658
2074.434692	-118.634793
2072.423184	34.406391
2075.064893	-145.759286
2090.069184	-78.582753
2093.119984	-137.445529
2094.740036	7.057414
2098.796637	-57.472461
2098.403407	-111.506653
2119.695254	21.054138
2121.696118	7.176467
2124.487448	-108.650403
2128.919490	-29.208185
2135.397687	-6.273310
2011.598736	-53.846866
2016.613382	-4.507245
2032.957269	-120.072802
2032.617461	-147.593277
2033.903842	-1.254814
2099.440282	-130.274993
1992.567033	23.771629
2058.999887	-107.426304
2134.303344	-56.125836
1972.301889	-103.002886
1976.949965	-110.787310
2028.285141	-1.380540
1967.892609	-178.735032
1970.226726	-236.252526
1966.976874	-209.744463
1970.860127	-340.712766
1971.913484	-273.048193
1982.735776	-199.114856
1990.610371	-226.322040
1998.454451	-164.586686
2002.154546	-236.778697
2004.333009	-244.759422
2005.479697	-334.915584
2007.410534	-286.364232
2011.705855	-177.791468
2010.724675	-322.809229
2012.200005	-163.380568
2017.143971	-261.115055
2020.694363	-206.861679
2027.195904	-305.584307
2027.659250	-329.090438
2031.274178	-252.676153
2031.375176	-226.388534
2033.281577	-169.417997
2033.145283	-331.432488
2038.727102	-339.884174
2040.220930	-286.387618
2045.611564	-174.729376
2048.742639	-328.501027
2056.531575	-248.798891
2067.500533	-347.848523
2068.776430	-213.943894
2072.978349	-229.592714
2075.525609	-332.253138
2075.065759	-184.919675
2086.588311	-334.473440
2090.241606	-233.631312
2096.507688	-332.401394
2092.343704	-192.071479
2112.830036	-321.271344
2118.037440	-168.890357
2117.113340	-181.411944
2123.080468	-194.193317
2128.035212	-318.095818
2135.406360	-288.810344
2140.582939	-215.075145
1957.214487	-314.891198
2024.098562	-271.520786
2034.793042	-280.398618
2046.363374	-160.297241
2057.872845	-310.139203
2063.553818	-170.001915
2105.021588	-305.392957
2033.158934	-313.675333
2097.104331	-236.934478
2031.353471	-213.948693
1961.676337	-364.840186
1991.153407	-362.275988
2260.930633	-582.889760
2269.420472	-597.170618
2154.942775	-425.156322
2163.295671	-398.726111
2171.887255	-417.492107
2173.296094	-506.271557
2177.019727	-436.506018
2182.454742	-430.994943
2183.652487	-416.282456
2186.466103	-478.696137
2196.679806	-394.419459
2209.377188	-443.518361
2203.125378	-483.953520
2218.505501	-532.239477
2227.406364	-411.577200
2227.543139	-374.918444
2230.463075	-499.114830
2248.111974	-421.312935
2247.681709	-401.190600
2255.673242	-366.690717
2257.340955	-451.410380
2273.321188	-391.202654
2279.073923	-442.155021
2287.187426	-534.259205
2297.297258	-493.511548
2298.805547	-453.056049
2303.202423	-428.454283
2310.157225	-382.122701
2314.641281	-507.530629
2320.937783	-525.664337
2322.312059	-503.592211
2337.890737	-498.122029
2338.810869	-528.911657
2338.474568	-518.034781
2172.865688	-374.775857
2176.758960	-372.159596
2230.647276	-432.236390
2235.989743	-543.115183
2265.597320	-497.572582
2280.699127	-405.535798
2305.760580	-406.876852
2333.540065	-484.582277
2334.995480	-417.983993
2157.397143	-539.406875
2213.988881	-533.768055
2236.737275	-526.862056
2283.577601	-448.530037
2209.188076	-404.564011
2256.472167	-538.442511
2261.754836	-423.983743
2278.251006	-379.687525
2280.322728	-385.044451
2167.371525	-293.543238
2169.045630	-334.590214
2177.846369	-283.307758
2178.530352	-216.987049
2178.258261	-236.136072
2192.270910	-308.782223
2191.793995	-253.181874
2197.470949	-339.942935
2193.196177	-262.823278
2196.724043	-276.600580
2197.432404	-195.318395
2202.862792	-319.110570
2217.496461	-239.454142
2222.962051	-346.349343
2235.242492	-314.710606
2245.046207	-181.304159
2244.867739	-290.488056
2250.322580	-304.558881
2257.617998	-274.669233
2257.824713	-229.498667
2260.859256	-217.836923
2269.546876	-325.161761
2278.030291	-236.719664
2280.853699	-190.075370
2291.315685	-166.232590
2290.709425	-267.472652
2287.580176	-243.314185
2288.248551	-343.813361
2291.663523	-200.679552
2290.143142	-281.018849
2298.644642	-166.973515
2303.359700	-324.795395
2297.469793	-306.015467
2300.373795	-226.133112
2306.612993	-308.540922
2307.790412	-247.682589
2312.127879	-294.850577
2311.353887	-204.633385
2317.784973	-201.384721
2318.393111	-227.760731
2316.733431	-273.568767
2320.148095	-339.577068
2327.166276	-243.810174
2334.482666	-267.615887
2340.900465	-324.080878
2176.275754	-191.876961
2205.273885	-212.210632
2222.648884	-287.085487
2306.140765	-199.241300
2329.746336	-259.034045
2342.305640	-298.841342
2193.381609	-297.040622
2241.174534	-189.830756
2261.655319	-257.210294
2210.367797	-211.091869
2159.705928	-28.901897
2161.318770	-44.458933
2166.086027	-96.818120
2165.281327	-118.205469
2164.160701	-64.584606
2170.300815	-25.226323
2173.117062	-142.516565
2174.776720	20.526097
2174.645181	-87.891192
2181.854583	-77.668690
2187.776280	-107.017783
2187.452375	-136.425896
2189.866579	-77.250963
2196.586528	-56.845579
2202.542341	-137.661323
2213.991705	-109.519668
2226.617012	-10.907272
2230.110916	-107.972876
2232.109170	-64.217964
2240.692564	8.347652
2248.739594	-94.816207
2255.171289	11.872649
2260.047394	-56.807819
2267.207164	-129.315572
2268.885441	-20.575729
2283.267785	-140.465379
2283.347435	-85.244618
2285.689829	-58.037249
2287.085593	-36.671266
2296.280872	-39.312994
2303.104838	33.181667
2307.667566	-69.076574
2314.960921	-38.001552
2315.305682	-106.807177
2316.669138	31.940725
2329.591774	35.541030
2331.477834	-22.865313
2330.832736	-95.954265
2161.299871	13.650220
2173.545199	-120.665566
2191.243566	-142.965685
2211.350158	-89.963295
2314.787104	-13.968417
2275.345490	-113.042103
2276.150962	-106.654000
2291.796674	-45.623177
2202.380076	37.139868
2155.027776	148.510353
2156.909793	139.935623
2160.502849	212.858038
2186.807278	165.723827
2196.989114	119.150706
2201.098092	139.589207
2204.845986	102.037302
2205.546661	212.650649
2217.611421	55.611104
2217.516576	164.793575
2228.946259	105.513059
2232.528029	188.617628
2238.842244	151.074763
2234.718447	124.317039
2244.039961	213.364699
2244.654641	170.613887
2250.407073	167.071391
2257.774626	119.393036
2257.602150	183.088557
2264.541602	236.693918
2265.134030	223.908738
2266.486490	156.144791
2268.845341	115.625343
2276.288081	111.155260
2284.598592	68.549194
2286.761476	149.836857
2292.237661	100.134240
2292.299208	208.493112
2296.928643	159.887446
2305.052705	75.800820
2306.608965	182.489134
2312.531654	128.704082
2312.913037	120.507001
2320.268140	76.580851
2323.027537	235.828260
2328.476685	110.021668
2327.497860	214.494256
2337.706468	175.000253
2168.405913	223.843968
2169.584738	137.994892
2177.063749	91.123478
2212.080028	198.141349
2271.888165	72.455837
2277.464885	133.106567
2258.261957	110.625514
2262.900270	95.112676
2152.285968	211.989517
2200.420421	147.968891
2160.521609	367.211371
2178.332402	351.979731
2186.232843	275.725864
2193.975819	334.738603
2198.326515	330.995684
2199.632251	415.779036
2197.569348	380.918866
2207.270497	285.635329
2213.708679	414.421923
2219.653619	389.894553
2227.703342	366.031700
2228.617082	381.330986
2229.432792	338.730196
2236.908936	317.243069
2244.582765	360.888229
2246.248778	279.919627
2245.441062	382.784463
2254.139965	376.671357
2254.469048	258.125695
2260.528066	341.806583
2264.880586	383.966642
2271.275125	401.590387
2277.175359	429.115726
2279.536850	422.066689
2283.214876	368.470845
2286.637996	379.243148
2290.675844	308.453254
2305.718465	368.903383
2304.838221	274.671700
2307.388754	279.695069
2316.622494	369.111513
2317.421151	342.234630
2325.375810	287.707410
2175.498069	305.622307
2296.923457	428.774895
2306.304625	403.710644
2157.806862	612.183380
2159.064580	622.372200
2171.294008	521.226336
2174.441339	609.820849
2175.030540	529.374958
2177.745553	602.503271
2182.776372	488.414289
2184.653666	609.945273
2190.752395	550.207995
2193.787370	592.262409
2196.672452	610.838606
2201.427126	467.751661
2208.784645	514.065177
2223.192239	630.317328
2221.445730	563.161590
2226.054864	615.072159
2239.459935	453.728136
2241.270106	500.712965
2245.052853	509.961718
2250.526744	632.796412
2253.907816	576.610710
2253.446883	542.742915
2254.289011	570.327364
2268.857985	615.276668
2271.482049	568.506889
2274.816149	631.245441
2279.441738	474.237355
2285.466616	514.725610
2290.419205	601.585712
2294.744607	486.218774
2296.192962	466.367677
2307.218388	637.353266
2314.850391	451.952444
2314.150156	550.447592
2323.637247	576.692599
2331.520617	468.205027
2336.636365	601.611733
2172.522500	582.045592
2204.784721	610.485509
2311.007156	554.964813
2319.486247	615.907656
2181.246863	554.956144
2189.070186	556.605335
2249.690943	580.303898
2278.204283	623.895236
2173.993531	537.074170
2181.185133	543.016729
2231.912995	595.516910
2157.983890	668.501407
2163.479782	790.281052
2168.275897	811.124622
2173.747623	723.674094
2173.665320	702.108531
2176.498220	774.570673
2181.999640	836.810802
2187.933606	757.516382
2186.772707	739.107364
2188.390156	789.553880
2191.359756	658.783882
2200.506369	729.048166
2204.195358	813.851239
2202.189103	745.870391
2208.450142	834.572093
2210.680234	666.246187
2211.686823	774.186831
2218.866946	776.029380
2220.539778	736.774852
2219.214374	689.116493
2228.701970	815.252495
2229.928623	823.571179
2236.337775	675.891723
2235.466844	791.269304
2243.221073	784.758945
2244.834392	713.150528
2246.913685	782.771797
2246.455354	768.958205
2251.297628	656.408428
2261.427672	761.055689
2266.877021	732.827437
2270.515958	717.530719
2275.070829	753.684021
2285.604759	755.665490
2287.864181	823.266937
2289.180806	836.801012
2287.063735	657.366260
2298.776452	824.319392
2301.214063	792.750495
2300.261386	741.778935
2303.253073	735.540001
2305.988350	654.714979
2306.431524	769.837782
2314.731190	697.700024
2318.024029	779.232280
2319.594990	740.777072
2317.875114	718.073674
2315.537456	678.155086
2322.465523	654.725181
2324.497123	820.509288
2327.364868	832.951233
2329.786968	691.209179
2334.917705	676.168014
2340.200692	769.323591
2159.807425	692.149366
2225.757548	689.243274
2260.764947	681.253704
2262.687614	818.110459
2274.001070	826.073310
2275.720852	814.194277
2289.284299	803.231572
2312.868879	654.903813
2314.826916	733.369231
2329.495146	667.573726
2334.903158	717.055263
2341.437708	720.844319
2187.811731	704.338582
2248.610929	713.747848
2264.738224	689.124179
2298.430683	708.686091
2300.872990	714.062392
2300.439489	756.274284
2220.457251	839.254992
2158.198792	877.942800
2170.957317	884.364726
2175.666234	997.692417
2186.384006	1022.624516
2190.290049	960.319371
2192.754951	920.111207
2196.218349	941.710466
2204.141813	856.487097
2205.883039	992.747534
2211.350502	984.235555
2214.057243	882.920574
2217.626035	887.940689
2222.265235	989.393334
2220.658131	974.920684
2243.585206	904.993041
2253.178957	1013.558647
2255.464974	934.871899
2258.473672	997.955648
2263.747329	959.613503
2264.834270	874.319971
2268.122073	996.816912
2272.888442	965.184143
2272.452421	877.049758
2282.346340	897.531056
2287.621112	914.004437
2296.261368	870.130751
2302.237434	877.395278
2312.741289	1010.741276
2320.270061	898.246801
2321.035798	940.238184
2322.152054	1030.008009
2323.823071	932.744535
2320.875616	966.259666
2334.252070	978.711855
2158.266563	986.882658
2161.305821	1022.647937
2184.070766	968.025128
2189.779755	863.416175
2286.039775	953.195424
2325.188789	1016.332519
2286.936952	904.809124
2354.990283	909.045535
2358.960742	989.754752
2362.961652	876.961394
2359.601085	893.089450
2361.697183	1026.592373
2364.423995	979.520079
2366.932879	1001.776157
2369.347938	855.933441
2370.308832	863.983116
2371.050715	1025.543066
2376.012456	1024.396555
2376.148498	942.734384
2386.211252	965.839561
2384.905778	857.017496
2392.334090	879.457313
2397.969168	998.964478
2396.927459	968.918138
2410.866664	856.234925
2411.362520	876.946268
2415.069463	887.732179
2423.261602	965.252750
2425.636403	955.901536
2425.261352	907.793101
2428.196621	1032.570606
2429.095615	899.091694
2430.794509	932.924403
2430.666073	882.748626
2432.348922	1023.659416
2434.012127	961.187862
2435.272395	991.943062
2436.646308	852.156835
2442.635269	874.179479
2450.302940	956.932069
2449.502846	909.885670
2450.225927	877.908231
2455.698010	992.733331
2454.258762	870.894370
2454.082181	1011.524713
2458.835265	895.772422
2469.875592	966.274938
2481.581786	1035.399985
2486.680825	931.992492
2487.696374	975.914964
2496.587688	1025.352491
2501.903375	943.143927
2502.949343	876.325158
2503.337068	932.364882
2503.759863	972.363122
2506.607751	1008.110076
2507.983740	905.485370
2508.536471	1034.293991
2511.402467	954.679247
2515.011442	1037.902558
2516.891964	919.843630
2521.470646	877.214981
2521.118280	869.526203
2521.485276	990.667914
2528.567668	1004.006375
2533.111181	948.835589
2535.820793	872.828923
2539.066250	979.336554
2390.297918	955.326451
2390.164572	859.945973
2425.814497	982.426880
2427.946321	990.201580
2448.995431	901.212299
2483.025315	1006.642341
2489.074759	950.653224
2490.715361	1013.438125
2530.236235	1030.477249
2429.490371	968.802078
2353.476158	790.640394
2354.558830	803.848258
2354.578606	760.512453
2358.855933	784.202200
2360.064236	691.570044
2359.317629	775.269337
2371.210722	808.873395
2377.554084	721.872417
2377.443330	703.614923
2377.928494	772.056405
2382.698897	694.872390
2395.913147	751.546891
2388.304185	825.166288
2392.983313	790.429941
2389.475579	661.536343
2389.853270	817.769217
2394.727960	678.424656
2399.711196	826.270932
2400.123752	712.463911
2412.185269	684.407975
2413.325902	818.412932
2415.378119	748.049413
2418.228485	783.368099
2418.915979	664.913777
2416.773691	799.099563
2422.902231	773.655603
2426.672514	736.725088
2429.253247	838.566777
2437.741843	816.556108
2433.417763	788.544453
2441.631067	762.432671
2437.068105	755.521339
2442.308791	657.620374
2437.419948	697.482054
2440.658771	728.216436
2439.826659	780.682346
2439.950263	675.535999
2443.243831	829.582312
2443.805705	745.228453
2459.226628	757.645537
2463.932713	839.460714
2461.661421	750.233884
2461.208883	719.464815
2461.585770	732.241728
2460.065352	795.292427
2467.223145	661.328326
2472.814991	777.488196
2469.357928	764.991539
2476.652660	696.555441
2482.472215	740.422305
2485.732154	785.526209
2487.924335	777.311065
2494.760106	697.273918
2500.848940	754.386580
2504.886859	829.304474
2535.498431	694.845025
2371.808219	752.628286
2399.381735	770.967326
2413.420685	724.948111
2432.694697	718.532421
2448.925241	840.558962
2517.494722	690.218203
2354.840674	752.970659
2360.679440	723.018261
2419.824581	829.826948
2453.185207	745.839357
2365.193240	826.106777
2404.125871	688.560521
2457.690674	713.777187
2409.955409	836.681660
2513.490785	835.456073
2379.330000	460.031413
2379.587856	526.961039
2392.687443	584.834691
2409.644725	612.318388
2420.738174	582.805294
2422.919610	560.454966
2439.841648	597.803917
2458.098428	536.267299
2462.655487	613.743052
2486.673923	527.130001
2494.836277	517.025577
2506.672101	471.570162
2456.068753	566.394012
2461.990116	461.660241
2496.481593	580.892128
2360.787201	490.203994
2380.415730	634.711782
2520.553433	513.971130
2368.786972	379.371229
2372.017033	347.210500
2374.697602	277.372318
2377.406950	383.902537
2375.777845	263.323596
2383.132369	357.865644
2379.864876	425.864664
2389.904239	411.782758
2398.091719	270.059038
2399.624437	399.380402
2412.145324	277.769534
2409.967870	371.043760
2418.301499	413.560249
2438.865854	281.514363
2441.462275	311.660688
2444.683066	306.438270
2449.211840	266.852307
2450.402832	381.201879
2454.812103	355.463235
2456.909566	367.355819
2466.764056	312.205548
2485.793404	332.353564
2502.095615	324.172019
2493.329264	305.644988
2495.040659	363.379062
2498.685693	333.763080
2518.453216	305.098058
2515.547326	403.797231
2521.537582	265.193035
2526.303600	271.167589
2528.902636	290.774184
2539.844795	362.597529
2538.840413	320.401554
2374.679934	331.118877
2492.003254	426.498123
2364.564537	253.357176
2365.024063	61.940241
2383.270783	223.535985
2383.038507	214.278995
2392.557536	188.526765
2406.328740	181.882666
2403.168422	221.914976
2427.837562	127.288703
2432.707209	66.557400
2436.034338	105.298300
2444.990346	97.178514
2449.009421	227.431717
2456.447975	120.050648
2457.066021	131.604299
2460.172007	75.235039
2468.289565	226.302871
2483.464677	185.045127
2487.463521	85.299918
2487.012644	209.699370
2490.157222	139.372379
2502.838098	216.352519
2502.635654	164.246422
2517.716285	171.428207
2517.456231	95.445810
2539.951624	70.629739
2384.918349	238.946809
2395.584124	137.203629
2459.133303	202.030754
2465.173721	206.053622
2465.876831	161.057823
2492.588745	108.838488
2529.777999	199.231177
2392.509635	176.107418
2357.048978	-36.893889
2358.215171	-23.107815
2370.135132	4.741091
2375.345676	-12.183510
2381.008250	-46.872448
2383.332316	-98.409948
2399.354077	-123.101096
2412.151193	-139.554627
2424.606435	-16.968346
2436.131053	-11.729975
2439.500416	-136.988149
2442.477830	-20.272705
2447.556495	-46.567699
2446.980373	19.057214
2450.525590	-32.346608
2448.639373	-4.883148
2451.334955	-124.919731
2466.341250	-7.894064
2471.660890	-51.234122
2470.952036	-77.686962
2474.263335	18.825332
2478.389838	-128.962753
2482.282837	-24.775088
2490.527705	-57.719361
2502.507725	12.714035
2511.732357	-23.642986
2514.719917	-50.948079
2519.044839	-74.959773
2522.986318	13.954252
2402.867233	-21.763675
2407.636544	-16.415853
2418.286570	-37.530249
2434.409748	-4.170850
2386.866966	-125.304107
2512.594076	-139.169702
2361.311402	-257.767478
2377.242091	-178.833652
2378.888349	-326.656282
2381.031437	-234.637414
2380.311857	-275.159775
2397.815016	-200.442908
2401.695327	-279.040118
2397.462583	-301.297236
2410.838894	-350.802300
2419.015232	-183.391381
2420.117719	-253.454055
2425.740872	-325.943211
2425.890775	-226.573539
2430.362471	-319.220077
2431.762619	-295.281804
2431.934808	-269.452349
2436.345785	-210.433416
2446.694983	-176.874147
2447.565792	-281.460857
2450.700232	-233.036398
2463.952013	-201.042165
2463.303132	-250.315457
2467.145205	-274.672552
2468.585661	-342.321586
2488.028406	-306.261132
2490.600951	-278.194889
2498.969512	-205.416083
2503.881292	-330.486334
2509.473334	-308.592798
2509.530565	-166.441877
2511.561418	-270.504291
2515.304242	-245.392222
2525.892749	-335.128518
2533.732498	-225.958763
2536.908274	-175.459505
2402.142043	-285.988627
2465.416797	-323.077947
2491.280804	-200.725945
2524.928911	-290.217864
2536.500350	-266.950719
2369.765630	-320.390042
2426.200717	-291.550170
2469.451428	-307.089222
2358.326191	-489.036362
2356.237651	-396.896927
2359.036885	-507.100472
2368.812135	-520.744949
2372.464548	-428.737355
2386.936375	-498.231633
2391.182333	-537.638023
2391.514498	-483.384877
2397.930877	-406.596696
2405.502272	-402.447807
2411.268732	-536.094356
2412.640586	-498.240257
2420.788324	-447.458846
2427.033173	-423.189290
2427.648746	-362.108912
2438.074578	-392.934954
2441.535210	-498.038051
2446.505429	-450.043120
2449.185104	-529.273095
2449.797120	-471.633588
2454.566115	-521.049077
2462.679707	-475.558920
2465.056519	-455.274340
2462.452027	-389.613450
2470.511689	-371.355226
2474.068130	-535.723970
2476.864743	-402.841424
2483.895919	-431.133643
2485.561280	-418.540597
2489.044247	-477.120507
2504.103312	-499.116391
2508.448766	-488.354087
2512.072634	-501.989813
2526.890298	-480.184937
2532.233601	-380.275316
2538.383633	-476.468458
2537.273153	-367.046905
2390.145402	-425.543146
2422.953750	-511.827961
2456.449070	-504.688270
2478.901411	-507.244860
2508.635772	-371.047557
2526.033787	-500.552812
2370.254316	-399.993324
2384.269487	-477.696329
2438.387630	-532.967634
2479.902658	-368.412729
2412.848581	-385.944668
2382.781756	-384.696234
2387.810274	-390.004596
2363.388417	-594.255011
2371.761173	-647.738377
2387.136622	-662.774939
2388.751779	-642.764956
2389.158618	-573.021094
2391.224284	-725.856453
2407.346208	-574.207126
2410.008441	-589.043257
2414.244797	-675.965796
2418.918382	-593.857116
2448.115153	-623.590168
2455.050196	-699.034591
2460.560209	-600.539134
2466.738697	-580.280976
2470.212429	-632.339168
2474.823524	-663.808761
2484.486530	-672.938304
2487.082630	-564.199768
2488.063386	-589.026851
2508.060187	-675.238388
2514.663528	-610.352370
2381.105559	-648.021512
2414.083196	-565.455635
2419.643188	-570.808121
2503.091797	-571.400725
2488.779177	-595.340597
2440.771748	-579.147825
2444.591618	-586.326046
2567.338078	-578.370657
2579.400871	-561.576383
2581.603412	-676.841254
2585.861558	-606.773454
2597.648974	-660.017021
2602.263729	-708.764101
2603.128666	-588.368448
2628.516312	-566.825738
2647.373063	-677.433651
2661.029106	-587.483637
2669.750946	-593.514557
2685.814896	-689.095157
2698.102375	-700.484382
2704.208541	-657.175574
2702.659144	-717.505419
2712.545707	-710.522220
2713.992099	-560.269382
2720.770826	-680.266439
2734.416029	-588.101462
2599.371381	-723.602759
2627.638768	-642.980781
2640.444684	-648.894931
2648.227775	-642.256303
2654.442113	-714.997159
2721.644961	-689.855161
2582.349462	-714.735841
2570.655928	-481.755020
2576.657246	-401.046115
2577.803349	-467.212957
2577.336626	-499.808816
2582.425150	-370.255697
2587.322541	-465.291654
2598.577102	-489.827751
2603.200102	-522.772511
2603.912410	-448.411639
2615.352785	-374.487908
2620.039700	-421.152568
2620.037107	-522.798928
2628.334377	-452.051419
2631.331996	-488.281731
2637.517209	-424.011310
2644.947686	-406.014320
2653.846323	-511.095885
2661.266227	-456.454933
2674.711694	-378.430661
2675.398996	-542.743087
2680.635467	-472.628091
2684.630170	-510.833201
2693.775445	-391.858569
2696.034255	-514.871464
2711.822439	-473.340091
2716.079368	-538.243311
2718.843215	-473.553339
2726.083074	-376.166407
2730.568242	-499.990638
2563.098443	-364.883762
2611.167797	-479.534577
2669.578762	-531.463800
2675.309092	-520.047368
2682.165906	-377.601645
2727.586599	-423.407984
2566.881222	-422.603290
2568.829021	-400.349134
2631.807821	-422.493563
2671.312672	-376.708396
2739.915949	-534.812986
2646.818600	-431.022071
2739.432691	-541.195257
2556.682914	-257.032481
2557.948944	-339.888401
2573.693454	-162.387527
2578.950819	-271.828770
2580.050901	-299.977764
2586.064868	-232.181744
2585.365300	-207.335352
2590.256081	-278.227116
2591.229701	-196.132748
2599.528799	-305.434657
2604.866783	-328.226054
2608.487002	-205.799723
2611.357349	-275.340426
2630.831261	-203.511239
2633.632584	-270.160537
2644.912378	-225.747010
2648.730126	-209.603529
2650.212859	-182.754578
2651.333857	-172.251799
2654.399324	-246.786718
2655.764605	-199.189269
2661.588045	-178.114821
2667.445434	-205.847673
2667.535113	-328.793254
2673.677086	-256.277851
2673.806922	-286.629644
2683.895129	-184.451918
2688.666414	-267.119577
2689.658651	-206.096640
2689.814570	-306.107174
2689.494588	-324.877636
2701.954726	-312.920597
2702.463791	-290.656171
2709.059209	-340.148249
2730.925434	-234.654620
2742.272436	-233.521893
2566.852431	-336.054439
2660.326130	-206.664092
2711.970930	-213.997534
2733.900519	-341.971845
2581.442998	-311.411160
2618.782120	-307.626356
2620.619135	-314.942679
2696.464707	-191.682333
2725.994005	-323.720020
2557.774178	-25.919057
2557.433532	1.780287
2562.299463	-107.106939
2566.485228	-142.302854
2566.172204	-60.149572
2585.313259	-116.517140
2598.353914	-116.823063
2602.207615	-44.694902
2597.809636	10.912394
2600.822145	-131.981809
2607.293119	-30.788436
2609.540321	-58.099636
2619.059405	-78.025084
2621.862297	-28.416835
2626.245366	-43.694302
2631.408736	-7.509602
2635.690729	-29.268059
2649.940438	-9.741923
2650.719175	8.453572
2651.929715	27.794495
2663.871766	28.589079
2667.545878	-113.810853
2670.884436	-4.192033
2671.225931	-43.729247
2672.114817	-139.038272
2673.845852	-86.349374
2679.091387	-121.348339
2683.290127	-47.758953
2688.127427	12.999821
2687.055044	-71.323327
2697.512493	4.313893
2696.390908	-68.227497
2694.722680	17.613792
2697.837129	-92.563217
2695.234939	-142.611837
2703.910850	34.391251
2710.067393	-109.025242
2714.947323	-14.289878
2715.772291	-74.055797
2719.761224	-110.184787
2733.129716	-45.466891
2736.807420	-139.039782
2738.675028	-35.266394
2599.731524	36.012050
2606.834918	-142.376846
2624.427217	-110.702648
2702.553722	-58.518974
2650.886892	-63.278505
2691.276218	-115.320593
2694.376246	-16.047744
2697.609491	-8.098456
2657.356607	-101.179543
2642.568180	-131.489094
2564.129737	209.511489
2564.889214	144.891500
2567.973489	118.328631
2571.131864	187.143338
2576.430115	151.495938
2575.468948	72.794979
2584.954228	170.085795
2588.798301	122.750867
2590.488322	220.872587
2598.262481	157.643740
2610.797208	95.989009
2613.968652	216.718292
2629.324899	234.494616
2642.975074	98.601546
2645.503875	70.536168
2647.777947	119.202742
2648.075690	83.955267
2651.978397	213.739336
2656.766216	78.559309
2660.829454	229.861559
2662.112839	72.787741
2661.576366	158.536663
2663.370510	137.717036
2669.187745	91.018744
2678.437898	197.606260
2688.193637	129.643684
2691.385345	59.920082
2703.450193	207.297332
2705.536863	189.722923
2705.263762	158.934687
2711.461241	228.291230
2713.159342	240.544434
2722.910336	207.730704
2612.870645	127.632612
2635.689172	69.671418
2640.891392	184.802990
2678.686401	154.662003
2703.126001	93.183688
2740.124340	98.345326
2624.165356	167.665186
2674.771742	58.247312
2722.144339	118.262649
2688.492577	66.307345
2558.429358	280.340070
2560.795262	429.400665
2567.108809	300.478448
2564.167609	311.853016
2567.262704	255.201109
2571.275862	269.125716
2581.363174	428.992750
2582.942721	379.200295
2594.591909	295.521014
2607.378651	269.811402
2613.966484	389.585510
2628.465942	256.962295
2627.056911	432.281899
2624.447818	343.985038
2629.269435	413.570039
2634.453682	436.027650
2640.033296	305.488031
2638.830874	349.152521
2646.230825	354.051909
2645.009998	343.521196
2652.881211	380.326979
2656.848336	402.736010
2660.850863	307.259214
2666.491862	276.654927
2671.452678	391.755884
2674.217696	356.652614
2675.537977	413.472850
2676.785740	253.378185
2679.605918	316.748488
2684.566050	267.535046
2696.124954	257.950272
2709.919409	340.668261
2711.452818	305.724943
2719.494402	439.728792
2723.349497	307.680071
2724.394905	352.774992
2731.143141	278.782565
2732.491987	412.412937
2732.778287	337.117335
2738.543645	343.146297
2575.226713	435.614531
2641.107713	373.367609
2644.807485	286.746280
2679.381380	436.438744
2669.246057	291.644653
2731.838912	310.601898
2733.323210	301.241782
2558.221765	484.635622
2562.078285	558.450616
2566.897834	533.988997
2603.132085	486.058016
2610.756326	563.092610
2616.655188	574.591795
2623.076319	462.893751
2632.252550	505.487539
2640.547567	628.391981
2646.525668	464.742602
2647.393757	511.422118
2651.452373	573.932629
2655.113500	615.927496
2655.514010	485.702118
2662.449418	610.810653
2663.655220	631.476197
2666.929699	488.195946
2680.392496	606.310801
2687.484164	518.277359
2690.079305	604.319194
2693.440299	588.699423
2700.645121	465.339823
2703.255907	520.645550
2712.480332	580.142770
2717.612031	528.505248
2727.841335	581.606742
2729.309239	554.575784
2736.666054	473.963152
2581.680734	472.046128
2633.997431	537.876604
2676.723417	491.457581
2579.953395	586.414358
2691.888887	532.934037
2717.186968	638.224752
2723.592273	634.158389
2564.584022	805.994452
2566.166039	827.837089
2569.501791	662.839611
2570.266627	681.226696
2581.718424	756.425036
2583.399948	762.932386
2584.333984	793.512047
2584.544106	810.206559
2604.939378	736.581859
2605.717102	819.376537
2610.166790	763.378600
2612.574189	671.906320
2622.162937	780.789058
2622.400681	665.191042
2623.869714	708.782657
2629.020821	752.759434
2630.258082	801.122807
2634.906245	709.848803
2647.563740	837.455664
2646.473223	804.347121
2653.733270	696.721643
2662.620490	819.165744
2668.510579	739.089060
2672.735814	691.143352
2674.061849	809.536829
2674.591713	772.802567
2675.766414	739.747494
2679.089116	782.497059
2681.261958	721.580642
2692.436884	654.732065
2697.851812	803.545045
2699.857903	760.997607
2699.019588	820.755691
2705.455181	686.714440
2714.780694	724.114759
2719.175294	815.163039
2719.356577	772.543917
2731.245916	797.398745
2732.485993	730.575618
2731.870004	702.488450
2735.500586	651.777872
2739.725595	740.381501
2607.445787	699.787320
2637.022595	726.556445
2719.301911	779.067174
2556.015903	934.051452
2556.296101	866.280175
2557.582959	1020.332522
2570.586278	919.186006
2571.435143	910.146794
2569.184143	943.629157
2573.799998	883.601610
2579.093328	945.421820
2582.402029	902.280533
2589.206522	895.818901
2595.081192	995.618254
2605.491684	943.765318
2614.815495	978.344338
2615.960115	1006.944156
2617.389134	901.595765
2629.645538	986.941753
2627.945525	913.956414
2631.847284	948.849660
2630.870616	897.177153
2631.569096	1011.854014
2643.559993	898.308349
2640.989154	928.939734
2645.585830	957.323218
2651.304128	997.637273
2648.151116	1026.628121
2651.726440	931.447938
2646.758762	861.509956
2655.499462	1004.342938
2661.524484	878.825878
2667.206240	862.895955
2667.432590	903.668752
2668.755225	970.917305
2673.351804	979.056839
2677.557989	1037.894134
2690.175397	939.722635
2694.832870	857.284077
2697.609071	973.229756
2700.368250	921.625365
2701.549698	1007.007738
2702.406440	934.084679
2701.877382	987.156333
2707.169903	992.181366
2711.478436	972.110041
2712.151109	1032.601774
2715.840858	950.531915
2715.586714	911.703828
2725.856589	974.322950
2719.839854	1025.456471
2589.109627	969.271995
2594.065556	920.817547
2599.649946	917.178555
2633.692838	995.256909
2663.974542	1013.612291
2569.449941	1019.848199
2643.340936	877.668166
2660.608253	940.068766
1153.432233	-570.493283
1142.313775	-598.620628
1037.294812	-357.840778
1075.160768	-353.227197
1106.941565	-354.998414
1148.703630	-368.270193
1153.470549	-526.810340
1151.415095	-384.072478
1147.082447	-466.702335
1147.471083	-292.943420
1158.089882	-169.420323
1038.117544	-153.109378
1145.867172	-284.995609
1061.879173	-154.827750
1068.541907	-147.483900
1144.333086	-145.518498
1147.258308	-38.878277
1150.667663	-54.041903
953.302027	-29.328453
1106.533251	42.852305
1142.533325	-125.606855
1061.674620	45.892379
1150.361096	-28.401422
1063.547067	245.930489
1085.440831	246.982850
1145.500315	186.076042
1147.533816	65.966865
1149.229642	129.913559
954.158973	99.585898
956.878102	63.214537
1144.207483	55.064982
973.388733	445.522156
1006.045591	448.141294
1030.171744	449.634225
1152.454801	428.797769
1142.031462	544.607547
1142.405619	520.302544
1042.683786	647.902841
1115.694046	643.430110
1140.675758	754.256730
1146.692696	673.650643
1137.886403	984.069757
1151.488501	1037.630414
1154.991182	907.923100
1152.689451	1029.247045
1143.580356	980.399152
1148.469962	866.501445
985.380665	848.902343
1343.535521	900.442153
1341.786623	716.973102
1343.355317	665.821111
1160.526944	245.497800
1210.427974	247.928639
1238.440197	438.188002
1324.050735	248.347858
1344.784937	312.498074
1349.282490	253.845899
1343.714658	332.634445
1168.395665	242.315199
1315.114563	44.196962
1337.665601	-85.560817
1342.028083	28.706317
1297.701215	-147.812229
1333.028016	-186.012873
1346.652154	-522.458975
1345.333450	-449.633047
1347.186110	-460.653066
1340.783408	-610.687316
1352.043777	-274.270177
1452.492450	-347.095531
1485.541172	-154.010418
1543.165546	-175.115919
1550.925703	-244.699204
1363.375565	-75.164037
1545.894570	-98.090152
1549.189937	-45.723057
1550.769893	-79.851545
1550.782960	-19.532248
1552.241028	-57.538581
1499.121676	239.274150
1540.887383	219.703163
1549.086390	154.885989
1372.560516	451.405604
1533.763566	446.622654
1547.433988	426.933722
1350.871912	799.532140
1506.654186	846.958993
1544.640285	817.839648
1546.677490	798.764453
1381.439585	847.156476
1541.683661	761.438896
1502.535096	1041.702794
1525.600851	1040.363702
1541.325207	870.104735
1546.664868	927.899719
1544.747099	1029.911547
1551.023946	914.364063
1632.021391	848.411656
1691.822932	1037.324351
1693.401435	1043.903411
1731.616153	846.757984
1744.745555	871.519505
1683.145255	845.110664
1704.163929	845.709649
1721.291109	843.119665
1744.045766	849.955161
1625.568098	643.383675
1735.533165	644.456744
1742.799913	735.568867
1745.139952	756.140150
1749.332244	692.814909
1725.217045	644.842645
1650.621003	637.537818
1556.256319	567.746934
1625.519521	452.651451
1685.587195	640.402291
1693.797709	641.866143
1749.161461	609.745452
1743.050725	550.892242
1580.081461	246.295979
1664.458040	245.323881
1675.444270	248.391646
1727.127519	246.151943
1741.024928	424.526872
1741.553348	349.377994
1744.653887	384.446040
1749.411992	255.266706
1750.438970	404.146478
1592.152907	243.436566
1616.811603	244.863755
1747.499209	322.650823
1580.621081	46.016022
1741.972249	223.966133
1747.575924	73.545821
1747.712746	133.895215
1600.818696	48.437998
1607.201011	48.714091
1688.900404	53.604703
1579.211049	-157.290991
1624.316248	-158.957289
1740.724121	-133.460719
1742.306885	-51.182921
1745.627387	13.611015
1745.597265	-101.023270
1745.788931	-21.973946
1746.960471	-115.601359
1748.561370	-71.253300
1750.819676	-93.230396
1554.139411	-318.147538
1567.112296	-353.424380
1597.288680	-357.508224
1678.340627	-352.759281
1743.162625	-238.239736
1743.804183	-220.433676
1554.307922	-350.096903
1744.741767	-268.440739
1751.463873	-248.804112
1570.851653	-553.549078
1750.958292	-423.262159
1749.869779	-381.803639
1553.813172	-400.481870
1899.113620	-354.047048
1945.241958	-491.501887
1808.810287	-156.226263
1827.631195	-159.417387
1901.615255	-154.065311
1944.149208	-296.465258
1944.872167	-287.653439
1947.919638	-280.405950
1951.164319	-162.988168
1814.790790	-347.968648
1909.599318	-155.368701
1944.075215	-331.434885
1777.799979	51.814856
1943.288328	-104.892839
1944.488787	-41.388719
1946.747987	19.021658
1799.181892	42.614784
1848.248821	44.614789
1875.945466	52.945154
1944.462688	196.422916
1944.927563	94.816158
1948.488929	113.207031
1949.656487	227.027278
1794.716727	247.229497
1869.344771	244.059999
1773.315169	251.844618
1843.819316	446.976393
1849.716702	257.681062
1950.229259	362.928422
1947.185671	341.171289
1766.653804	648.749737
1865.401743	647.803962
1888.210940	451.118353
1928.112265	642.666888
1942.325279	582.670688
1946.311089	626.272526
1950.185530	619.516222
1935.544244	644.114623
1803.982064	840.379717
1948.256845	672.356342
1949.481873	788.048026
1751.209579	724.680786
1940.723095	906.879483
1951.714485	1008.572316
1947.074027	977.956668
1952.373081	1018.579828
2028.567522	845.290473
2145.987104	921.450568
2146.483084	907.449633
2112.473844	842.483209
1950.527359	644.812314
2064.514755	646.201616
2149.184863	829.385723
2094.127800	642.907801
2147.829840	821.174711
1956.812948	458.092498
2013.703362	639.722049
2146.714973	459.448872
1955.181127	484.956206
2013.341732	438.421981
2095.855282	247.430003
2039.316915	239.211465
2071.198300	241.690120
2138.805661	356.980375
1954.195651	53.381873
2044.025518	46.626926
1985.694446	-159.912243
2113.195730	-156.741877
2137.500686	-95.187237
2148.877679	-144.265681
2149.663307	-56.542940
2091.077094	-149.096814
2146.979160	-82.764625
1953.802187	-259.610581
2144.813543	-347.659400
2146.710750	-264.183163
2146.763181	-254.380524
2147.380302	-189.612392
2011.957049	-349.213205
2345.066081	-492.365067
2278.756864	-153.116274
2314.126503	-154.785118
2339.933657	-314.292362
2343.492147	-101.689075
2166.468895	241.013812
2184.566511	245.111958
2161.970951	444.589562
2298.546474	448.322784
2341.205830	485.985691
2168.035058	451.495655
2154.836752	797.790181
2347.984947	714.415466
2348.824502	662.181455
2303.587917	1040.890225
2347.577542	1004.850729
2347.542025	1015.756325
2348.277371	882.553151
2348.935086	891.356938
2364.226909	845.055398
2398.336544	1041.936674
2429.979754	846.695615
2446.103256	1039.646411
2511.849555	847.884480
2521.405418	843.079329
2543.157860	1024.151758
2552.154830	914.083251
2374.716683	646.673485
2549.167862	715.326849
2353.141300	689.553688
2366.819712	640.421469
2352.948992	308.341630
2354.739822	412.612135
2448.537970	255.043460
2545.943777	348.868704
2353.095414	240.218489
2544.531751	137.817560
2376.218356	36.766197
2383.840168	-153.579770
2401.263933	-157.588797
2449.539476	-153.928077
2428.223344	-158.606922
2412.611704	-356.508413
2443.960573	-357.337201
2547.831769	-292.876710
2359.502836	-554.071791
2543.154862	-402.547326
2548.640134	-457.677453
2539.937725	-597.922596
2674.989292	-553.460853
2684.482763	-156.252987
2742.080592	-260.513170
2653.526395	43.607734
2611.106654	-147.644376
2552.769961	301.663159
2658.013720	255.352342
2567.243990	648.187248
2687.858025	645.652202
2554.345148	462.895549
2554.592699	620.103951
2676.157375	843.967909
2721.854052	841.627304
2597.823301	648.866606
2575.810512	1038.689566
