681.396272	2287.753964
686.168652	2362.936154
685.860850	2318.010653
688.870142	2300.511870
695.559682	2447.018880
705.746371	2345.145223
705.037862	2282.316780
707.094043	2325.166249
710.724200	2414.283088
708.083707	2422.283022
717.842122	2384.252561
717.177279	2360.234773
722.248813	2281.107114
727.293784	2424.263123
734.478291	2404.337100
734.295831	2355.260149
737.206906	2292.052190
740.055156	2336.432862
745.895810	2458.337763
744.461973	2437.925558
746.117182	2370.747455
751.742697	2405.978685
761.943369	2451.272265
763.550961	2436.444450
767.206985	2412.588445
765.255828	2372.026353
771.162514	2439.482242
778.248851	2319.093499
777.887226	2348.925892
789.022940	2298.298839
793.097881	2393.169663
794.153900	2288.886945
801.350532	2411.658747
806.537384	2388.152918
808.078681	2348.791142
816.105034	2336.430285
820.464391	2438.823175
825.732040	2282.106732
830.120835	2381.243167
836.789646	2430.224911
836.791829	2316.621216
840.962309	2441.667931
860.499949	2460.011721
862.273039	2447.485321
865.312935	2349.508593
690.623117	2286.353369
714.566990	2300.852004
724.727132	2387.910263
723.302295	2328.877729
759.129695	2290.071959
784.247607	2448.834112
796.500205	2355.933398
800.768630	2395.066335
804.693989	2428.184458
856.107622	2308.932559
746.559731	2443.156940
807.301701	2316.454884
752.855599	2283.300441
812.662547	2363.492292
688.332284	2598.112429
689.719716	2548.795923
699.621932	2644.577126
696.516127	2489.385645
696.940082	2578.167776
704.887141	2645.473279
705.408017	2551.681247
711.766184	2520.489083
716.855098	2664.552067
727.289070	2559.281104
725.644433	2607.659986
729.295548	2568.052298
727.384459	2484.455968
730.225846	2512.794781
736.042399	2485.290281
743.896458	2480.799420
746.672106	2528.288057
751.704839	2566.706395
764.872685	2646.424332
770.405963	2567.300929
778.930283	2499.058213
779.182251	2523.830858
780.553295	2550.417816
788.845077	2649.807195
791.221688	2593.845624
791.441798	2553.772741
795.397137	2487.816849
803.976634	2631.552876
804.365157	2573.384964
811.275952	2593.781798
815.074472	2518.932040
815.757458	2476.527391
824.503708	2639.518096
829.949509	2546.753642
836.010320	2566.325752
839.707124	2596.422933
844.316031	2647.404087
845.832627	2573.663010
847.579211	2527.771907
865.271265	2492.205276
688.923789	2623.865267
689.331557	2531.909610
767.663318	2534.114930
800.694860	2513.002176
820.479075	2584.935088
864.460272	2618.064096
847.340093	2539.320645
816.615197	2569.076015
830.977571	2510.765985
682.738240	2803.881361
686.683008	2750.404912
698.761534	2826.515641
701.821689	2806.286133
700.655966	2863.908583
701.022444	2680.039619
710.182240	2722.527993
712.777979	2770.256538
723.791991	2845.244912
726.115582	2707.673552
731.739482	2853.611495
749.551094	2787.397310
750.654579	2805.204695
751.133337	2740.550664
752.905046	2834.177138
755.640224	2787.616290
758.799872	2848.583239
760.515636	2766.298776
761.318337	2702.161662
768.584688	2783.304296
770.190434	2758.457240
776.237937	2726.206571
776.097444	2836.186485
777.428225	2806.662871
790.580189	2742.508228
791.840294	2700.956509
799.698699	2775.791468
800.333532	2680.119093
807.360018	2707.487377
813.847316	2685.450090
814.388770	2745.268817
820.613903	2700.343839
816.293194	2846.076174
847.076257	2759.129552
848.817681	2832.653057
851.244295	2789.883471
860.584129	2683.291485
856.769801	2705.797162
860.224478	2733.101318
860.393563	2847.912135
688.800723	2761.810060
696.733997	2778.113064
700.618799	2835.128254
727.916174	2816.592884
759.284088	2809.860793
772.738130	2793.232507
795.028836	2766.459522
794.918781	2795.942096
792.229240	2858.321512
838.654573	2751.483728
855.232285	2862.248837
701.080301	2856.611686
684.267573	2959.721964
702.706799	2934.428580
704.240323	2877.686630
706.793114	3008.877684
706.792107	2951.430128
710.336181	2992.886755
711.619542	3058.415298
714.552198	2913.798085
727.595481	2949.087541
732.922433	3034.721073
734.702065	2991.148854
738.288365	2898.812585
743.362942	2909.433365
744.565166	2991.729346
747.222597	2921.397061
750.096211	3021.924976
750.036029	2947.694709
754.839593	2973.061756
770.356269	2922.279909
773.432283	3062.283581
775.423780	2993.262291
779.715019	3023.433364
783.344579	2990.780326
784.813303	3009.549622
798.442035	2920.851382
804.193361	2890.789859
813.713595	2951.759482
815.221598	2902.342687
834.537860	3004.029286
838.944454	3040.173215
840.898907	2957.457719
847.631426	2917.027031
853.912295	3045.839433
857.335643	2961.779550
856.193893	2938.929650
698.529610	3042.781929
745.662524	3063.077663
777.889527	2959.376378
837.598453	3052.281746
845.402756	2902.386669
866.847532	3025.104789
750.579495	2931.574716
696.410370	3158.654073
705.420943	3090.298553
711.510905	3079.761546
712.323431	3201.218553
722.268254	3096.569353
726.933803	3226.351054
729.544125	3156.850899
736.301225	3125.385743
735.714740	3149.322332
746.064110	3118.964023
752.566160	3102.024963
753.672296	3157.087875
762.755242	3082.457363
767.786746	3130.665547
767.488669	3118.142864
777.279972	3253.544857
787.731065	3140.660874
787.553568	3158.783101
788.948879	3217.082633
790.820370	3240.967380
794.806447	3128.811285
797.600104	3158.201642
799.273479	3225.855923
805.724270	3175.084411
811.180089	3117.276381
815.321119	3101.125581
815.270753	3205.471092
817.338735	3238.904209
832.396663	3132.242528
833.652698	3195.900780
842.210171	3228.518516
846.675630	3235.907408
854.473796	3095.807484
765.769700	3112.831362
770.093391	3221.941707
805.549178	3075.492501
848.062751	3206.533654
845.324111	3186.077139
851.526639	3183.014940
680.117929	3348.178998
686.071919	3355.347011
686.699931	3309.481438
689.997116	3405.024533
693.604788	3460.348664
690.943440	3438.141869
700.672416	3383.475086
702.867017	3315.369600
702.971706	3340.740378
708.455310	3367.120088
709.418417	3417.898872
714.855720	3281.228410
717.451657	3302.368686
721.248892	3346.259126
731.810841	3413.560733
737.789776	3395.467735
742.289384	3443.187392
745.665831	3353.350216
746.594154	3420.960227
748.805799	3300.915591
760.802161	3426.898504
766.994691	3306.762747
766.892649	3338.066135
770.648220	3361.734921
778.255895	3305.142335
795.112741	3369.325204
796.287809	3423.711195
798.101800	3440.903005
796.078596	3452.306122
801.875792	3413.972655
802.667792	3388.175391
803.623500	3295.583120
805.580490	3355.227926
810.415961	3441.544465
818.471390	3292.811943
820.800991	3347.513824
817.928347	3315.632230
825.691615	3368.740080
827.986147	3320.518423
832.951409	3283.436031
837.745138	3438.174776
838.630553	3427.979698
840.044133	3308.228792
843.020904	3402.482688
844.299279	3458.179409
845.032949	3315.064546
850.063470	3463.519178
863.842436	3369.455768
865.925707	3344.454005
866.577678	3408.793743
710.571199	3334.329114
732.768491	3331.356168
758.705186	3405.500778
825.313800	3393.267469
856.909801	3290.231024
685.209973	3577.493037
684.766781	3657.874640
686.855508	3502.459011
686.401354	3610.423089
695.877932	3537.201760
703.798632	3583.726871
704.064270	3494.722369
702.323790	3645.644170
702.493626	3556.148247
711.600969	3667.960556
719.269551	3512.931536
721.144702	3609.403892
719.671814	3644.039085
729.259766	3535.304569
734.168502	3647.546274
735.212125	3553.014900
734.129263	3620.789161
740.825441	3586.439753
744.692568	3625.495332
752.048460	3642.606198
761.104746	3564.333770
761.081155	3637.755359
760.773947	3493.741741
761.247163	3663.047694
761.311392	3510.564616
769.797119	3553.313148
775.507999	3649.286350
772.008411	3510.363377
771.058834	3481.301080
775.020856	3591.083916
786.414036	3592.775674
791.843939	3575.689578
798.640996	3596.345365
804.325478	3636.264238
807.184199	3543.950384
811.798362	3490.050267
815.178078	3588.468929
817.188183	3525.677522
818.243573	3558.350368
816.850271	3621.351779
820.132169	3581.587687
821.187071	3652.737526
817.569751	3632.788369
829.977572	3490.430287
837.008727	3614.843597
837.105679	3643.154026
846.077937	3509.080100
846.413776	3546.660609
849.915101	3491.477844
857.312136	3653.707998
855.761777	3632.482674
712.332285	3594.749594
763.375198	3615.165960
856.064130	3581.966384
860.221236	3588.852801
684.508070	3823.867702
684.788694	3792.369179
702.552177	3863.181364
699.024491	3762.567015
703.556902	3814.903656
704.400781	3677.557582
707.407342	3794.102807
710.781040	3783.615599
710.660130	3804.489766
710.073208	3722.358114
710.263326	3730.552946
711.258637	3757.082290
714.923324	3862.461557
716.756016	3698.642459
724.300048	3748.414986
730.377028	3857.948618
730.835785	3805.409491
734.852003	3733.540980
738.766733	3689.991720
740.902564	3797.955392
743.364117	3761.052816
747.920697	3855.853605
750.352340	3821.679666
760.148643	3801.694730
762.683852	3691.957235
778.981129	3680.806073
779.203530	3694.844001
782.439287	3741.688895
782.583634	3852.079459
785.372976	3835.376580
787.664383	3798.122900
799.048851	3774.368114
799.829818	3784.910253
800.072437	3742.626861
802.708306	3811.755087
801.557334	3855.947544
803.908893	3758.302414
809.136355	3786.467381
811.067757	3833.208494
816.069589	3805.902254
816.391749	3694.409012
817.756939	3733.651324
824.710746	3781.813306
825.171980	3768.996536
828.817455	3841.673525
842.012640	3757.114414
837.890950	3810.672019
843.647341	3685.076518
847.956270	3720.933637
845.355765	3772.025481
845.333275	3711.566710
852.518877	3739.028753
851.522147	3758.242132
861.048429	3684.130716
863.170656	3764.715349
861.569459	3702.360951
863.701139	3797.520770
870.053465	3841.135372
788.651423	3721.009879
752.687962	3758.076410
725.478002	3851.816414
687.087512	4001.360435
690.463973	3964.678317
696.689059	3911.409997
702.512210	4001.592573
702.147414	4062.307224
704.226655	3896.380805
708.989131	3952.557051
714.124774	4037.191182
713.066513	4012.601682
731.183328	4038.706033
734.857954	4049.695121
739.154141	4008.580708
737.263534	4038.948379
745.431760	3974.995735
745.125705	3882.925137
751.406964	3892.086081
753.972012	4054.813328
768.234297	3920.878199
766.616685	4067.419205
769.473219	4033.607055
771.430470	3970.595048
775.266692	3895.829848
791.879844	4030.633584
799.698600	3958.542069
810.964358	4040.986182
815.153060	3987.133149
814.373475	3881.632893
818.493494	3912.150700
824.077917	3978.251183
822.184664	3941.151649
825.643764	3970.381459
824.830220	4056.445240
835.956736	3993.378507
839.369077	4004.064838
847.500891	3984.528691
848.815990	4055.467517
847.385433	3972.622506
854.205843	4029.036489
857.085154	3940.377629
861.680418	3963.630151
861.586725	4046.454175
862.776847	4033.790952
865.213717	3981.541932
865.224882	3879.781600
704.276897	3914.393730
713.955548	3965.761017
723.206307	3976.809727
726.194339	3905.472564
725.025854	4024.171349
839.870669	4033.471461
828.069737	3948.821540
878.641718	4064.220462
881.454767	4039.907712
896.902183	3918.736452
896.294800	3895.713060
895.585517	4047.930925
898.696884	3955.805294
915.175274	3896.571467
915.510650	4041.439480
915.774966	3875.191891
924.878374	4048.434102
922.286683	3976.502328
934.284083	3938.174014
938.152684	3945.231518
938.825317	4041.668394
936.442110	3932.173239
942.991375	3994.497708
944.322516	4065.556880
953.352149	4040.986998
955.095866	3925.488655
957.241434	3905.247044
956.443083	3983.150051
962.942243	3968.307276
968.414377	3922.589720
973.399213	3900.552962
973.287188	3956.004229
973.926788	3990.145428
978.916830	3884.810830
979.885832	3915.227103
980.415123	3995.574317
984.704111	3950.546706
985.510466	4012.616337
996.609231	3996.643156
998.835782	3916.573656
1000.523434	4004.247447
1005.680716	4054.895349
1014.432187	3952.828632
1014.289372	4035.041035
1017.441503	3904.375259
1027.514400	3920.884451
1034.708188	3886.849999
1037.523080	3990.781425
1040.733568	4050.693394
1044.217115	4026.984808
1047.983190	3956.688876
1056.319063	4009.742824
1053.748954	3985.076307
1064.456111	3977.716399
1062.162051	4022.734757
1066.847124	3912.321249
886.315133	3962.836819
932.651533	3897.546121
1064.175243	3890.079877
1061.991577	4005.669729
882.526299	3743.473785
897.554148	3738.704513
899.531928	3830.749910
902.552986	3715.645793
913.301855	3772.713863
919.520535	3700.604118
928.227890	3744.288112
932.124575	3768.436812
938.898433	3718.135224
938.711357	3808.752368
948.542346	3718.000330
950.123345	3861.460987
955.503946	3704.843280
957.716210	3823.555240
956.503662	3740.711908
958.256626	3773.775739
964.668980	3850.024949
961.794689	3684.095124
970.517821	3835.261413
985.328304	3779.962412
994.684966	3820.919925
1001.249919	3751.857587
1002.860083	3772.110378
1005.579940	3847.923792
1009.699711	3776.531572
1010.422810	3706.583826
1014.158096	3734.656500
1020.015092	3847.477165
1026.817299	3770.075291
1027.931908	3695.619398
1029.261830	3730.282196
1030.517064	3799.159903
1034.228995	3745.688021
1035.556360	3727.042852
1048.602538	3768.939574
1056.172754	3748.070105
1056.654640	3790.967672
1060.425055	3863.436187
1066.231007	3855.155490
1070.823568	3711.734160
913.063670	3816.753224
918.696508	3808.848480
1029.163658	3739.379016
1058.974766	3839.978611
926.934544	3829.555875
1068.392936	3697.347738
886.827547	3632.672662
886.237546	3617.601552
890.592545	3542.139129
891.360286	3503.161343
892.217291	3611.874305
899.342228	3485.674832
904.021674	3601.510256
907.922693	3589.067756
910.177667	3647.788378
916.565138	3630.069051
923.562126	3536.822572
938.446080	3600.403083
937.276579	3520.706855
942.851128	3635.614397
946.068627	3579.137756
949.031309	3516.476960
947.150698	3560.044725
951.095850	3654.730357
957.469061	3591.536672
958.133900	3531.689382
960.269419	3632.258797
964.877249	3644.092527
962.315301	3523.744561
970.514055	3601.884016
972.939685	3638.476151
973.041346	3552.339336
975.675273	3503.456514
986.124212	3607.051054
986.054110	3631.637203
987.435407	3529.548427
986.105160	3586.906216
989.182563	3620.377413
991.167407	3630.691440
999.829196	3500.334605
1023.434299	3598.389271
1026.606189	3632.400285
1046.299004	3548.509873
1046.756254	3487.618845
1053.904882	3507.491106
1057.297828	3579.235250
1067.956926	3651.134108
1066.917851	3636.008903
925.672455	3573.411829
881.094438	3306.698208
887.810191	3389.348486
889.719730	3330.190851
901.910724	3457.214991
907.520786	3381.013279
907.779479	3295.164100
917.549142	3300.915785
924.233607	3327.777101
930.209759	3447.808810
939.137425	3370.761244
939.881558	3351.059093
941.549088	3399.148563
953.727272	3443.969211
951.184887	3391.620005
959.904776	3316.807341
961.184713	3368.626091
967.280401	3278.511261
969.442395	3346.559239
970.474059	3328.704356
986.102140	3375.203171
987.159893	3303.325953
993.711786	3437.992857
993.093925	3425.083200
998.115322	3345.364218
1005.477039	3402.384269
1004.051182	3447.364781
1009.145308	3392.945356
1014.262898	3282.118090
1015.291041	3344.177381
1018.804262	3437.553472
1021.268046	3324.529510
1025.133311	3437.660948
1028.795428	3278.674128
1040.886746	3338.590144
1045.741296	3444.940779
1050.210517	3463.951722
1060.660672	3287.120006
1062.455840	3354.446183
1068.050463	3382.225335
888.681174	3367.881217
947.567909	3284.311834
987.261216	3365.146058
907.784951	3433.353553
882.042801	3129.984578
883.726154	3091.251367
884.854945	3175.648088
883.191285	3194.659960
887.879410	3142.000321
890.456010	3116.279741
889.443488	3225.664832
894.642454	3190.471855
904.225280	3081.039067
904.894852	3223.896507
906.088812	3160.289236
906.812744	3141.665382
910.006019	3199.429313
915.211587	3171.902125
919.619483	3224.487482
923.251302	3257.336129
929.222171	3105.660247
931.815120	3123.158751
932.294614	3207.400913
941.689959	3125.823435
942.677734	3083.041426
944.761136	3265.133027
947.826084	3122.074042
943.668079	3178.774192
955.328033	3230.389290
955.305323	3080.103747
957.921663	3213.506531
964.274157	3171.585766
967.031798	3253.266981
979.530400	3142.806490
980.963536	3110.344955
986.474415	3221.605133
986.162850	3204.790428
989.329318	3181.021125
989.738970	3095.829583
994.809763	3137.492836
996.056400	3193.642785
1005.199725	3081.147110
1008.928517	3168.838717
1011.361220	3199.794134
1013.487103	3144.871155
1014.547984	3240.417623
1024.714051	3172.001834
1025.820064	3133.811549
1034.790247	3138.331048
1046.738288	3170.675577
1053.004466	3219.628333
1056.107530	3135.806310
1055.768074	3175.677433
1066.148567	3219.742380
1064.973076	3165.892701
958.080001	3098.238085
971.987605	3210.593755
992.399997	3148.456819
997.658349	3098.188859
1036.443455	3248.527374
881.171130	2937.860909
884.938482	3019.203148
885.850102	2927.867672
888.265924	2889.012130
890.730825	2946.092264
888.765097	3022.596378
889.995246	2960.190685
890.527450	2881.760383
896.165502	3048.073462
897.178783	2912.774704
900.631824	3059.088243
905.830275	2948.992704
912.325105	2982.336782
917.688834	3054.602610
917.424492	2907.620654
920.181882	2883.155431
933.306097	3016.981360
934.336097	2998.139150
946.502540	3020.307756
946.919341	2976.067167
953.805501	3043.286815
954.119673	2911.097438
961.620900	2897.960426
968.314599	2929.134313
969.318798	3019.249083
973.023149	3003.182243
974.826529	2902.225395
990.192182	2913.249739
995.591455	2955.208938
995.801540	3007.493650
1002.871563	3017.262590
999.750532	3059.460211
1001.159568	2951.736836
1008.109847	2984.298798
1011.577359	2956.812653
1017.325958	3006.592679
1015.287759	3061.390974
1015.776540	2916.365075
1023.952517	2937.886822
1031.822015	2957.358738
1036.576137	2922.250339
1049.169090	2963.457242
1046.093766	2935.484803
1048.450408	2954.314196
1055.222991	2963.680884
1053.871771	2936.723681
1054.380380	3026.062118
1060.196055	2906.925079
1061.885926	2996.050258
1062.282604	3053.109637
1064.629555	2881.851918
1066.445068	2960.570061
907.932192	3024.694299
922.611567	2927.274794
978.356970	3039.248668
1024.741233	3044.121334
892.494103	2891.717287
881.312413	2703.950053
881.714787	2809.048144
889.209634	2699.824782
903.347231	2795.257739
907.204387	2766.959898
905.251885	2720.503809
911.292250	2740.246481
913.588907	2715.235130
923.582915	2836.077697
926.847169	2819.992410
929.750164	2813.160536
933.113825	2794.759006
937.414638	2690.941550
940.457939	2849.525373
950.131880	2788.083001
955.756523	2708.010038
964.904642	2678.710056
968.685331	2845.503320
973.241312	2766.971892
982.397151	2806.310510
987.399543	2823.680485
987.510141	2727.798550
989.390115	2793.037415
997.579394	2763.228678
1007.113635	2779.352737
1016.188027	2862.928997
1018.112754	2718.960629
1019.102693	2852.601901
1017.164617	2813.918345
1022.490358	2739.044997
1025.624631	2793.061756
1037.816929	2703.433182
1058.568312	2858.296291
1062.740579	2722.649337
888.366407	2793.941209
940.886850	2716.227712
940.379770	2704.227644
1016.275422	2689.789772
1038.383431	2859.253613
1041.785399	2814.694576
950.980373	2825.964883
960.365432	2822.339288
902.566524	2858.210800
952.390947	2802.361571
1027.828848	2784.379855
896.881825	2589.401108
894.738799	2493.255892
897.976950	2507.957051
897.151684	2580.317905
900.028600	2620.927384
909.456115	2547.013950
912.657632	2508.940294
915.916109	2599.064175
925.253977	2571.987345
934.759409	2586.180008
936.955284	2613.264662
943.793128	2601.572277
941.178785	2502.800000
943.319747	2509.796535
946.252708	2519.267046
951.204885	2486.441499
949.845202	2549.786626
949.910264	2658.756218
960.839544	2490.873317
959.599663	2575.077821
969.695172	2482.631437
974.573056	2501.846263
976.147345	2615.510829
986.068542	2584.466867
989.341328	2489.325741
984.165695	2565.336472
990.801805	2554.993000
993.194835	2585.615557
995.504754	2549.825617
1004.368895	2530.095692
1009.276390	2644.558420
1009.332459	2601.062889
1019.128330	2522.689321
1014.836998	2554.172642
1020.176995	2502.745694
1024.278242	2496.001516
1030.854476	2540.243670
1031.039102	2558.208170
1036.857134	2664.980723
1041.601393	2608.222792
1052.152623	2551.330342
1051.766716	2632.558959
1053.453769	2565.765840
1062.702811	2619.691776
924.273335	2517.480461
973.818322	2513.584533
1022.249212	2575.101634
887.586460	2610.789954
914.729964	2634.937201
886.193429	2358.721409
892.429378	2393.726636
898.813436	2363.593997
897.977438	2405.274435
899.187064	2356.566301
905.901746	2343.266470
915.065538	2441.311113
918.090367	2307.819538
922.372180	2297.308820
925.188942	2361.695983
926.675450	2340.939896
927.775148	2396.020495
940.989449	2345.877013
950.960453	2299.216705
950.596407	2383.700144
957.199575	2336.416321
953.730276	2361.907896
970.866697	2384.258233
970.894856	2454.367781
972.949606	2421.981018
973.576306	2330.564482
971.018640	2365.993298
984.793110	2294.352490
991.942795	2408.801038
995.145070	2336.052603
1005.331201	2298.689224
1007.384728	2311.695044
1008.229605	2328.827730
1007.283459	2450.798548
1009.855136	2382.135678
1017.443566	2371.559705
1021.844241	2406.254593
1029.338222	2322.347123
889.478051	2449.985468
918.522462	2384.161645
966.789663	2279.034274
1006.315276	2428.522919
1022.835199	2339.763070
1035.809890	2326.774984
1067.363169	2431.918215
889.725298	2329.520084
1002.118799	2408.123413
986.452523	2430.098632
1023.252379	2391.843944
1085.242844	2437.583048
1087.620219	2342.828645
1092.007081	2327.704294
1100.893542	2454.612129
1101.364821	2435.339505
1126.288966	2425.680691
1127.923262	2281.957260
1131.093352	2364.336953
1137.957499	2418.143087
1150.860300	2428.112444
1153.554675	2398.787041
1160.348428	2420.981547
1170.500806	2448.629861
1171.531639	2349.053607
1187.075397	2454.352479
1194.046780	2370.354732
1199.469236	2420.084437
1196.406516	2342.451334
1210.665723	2451.811071
1211.033069	2391.886898
1222.219478	2386.606495
1235.956311	2377.027900
1257.820365	2363.272014
1226.881573	2402.261734
1092.673279	2553.831208
1087.803046	2586.201099
1092.800663	2635.186377
1093.375388	2610.814160
1094.299533	2506.199520
1100.757694	2523.067514
1100.122150	2538.457566
1107.369593	2556.296425
1114.514651	2592.515932
1115.347323	2558.218833
1128.744886	2576.558705
1130.773695	2623.848125
1131.871991	2475.788046
1133.137425	2542.240088
1141.351194	2655.687648
1142.502145	2496.644787
1144.227275	2554.370819
1153.017934	2576.911383
1159.152465	2540.032611
1166.057163	2625.753160
1166.845727	2538.243279
1167.004700	2579.482344
1169.838314	2643.856874
1170.934679	2570.315594
1172.823009	2618.257005
1192.280499	2607.873115
1193.215377	2515.648647
1191.372653	2495.351562
1202.263507	2592.465475
1206.485177	2547.492423
1214.904880	2620.670303
1216.837164	2480.621819
1212.368267	2522.089711
1213.961077	2648.255677
1220.101310	2510.032380
1229.334485	2638.873623
1227.751474	2646.617653
1233.760610	2512.615465
1235.143901	2588.176137
1244.125251	2572.151649
1248.538817	2598.707593
1252.385451	2653.459108
1253.554241	2535.091073
1253.568261	2482.197999
1260.365065	2512.710509
1129.358458	2522.252937
1133.528711	2484.537577
1137.376595	2523.787872
1200.072942	2523.572909
1229.181865	2488.234881
1123.468544	2563.896565
1083.162428	2819.205166
1103.592362	2792.125184
1101.920371	2702.863654
1107.501075	2817.109125
1108.946207	2721.115840
1118.126927	2793.800955
1112.463809	2767.861199
1113.522614	2688.828960
1122.835379	2774.571586
1130.662520	2835.773547
1129.814062	2822.183510
1132.709006	2758.082759
1132.446031	2850.178377
1139.868052	2711.854631
1140.391000	2677.651711
1143.378349	2700.339579
1147.027264	2742.543617
1153.333660	2855.665276
1149.597987	2778.617203
1149.898046	2688.450051
1156.533944	2840.115791
1164.048319	2740.273732
1161.962185	2801.769282
1164.490050	2714.053209
1167.229779	2851.499789
1171.070648	2686.468965
1173.302332	2760.037784
1174.122444	2806.519428
1183.610340	2745.255413
1182.923912	2852.943995
1192.936150	2767.584973
1194.675644	2816.716146
1195.070108	2714.492163
1199.773549	2733.607616
1201.560066	2853.014739
1212.869490	2788.469028
1211.342133	2687.767724
1214.569510	2854.258096
1219.117478	2738.984132
1226.464310	2852.503010
1228.219983	2722.976198
1233.021543	2675.179227
1238.207992	2855.713829
1237.275683	2834.465793
1246.955127	2733.797477
1249.864605	2758.539555
1249.037977	2678.130653
1253.990391	2850.286242
1257.078467	2847.596796
1183.682674	2681.955782
1174.297506	2855.196701
1080.689592	2990.472429
1087.341258	2999.706947
1095.460389	3033.072112
1095.811709	2959.262230
1096.326171	2932.739594
1101.631203	3017.391550
1106.844419	3041.575551
1108.414866	2935.187697
1115.936635	3014.887005
1118.945140	3030.439524
1121.684101	3059.050557
1128.403339	3047.601527
1138.647354	2998.812918
1145.578944	2992.109253
1151.820766	3040.576087
1155.014993	2997.004755
1156.467061	2930.076850
1161.437882	2956.185404
1165.814855	2985.566918
1168.946042	2934.484212
1170.587980	2896.467673
1179.511810	2920.673725
1180.782223	3022.894517
1184.667675	2992.124912
1187.457868	2882.771476
1186.865557	2952.250193
1193.262569	2912.090749
1197.438047	3047.686855
1205.542780	2961.683516
1213.112983	3019.141460
1214.054202	3028.771372
1219.507063	2909.469413
1221.843058	3006.770601
1221.461328	2933.438224
1231.004382	3032.409787
1234.644871	2980.157919
1238.040758	2923.874013
1241.611061	2941.942377
1243.626112	2948.869521
1245.619594	3047.378305
1249.120503	2953.228569
1249.780436	2980.355338
1249.084864	2917.752009
1259.838484	3003.507070
1260.829787	2994.253759
1247.381763	2895.315215
1263.967896	2876.562224
1131.652680	3026.852588
1082.664089	3197.618641
1090.599962	3252.465874
1089.323858	3224.014175
1094.114912	3157.539113
1101.348374	3176.309293
1111.922505	3223.930231
1114.534249	3158.424098
1118.474968	3141.532483
1117.719410	3119.420431
1119.452177	3221.093974
1124.870584	3112.341595
1126.193202	3081.226235
1137.732445	3254.859536
1139.254040	3136.879253
1139.533202	3234.664282
1141.811746	3157.876835
1141.582283	3153.609829
1151.130712	3175.509935
1151.901242	3214.620248
1154.416429	3100.853353
1171.319945	3190.536181
1174.806789	3220.728428
1173.850385	3165.295143
1180.947363	3153.349364
1182.119078	3167.031671
1189.637519	3120.959977
1190.010323	3217.206546
1191.150549	3133.399582
1197.001441	3223.134941
1199.425824	3237.613770
1197.289713	3100.806560
1198.989017	3155.396707
1207.010324	3170.688716
1209.985358	3207.967177
1212.063552	3122.121747
1219.404978	3136.154674
1221.747690	3260.473128
1227.988092	3138.528074
1233.998440	3081.009381
1236.357084	3191.937609
1239.842296	3170.630793
1243.913593	3114.168069
1245.287356	3131.359489
1247.118450	3158.726015
1256.946718	3196.551866
1268.857066	3228.380187
1271.635199	3176.541181
1211.081953	3222.128837
1216.158572	3225.438632
1104.058683	3097.303914
1085.569702	3336.001838
1094.716132	3397.739744
1097.100177	3443.688023
1090.117102	3431.094628
1097.603319	3387.937515
1101.676827	3428.561172
1104.829469	3405.117226
1111.835895	3295.963311
1116.481303	3387.556004
1116.435223	3459.500198
1120.890474	3455.706785
1119.646517	3323.352430
1124.055450	3441.494854
1125.900222	3454.146525
1135.182952	3390.153544
1133.828873	3438.395744
1137.974418	3414.818808
1141.858500	3380.294212
1142.334812	3450.120671
1139.918354	3349.599865
1155.259120	3456.753133
1151.054427	3360.952743
1152.595471	3440.626565
1154.905212	3325.811694
1168.002865	3286.065563
1171.389886	3378.220328
1170.289961	3368.454285
1171.292907	3421.617128
1174.380301	3389.738438
1185.480772	3299.488839
1180.136618	3368.134850
1178.441642	3434.687867
1192.889349	3436.230854
1189.182617	3463.686280
1206.698853	3313.226857
1216.293200	3294.101723
1215.665382	3409.584907
1216.109676	3391.872549
1220.980246	3452.053787
1222.480119	3356.732615
1229.077566	3444.335820
1229.527756	3302.481612
1235.175261	3322.767317
1236.107421	3419.181165
1236.103047	3389.342964
1238.353604	3348.315776
1242.842355	3382.466033
1245.191393	3368.019992
1250.437851	3289.678758
1255.202801	3430.620838
1251.125221	3458.859897
1261.609203	3452.817781
1263.777505	3333.731142
1261.652351	3358.968448
1120.078732	3354.815028
1192.607094	3410.101211
1238.272252	3291.356313
1266.799272	3386.982445
1217.149908	3464.973698
1110.011281	3342.826238
1087.582029	3554.697975
1089.308277	3569.987467
1089.497020	3660.818041
1098.962308	3532.561230
1101.119905	3497.239043
1105.186785	3585.460183
1111.711952	3507.600551
1110.247549	3559.288647
1115.359694	3622.109805
1120.275378	3621.341473
1123.493891	3520.581724
1127.657597	3592.443147
1129.258051	3571.927657
1132.577986	3494.603318
1136.033389	3542.001106
1135.867098	3624.194570
1142.216153	3569.896008
1142.583420	3601.504922
1146.113776	3539.788961
1147.158205	3548.895181
1148.845024	3617.555805
1151.505072	3515.945722
1151.408769	3583.162192
1155.021864	3535.647362
1157.111660	3506.014031
1157.529596	3485.182551
1167.577986	3535.565985
1168.103412	3493.369625
1169.608045	3625.815346
1169.841704	3483.645646
1171.199354	3596.146622
1171.389751	3662.942914
1169.686592	3554.317808
1178.275086	3582.176392
1178.059809	3538.838043
1182.990669	3546.363802
1187.540182	3499.632206
1194.719303	3544.672082
1196.550536	3610.049484
1199.585248	3521.630860
1205.139963	3655.903162
1205.000921	3557.120046
1206.813562	3509.132168
1212.146618	3559.274715
1226.072692	3591.468197
1227.922741	3629.761519
1236.754854	3508.312892
1233.101752	3528.289613
1233.285251	3553.367516
1239.085908	3640.008533
1238.482782	3550.708119
1254.568712	3606.493033
1256.708752	3616.165578
1260.283905	3584.107697
1262.355019	3643.402439
1179.410853	3652.553145
1198.500530	3487.522949
1137.980503	3598.666523
1189.893900	3517.281803
1089.905415	3798.460553
1089.059241	3722.526022
1092.554717	3764.654898
1097.526763	3753.372327
1103.276912	3780.358254
1107.102951	3704.685252
1108.465479	3678.803505
1109.218439	3742.623042
1113.020721	3770.967137
1113.772169	3743.601446
1118.846921	3816.418668
1124.762616	3866.933468
1127.068496	3816.207800
1131.776007	3694.622799
1133.711040	3687.188309
1133.630949	3805.349456
1136.868931	3699.667875
1143.556196	3834.662586
1145.532738	3789.058141
1150.064253	3817.707622
1155.992615	3779.357595
1163.175223	3715.326960
1162.391692	3804.849051
1164.089542	3741.036362
1167.950334	3758.849367
1167.142222	3774.300533
1171.862333	3827.975507
1182.331539	3699.224994
1185.522427	3852.955829
1189.517310	3758.611952
1191.145720	3788.279432
1195.769801	3711.728480
1197.945137	3812.886999
1200.584996	3691.282470
1210.879230	3811.584906
1214.332471	3720.753842
1223.634635	3824.210531
1220.084332	3687.590701
1219.645971	3725.391110
1224.458746	3785.487310
1229.451505	3815.525617
1234.313057	3717.611866
1237.968401	3704.333719
1240.557659	3828.516306
1242.393237	3695.287899
1243.952441	3685.217062
1243.685046	3768.952883
1245.647553	3721.683058
1265.396194	3696.245649
1265.597105	3777.108821
1117.168655	3703.822017
1239.037368	3847.600924
1239.073351	3712.733198
1081.624095	3905.595104
1086.324764	3916.578653
1087.964281	3972.437484
1094.037646	3995.891784
1101.280310	4057.299436
1099.283828	4023.711083
1103.766143	4014.575449
1107.884616	3886.860795
1107.488633	3962.966336
1112.862569	3923.321632
1116.990256	3909.198941
1117.938276	3984.187437
1118.880142	3896.734500
1120.206421	3954.714275
1125.514708	4003.313202
1125.972283	3879.811752
1133.586850	3935.988458
1136.982671	3963.894582
1134.278142	4013.294698
1147.773431	4039.352633
1151.784796	4013.332264
1158.225061	3990.890987
1161.666802	4031.540544
1163.250031	4054.002573
1162.403163	3959.880657
1166.385692	4015.247730
1178.585037	4010.942790
1180.050083	3891.117468
1183.587735	4039.952365
1189.312372	3956.841425
1191.388684	4016.647925
1191.479025	4040.611934
1191.563008	3922.816753
1193.030851	3984.842902
1195.429684	3936.296443
1197.027658	4000.681313
1204.445816	3897.173314
1207.453295	3946.626251
1209.187016	3888.072471
1222.283897	3912.135026
1219.284682	3960.086458
1218.052471	4002.351027
1227.997549	3916.436808
1228.073001	4044.530172
1231.379210	3990.822767
1235.949261	4035.048321
1247.643553	3946.291542
1247.590461	4059.671454
1258.949070	4041.885241
1253.325818	3998.197869
1259.394207	4019.093451
1263.349614	3976.725908
1148.651051	3877.541793
1180.957918	3919.445362
1205.734127	4033.771994
1209.479100	4021.778447
1226.315431	4027.091287
1192.850115	4008.544761
1206.619847	3891.496110
1256.214109	3947.053711
1285.081335	4026.376786
1293.943776	4039.060804
1296.305389	4007.064574
1301.352703	4049.889370
1302.146983	3967.164682
1305.853991	3911.688635
1306.072444	3924.930992
1308.980605	3999.646538
1309.527448	4029.733381
1311.247395	3939.086140
1309.709055	3988.436776
1324.630415	4060.182227
1330.850364	3999.154286
1330.286265	3947.212826
1331.916893	4032.481490
1332.492461	3960.136327
1344.196965	3908.246809
1349.779079	3886.909026
1351.633414	4054.535735
1358.440475	3941.830412
1362.752600	3934.159256
1361.087595	3996.977635
1359.050099	3964.819483
1358.131226	4012.200794
1370.964541	4043.180355
1372.916397	3976.138342
1379.375738	3916.770402
1379.342960	3943.430914
1384.748084	3900.268969
1382.216497	4059.182767
1389.202431	3979.240905
1399.220138	3980.396900
1402.046405	3939.654880
1406.101725	3968.826716
1406.423700	3919.712219
1409.726159	3998.949336
1411.261231	4044.894891
1412.662879	4031.335986
1418.122494	3933.172249
1434.826291	4012.375249
1442.056451	3880.362792
1444.040186	3990.228780
1443.056264	3929.379146
1446.348059	3963.560214
1448.992607	3881.395531
1462.091081	3959.146947
1462.724964	3880.108920
1464.535674	3983.425686
1465.722667	3897.072800
1465.901414	4059.085100
1331.484629	3917.411078
1338.923272	3920.802854
1394.452421	4024.035310
1417.596912	4016.778636
1426.803697	4007.340604
1434.608531	3901.026354
1352.003580	3981.021400
1360.375055	4063.540968
1435.228438	3986.637573
1395.546995	3892.294958
1289.417938	3743.823272
1292.183548	3844.550507
1296.980697	3682.890940
1296.570373	3762.906250
1300.054639	3732.210290
1304.052144	3827.860621
1306.696880	3719.982249
1314.943372	3811.040221
1320.780787	3760.445366
1320.141266	3687.312862
1319.939397	3842.002981
1336.462199	3853.504187
1340.109991	3840.491774
1344.126113	3693.442916
1341.525882	3789.932878
1344.112034	3774.584180
1344.983092	3743.618075
1352.548054	3764.410079
1370.097805	3840.426882
1373.800611	3765.916071
1376.330352	3808.298388
1381.115540	3757.972464
1381.909780	3686.274678
1383.482787	3698.556040
1385.885892	3786.584039
1383.390834	3834.605752
1392.843680	3823.841982
1395.878979	3798.850414
1394.838628	3727.637364
1395.829540	3786.524153
1399.410633	3843.495580
1401.326430	3799.751378
1417.744277	3763.289529
1417.087230	3771.703144
1419.582421	3839.879222
1426.407989	3728.834016
1426.169250	3830.697283
1428.765641	3789.276346
1431.752617	3798.361723
1434.834612	3748.545475
1438.186522	3862.701430
1442.316383	3697.125675
1441.177171	3842.180183
1442.614447	3858.355311
1451.954726	3747.102309
1450.377825	3828.361854
1450.548546	3732.942379
1463.571357	3726.002376
1461.191221	3833.497533
1464.869818	3712.492493
1467.059714	3829.687358
1462.503356	3773.518456
1453.103339	3702.408013
1395.169616	3682.373963
1286.664089	3627.481096
1288.753534	3562.313917
1292.188898	3543.408781
1296.909970	3511.109449
1309.586850	3501.396481
1311.997729	3555.190916
1316.773596	3565.350291
1318.243621	3595.675978
1324.080962	3493.997216
1334.874367	3486.333931
1337.882362	3636.099431
1336.549591	3575.029332
1340.358120	3653.980661
1344.099736	3625.848128
1346.894078	3617.102308
1346.366816	3571.119913
1346.216725	3482.510461
1351.552404	3542.388166
1353.670213	3599.247901
1358.059597	3548.482578
1361.601643	3482.846086
1362.840646	3493.823619
1364.985400	3515.081047
1364.536895	3575.578045
1369.763594	3655.786575
1370.602578	3630.048042
1376.393582	3524.912003
1371.187338	3581.951105
1378.052850	3662.304648
1383.673701	3486.638996
1387.108469	3559.757306
1389.997289	3519.007804
1394.716234	3608.771315
1408.341396	3629.720905
1409.486740	3561.230941
1410.062939	3655.938265
1418.681603	3521.227657
1426.797648	3623.824337
1425.793403	3572.829848
1429.447957	3653.438665
1426.596419	3537.727830
1432.909036	3561.017961
1444.937119	3564.376428
1443.705418	3655.398738
1448.653428	3535.415168
1447.820355	3602.686870
1449.140851	3596.468461
1450.943696	3576.266397
1456.597682	3534.030042
1412.519448	3648.395221
1418.876515	3602.367086
1424.470808	3602.003323
1438.673827	3535.091203
1455.819700	3493.972428
1292.967144	3515.538997
1290.415542	3341.901886
1288.670412	3319.716590
1295.269166	3355.332843
1301.627916	3287.191254
1309.559759	3289.896431
1310.055896	3399.250485
1320.580832	3330.863008
1325.705789	3452.111547
1322.794976	3390.657541
1323.527123	3297.244178
1327.752775	3364.956040
1335.957329	3350.762592
1341.052360	3397.200249
1339.037492	3290.669217
1348.939114	3394.454948
1356.124947	3320.052132
1355.014007	3356.969672
1362.691623	3410.886790
1371.973667	3415.240606
1378.448163	3376.386099
1384.133931	3404.538009
1386.480967	3459.193859
1389.199239	3279.835247
1389.863784	3343.295895
1393.646237	3299.029679
1398.035780	3435.363433
1403.550167	3444.365510
1402.467903	3411.261184
1406.038150	3377.170198
1412.280481	3360.695100
1413.636185	3387.887924
1413.214012	3316.942952
1417.244994	3292.032651
1425.954624	3413.265892
1422.647269	3426.101834
1427.268462	3349.650676
1430.400911	3447.449899
1428.754340	3373.256832
1433.732750	3317.277712
1439.046892	3286.527167
1440.291753	3299.862902
1444.402033	3347.713245
1446.040789	3370.541200
1451.578969	3397.578476
1451.639993	3430.249367
1454.053315	3441.921109
1463.841479	3414.705576
1470.013830	3316.887220
1299.379792	3280.085729
1361.664564	3285.979862
1387.713939	3384.900372
1421.277842	3281.063100
1464.514674	3443.107807
1306.265969	3451.148020
1286.219776	3165.378274
1285.200050	3214.522500
1287.791496	3240.071747
1294.336223	3217.099079
1293.280609	3141.920301
1298.402826	3104.474996
1303.336088	3116.529385
1307.067143	3245.829862
1310.568425	3077.804750
1314.603045	3224.992957
1317.317706	3092.497723
1312.794025	3127.869953
1324.427503	3259.067342
1331.277198	3160.604553
1331.614575	3094.841309
1337.316705	3194.184517
1338.825418	3206.912978
1343.820134	3137.823623
1345.946071	3226.519660
1349.714012	3124.831895
1357.804233	3167.912671
1357.627469	3212.370700
1358.177397	3247.239457
1365.393076	3178.478055
1365.123740	3100.107999
1363.901228	3137.576140
1364.321049	3193.717592
1368.256752	3234.996112
1380.030029	3129.759759
1382.909128	3110.279748
1384.484277	3169.923360
1382.896912	3211.755952
1389.418934	3199.922461
1394.316102	3125.962939
1399.042991	3107.619794
1396.637367	3139.667984
1405.091707	3231.895445
1405.506366	3202.290583
1403.464214	3252.784778
1404.477994	3172.009450
1420.614379	3256.217952
1420.568233	3077.851545
1424.172228	3208.264529
1433.049548	3074.799217
1427.043796	3235.648176
1436.440068	3197.150351
1435.586143	3162.718737
1430.891587	3129.731343
1446.482118	3234.754602
1449.409875	3132.333442
1455.408310	3251.969597
1455.828607	3089.116829
1463.074591	3150.486334
1465.260374	3189.229328
1469.235248	3120.099269
1342.404194	3251.364718
1352.122322	3137.690634
1365.623953	3248.115248
1426.326332	3143.479207
1462.098867	3218.163097
1283.401316	2927.253838
1283.250943	2991.109085
1283.622975	2985.081167
1284.110605	3027.829676
1285.949860	3060.581908
1288.516605	2961.308919
1291.980647	3035.982974
1301.548072	2913.500370
1299.756214	3052.420369
1299.411783	2876.517962
1312.926771	3025.787642
1313.834285	2925.295790
1319.139263	2969.210306
1321.564346	2957.977465
1322.742126	2888.712149
1326.496278	2933.222575
1330.288161	2989.903916
1331.135702	2951.914801
1332.136217	2898.640700
1332.114001	2976.367890
1334.410419	2889.556905
1340.946267	2905.950022
1342.583372	2935.131113
1349.430594	2996.437760
1349.862312	3024.940564
1350.763396	2891.644748
1356.487857	3039.027565
1358.013592	2980.085390
1359.682142	2941.079697
1363.960112	2992.122345
1368.980899	2957.083494
1370.682454	3034.071293
1377.681923	2979.633843
1378.172950	2925.623200
1389.670255	2898.096554
1392.071197	2950.657165
1394.664154	3024.695767
1400.286915	2963.705315
1405.796943	2914.450593
1405.937243	3017.378962
1407.668908	2943.829774
1410.461110	3004.556989
1415.130922	2991.062613
1414.935047	3038.819811
1421.430605	2884.612221
1420.364878	2948.905190
1427.471367	2969.634272
1433.821816	2925.761383
1436.394996	3055.365331
1436.060683	2972.624948
1446.094950	2933.321316
1451.736137	3024.759211
1457.565473	2895.856178
1461.142650	2993.006276
1364.143623	2926.107778
1430.908398	3042.037957
1326.648452	3035.383382
1451.141954	2946.373886
1287.224066	2724.099738
1294.617385	2747.405291
1295.198220	2789.574260
1299.431541	2696.591149
1303.191110	2716.407924
1303.800811	2856.621892
1314.132387	2717.881927
1325.907461	2703.983109
1326.025855	2773.317434
1329.609709	2832.474516
1336.975699	2797.061751
1343.556194	2824.840374
1347.964166	2734.596375
1350.961034	2692.924718
1351.602279	2763.095627
1353.489313	2730.229197
1361.460691	2846.287992
1369.349298	2812.349045
1368.745362	2693.319713
1367.017674	2834.817815
1371.662875	2680.509288
1374.050467	2732.434289
1373.493462	2707.635216
1373.819266	2789.513674
1383.359144	2678.726632
1387.448364	2754.137852
1390.709603	2708.861033
1394.931208	2682.043366
1399.460753	2742.225841
1402.384121	2727.511026
1426.218913	2828.289746
1430.497136	2687.597834
1437.059251	2809.298479
1433.070353	2749.550928
1441.999105	2734.395890
1442.142632	2800.463782
1445.646945	2835.438306
1443.441563	2687.714716
1445.771781	2821.227753
1461.469499	2769.682190
1466.302303	2802.662493
1466.923040	2720.794326
1311.162832	2840.460727
1344.763468	2840.695217
1409.657112	2859.047425
1429.153906	2855.576033
1461.273346	2688.447904
1435.727647	2714.959392
1439.036484	2721.657452
1365.630074	2726.968688
1428.230939	2702.160532
1288.482638	2590.419546
1297.097154	2644.209419
1301.509313	2526.702107
1300.667719	2592.177136
1309.185266	2503.477264
1316.834239	2655.769889
1316.547889	2527.281215
1326.798897	2558.059767
1329.976930	2644.143207
1331.047996	2532.451383
1334.006071	2632.355590
1340.499972	2556.442807
1347.788403	2575.062781
1345.452769	2588.079942
1348.099465	2607.951030
1358.475463	2576.347039
1357.665469	2655.892277
1362.997243	2570.689192
1368.921859	2642.508272
1383.922064	2583.785131
1392.241536	2519.020689
1399.449423	2649.029380
1404.183808	2561.889341
1404.849077	2513.130501
1408.704247	2599.502590
1410.799395	2488.556569
1414.724988	2611.739544
1416.468639	2602.263855
1417.999936	2587.092819
1417.359512	2525.121463
1426.807421	2626.819927
1443.379529	2522.517351
1446.049952	2544.580451
1454.772327	2613.660465
1458.931858	2588.302051
1308.059065	2567.594434
1362.607738	2620.758980
1456.078380	2577.621172
1415.747728	2516.067448
1435.291074	2516.609894
1288.499715	2392.415350
1295.031221	2404.895979
1294.676148	2386.139977
1295.297533	2418.969805
1298.776531	2379.452044
1310.368887	2372.770111
1322.189560	2368.246559
1324.480597	2408.183890
1350.022337	2404.831258
1382.897144	2437.973558
1395.454267	2463.536299
1422.393310	2399.558265
1424.370396	2422.796445
1301.747833	2461.795145
1345.598274	2420.605916
1372.623057	2460.131658
1494.389542	2444.347099
1479.857241	2595.065940
1486.889530	2496.366396
1490.655764	2567.304278
1495.963076	2599.952991
1497.852911	2614.369905
1505.086281	2649.282822
1510.173166	2584.101119
1512.021290	2624.997767
1518.807974	2567.643445
1523.804457	2650.699868
1526.475372	2540.673565
1531.335769	2589.591939
1535.456907	2558.472511
1538.942745	2632.585193
1544.660223	2603.550892
1547.817940	2565.109545
1555.103090	2505.724183
1557.344717	2579.664717
1556.185637	2487.504019
1557.195677	2640.227764
1560.608310	2658.952062
1560.806283	2626.363546
1565.513397	2606.585101
1567.572356	2533.585976
1570.193597	2629.070921
1574.239853	2606.031377
1582.404012	2575.031422
1588.607360	2561.147268
1587.244696	2653.838168
1601.632753	2625.970916
1605.692753	2575.914164
1607.083977	2533.740329
1609.838883	2650.243605
1637.496314	2577.448191
1644.840593	2530.666613
1648.970996	2646.485436
1653.163219	2605.238723
1652.883465	2619.780593
1658.453957	2645.504360
1660.362369	2653.937782
1669.275630	2649.406012
1667.675913	2588.831655
1531.033078	2616.112816
1529.579279	2575.840634
1630.765305	2613.572266
1479.542125	2498.004212
1487.044945	2842.724090
1495.851474	2805.612810
1496.116870	2793.434800
1498.045043	2780.346165
1500.606395	2731.237776
1506.187197	2757.567895
1517.499987	2787.812399
1518.457407	2717.539832
1518.624731	2694.972682
1517.944623	2832.823364
1518.466670	2730.848582
1523.163991	2730.330346
1529.059841	2716.139291
1528.493695	2815.439119
1531.347301	2859.262536
1530.926664	2758.463340
1532.536088	2789.070570
1531.696740	2683.702037
1548.763306	2705.304414
1550.306813	2752.300998
1551.919145	2733.722049
1555.781932	2847.118735
1556.117078	2691.377532
1556.183063	2802.173067
1562.058163	2749.220824
1565.048482	2822.630188
1568.433843	2843.468058
1570.509824	2721.328762
1578.055316	2712.036044
1580.087182	2816.379395
1583.566718	2860.972286
1586.431721	2692.109507
1592.319865	2796.653890
1595.945608	2746.789683
1599.641424	2836.444524
1604.107719	2851.724470
1609.749570	2771.773123
1605.643348	2792.421165
1611.273156	2704.445327
1615.263764	2800.201306
1619.809011	2856.773882
1625.575748	2822.041325
1628.021675	2731.875941
1629.518599	2757.161841
1633.440299	2774.948402
1639.737502	2760.061823
1647.352580	2745.735398
1650.205636	2759.290308
1650.312475	2723.929657
1654.974496	2848.207927
1661.560865	2820.895855
1663.943614	2800.426591
1667.479562	2793.066396
1669.187110	2748.935445
1497.970776	2847.518060
1601.631383	2694.152745
1607.634681	2834.223962
1481.856160	3035.587520
1485.952753	3062.774950
1497.828924	2962.101661
1501.173807	2879.041071
1505.478804	3058.344437
1512.523881	2924.814219
1515.908542	2971.497932
1514.897550	2983.417574
1517.296873	2910.523712
1525.328359	3028.158806
1534.934050	3029.201568
1534.789340	2949.358296
1534.663517	3004.008929
1540.158180	2936.743449
1545.968990	3012.406220
1546.501572	2981.674419
1544.042850	3052.105807
1548.806662	2908.655656
1556.815810	3066.744387
1563.228967	3057.920666
1566.025635	2886.515931
1563.910228	2923.189224
1568.523592	2906.285463
1572.715111	3027.592866
1576.299333	3038.465447
1577.032355	2976.487666
1578.663051	2994.217434
1582.836612	2908.501724
1581.078830	3013.480422
1593.661319	2960.594163
1595.754420	2998.045401
1598.180317	2968.477589
1599.842137	3017.747613
1599.984068	2913.116175
1604.859385	3021.207982
1602.128853	2932.830858
1603.604279	2923.034771
1612.391035	2957.891521
1614.788856	2983.462935
1615.655483	3007.622505
1616.147734	2899.595341
1620.421757	3047.704100
1624.576769	2902.685033
1625.377891	2957.485567
1624.909875	3012.236606
1625.584574	3054.221857
1633.505284	2951.268386
1636.039244	2997.024308
1637.867879	2881.986296
1635.902140	2978.487524
1640.781559	3033.013662
1642.541215	2969.041919
1644.532181	2914.551719
1646.734758	3055.854353
1644.885139	3008.121821
1647.744820	2996.716821
1655.904058	2986.419779
1658.061827	3000.745577
1668.734522	2989.186845
1535.474585	2993.206820
1553.595573	2977.297453
1555.086013	3022.865357
1558.560655	2985.584876
1597.361056	2904.999739
1589.947309	2986.071854
1630.297223	2922.066742
1636.485941	2923.090614
1538.302355	3041.755749
1557.086554	3003.942131
1486.535718	3157.963682
1489.764310	3225.704329
1492.273599	3179.646225
1491.323654	3214.665340
1499.218209	3244.738133
1505.579663	3150.839819
1511.450933	3113.083303
1514.856809	3217.706887
1521.849366	3112.957521
1521.933153	3158.924087
1524.646077	3229.179476
1526.022137	3181.132768
1526.490898	3236.864425
1528.424753	3259.589711
1528.433950	3090.127542
1534.289126	3203.769277
1535.743597	3174.104345
1536.824657	3211.202248
1540.753824	3155.289359
1540.439148	3142.002123
1541.293775	3249.327978
1541.107148	3201.193129
1547.942492	3144.408162
1549.927062	3220.014290
1549.227189	3111.650963
1556.288457	3166.206347
1557.033415	3135.544829
1557.508768	3117.086175
1560.631992	3098.831571
1564.299045	3147.686655
1565.783344	3127.186930
1568.925299	3260.468116
1576.796584	3220.647043
1580.589623	3200.163455
1582.834440	3154.901238
1595.380510	3162.028339
1597.210787	3087.766978
1598.324126	3129.446542
1598.758814	3202.390837
1597.427527	3255.382953
1603.435471	3152.655253
1605.199958	3241.333149
1606.660976	3175.758894
1607.696680	3225.200816
1612.936410	3137.047291
1616.799420	3243.650017
1625.529792	3174.246864
1633.020349	3186.895714
1632.829247	3203.080763
1633.230087	3144.820217
1634.027548	3128.718409
1637.435579	3158.073099
1637.397451	3221.657685
1645.609494	3081.801178
1648.907010	3103.023126
1651.884936	3260.041857
1654.359483	3110.446658
1661.555754	3146.903545
1666.650544	3235.679981
1670.590696	3088.112496
1498.905135	3098.127113
1509.516395	3134.585738
1511.094054	3126.735526
1540.555474	3091.001478
1551.844687	3174.299526
1553.843899	3185.625904
1562.856990	3238.850901
1622.066730	3084.080897
1500.417313	3108.833340
1488.801896	3090.314818
1485.418950	3085.891668
1489.030487	3388.633260
1491.768500	3356.414861
1491.796525	3407.397542
1492.695874	3459.227911
1505.448601	3387.824899
1504.765926	3462.862949
1507.320652	3443.055365
1507.553690	3342.934785
1514.571848	3427.931938
1518.115261	3355.408381
1527.219055	3414.136732
1531.087642	3327.741159
1538.223702	3417.113210
1535.501156	3450.704996
1539.375687	3286.870062
1543.312036	3413.409510
1541.825492	3396.246391
1543.924923	3301.716169
1550.387538	3380.403192
1553.582131	3456.639167
1554.440529	3365.259363
1555.367854	3348.273666
1558.228273	3433.592698
1558.732280	3418.379433
1561.422356	3328.524239
1565.161203	3297.698149
1569.363813	3404.632548
1571.899614	3362.379405
1568.877503	3315.642707
1571.222333	3307.264531
1577.026171	3461.463230
1577.925477	3304.740716
1580.405613	3329.675946
1580.788472	3407.625490
1584.296299	3370.282641
1588.341050	3404.964446
1594.159906	3303.054507
1595.280524	3442.411154
1605.105833	3458.701714
1612.190867	3391.433377
1615.247404	3288.373813
1611.844544	3326.917116
1618.366499	3344.732308
1622.247951	3285.520769
1632.307753	3340.106701
1637.027900	3347.577121
1635.614854	3364.820618
1636.751659	3322.326051
1639.271749	3304.250516
1641.577691	3370.435483
1643.922852	3439.916520
1648.304826	3341.476886
1650.008345	3355.676282
1652.835751	3447.778594
1656.013825	3413.947316
1658.279075	3311.012904
1568.362582	3391.198040
1574.778031	3385.995394
1484.972825	3554.835016
1483.860551	3507.317913
1488.186397	3493.266990
1488.709551	3520.542856
1496.520638	3586.888891
1498.934519	3638.179198
1504.296585	3497.888885
1503.823661	3663.532365
1508.064998	3545.019113
1524.003394	3512.903182
1527.760346	3641.617495
1533.175091	3481.373711
1534.741978	3580.026735
1539.301812	3523.238657
1534.821419	3616.590630
1545.114175	3584.262459
1546.909318	3575.578759
1549.613717	3503.925229
1553.058940	3479.017779
1554.363294	3654.495796
1556.122134	3511.297278
1568.198612	3549.186676
1566.632172	3650.844502
1573.646310	3600.998889
1572.880031	3514.256285
1584.675017	3559.356951
1582.968448	3492.375164
1587.588599	3498.998736
1587.162835	3608.363698
1590.894223	3635.442118
1592.099444	3523.653230
1592.882837	3491.689431
1605.424448	3566.503897
1607.258675	3583.618836
1616.506930	3503.962669
1625.311925	3615.626850
1624.831384	3569.763075
1631.357087	3601.157840
1632.374212	3576.027177
1639.621598	3523.417530
1641.316701	3550.017932
1644.932775	3527.648504
1647.017271	3577.409331
1647.152166	3557.486329
1656.646471	3617.781874
1656.160705	3625.788731
1660.793394	3599.140725
1665.246666	3635.523308
1663.889793	3486.287057
1664.046858	3495.845104
1527.239114	3559.449020
1531.909694	3553.302673
1506.265749	3805.540685
1506.565379	3727.012710
1510.189233	3832.171217
1512.405564	3809.778558
1519.247819	3768.583394
1521.217576	3733.735301
1522.553004	3836.992234
1529.911503	3692.421139
1535.364508	3827.335487
1537.932631	3835.640876
1549.685057	3830.139425
1557.747286	3692.310730
1575.146242	3738.196451
1577.632081	3851.653123
1578.684435	3730.460417
1587.176890	3757.819945
1590.403632	3811.201282
1589.870598	3692.862613
1593.962028	3742.322224
1593.663747	3788.206701
1595.103476	3817.736702
1603.838245	3765.347606
1608.773179	3694.990066
1614.435183	3844.969708
1615.948731	3725.379066
1616.147664	3691.420856
1631.723022	3695.146382
1646.780973	3848.179441
1650.541199	3789.785712
1652.495138	3763.353100
1664.168702	3676.307312
1665.249527	3777.142905
1665.901885	3742.750712
1494.409643	3832.815674
1501.303771	3832.278848
1505.523421	3679.429501
1511.940779	3826.352734
1520.623056	3827.122399
1594.998815	3849.443737
1645.284545	3694.713965
1484.003135	3890.234189
1485.312110	3917.249555
1486.988810	3958.258227
1489.930635	3906.484215
1486.342723	4046.212400
1489.813949	3898.828521
1491.605216	3922.940810
1491.826281	4051.084285
1497.871931	4010.441502
1498.555150	4026.367152
1500.440820	4048.578201
1502.577525	3992.044311
1507.736792	3950.636625
1521.566447	3988.826999
1521.702844	4012.341083
1527.050126	3970.850256
1526.867609	4036.123785
1535.886082	3985.775610
1536.050074	3918.773791
1542.419904	3896.014175
1549.461806	3938.215510
1549.868772	3925.066042
1547.689545	4041.121105
1551.497953	3981.514806
1555.894267	4042.854190
1559.859779	3891.685808
1561.663976	3881.394385
1570.161790	3974.105610
1570.364650	4019.601604
1574.848614	3895.015149
1575.803395	3992.363099
1577.636422	3932.836251
1579.045327	3886.853591
1578.294554	4009.954238
1582.191291	3964.728623
1596.187950	4045.780673
1587.137888	4061.512541
1597.562049	3972.853039
1598.979972	4004.337797
1603.954078	3907.139212
1609.534672	3951.210537
1609.285163	3937.765064
1619.737242	3909.786102
1621.573619	3963.537883
1630.832213	3891.351933
1631.850004	4006.516222
1630.969892	3952.660739
1633.853084	4024.168441
1632.986585	3882.968991
1638.679496	3917.586151
1639.773029	3977.716683
1644.153518	4046.954087
1655.881036	4008.766362
1651.663449	3994.488070
1656.291280	3982.955039
1659.573687	3903.137795
1668.541396	4007.542608
1664.804590	3933.987722
1665.822792	3965.394919
1666.350408	4027.178860
1486.551423	4012.631159
1501.093296	3912.451186
1515.326725	3917.544092
1519.065438	3923.676711
1527.215151	3914.879646
1529.903273	3905.841095
1534.221921	3895.626239
1540.966191	4017.359507
1573.104895	4041.540652
1667.586024	4054.198189
1685.917989	3923.510165
1685.984123	3898.132572
1689.160796	4022.026540
1693.263768	4050.964709
1702.218848	4003.112049
1700.618895	3968.281058
1706.559676	4051.408082
1715.496522	3948.925273
1714.540832	4054.863104
1721.316521	3904.949823
1720.585381	4051.861893
1724.580496	4034.564489
1724.376251	3914.117947
1730.491358	3927.570075
1731.046706	4010.772489
1729.640977	4017.031726
1741.413583	3910.999279
1743.471472	3926.796774
1745.132460	3998.127284
1749.326110	4051.009022
1751.278924	3969.304934
1752.599974	4024.842387
1767.570007	4025.992057
1765.856864	3966.086069
1776.583030	3944.286188
1778.324290	3978.158811
1776.212477	3901.980490
1781.364218	3887.799842
1784.430508	4002.526150
1788.379647	3921.927060
1792.666970	4053.047467
1793.299021	3912.534415
1806.081782	4032.422401
1811.009376	3966.243125
1815.275454	4018.782050
1818.366347	3903.468145
1831.318857	3949.528423
1837.589143	3916.395991
1840.804267	4047.909526
1855.896571	3912.504870
1854.735728	3958.634330
1854.281815	3948.780317
1812.375088	3999.747965
1825.052201	3891.778911
1857.700463	4041.316298
1724.506264	4050.418468
1769.035500	4039.681219
1692.321668	3979.560617
1686.179462	3777.803315
1685.943882	3805.242235
1689.366242	3865.050203
1694.405534	3762.679350
1694.627666	3814.965464
1701.779432	3861.186574
1707.772995	3804.224860
1716.275408	3693.762465
1722.865422	3841.439784
1723.982857	3852.465754
1724.209854	3807.774969
1726.708820	3696.026062
1728.466882	3763.190387
1735.528304	3723.344124
1745.065426	3720.540574
1746.080664	3843.525777
1743.167898	3733.102606
1746.891531	3821.643101
1747.432068	3680.784852
1755.410431	3851.282530
1757.870459	3829.556029
1758.380587	3692.118127
1760.306078	3794.447751
1767.962830	3731.421803
1774.748711	3762.313737
1778.139205	3688.309803
1778.541459	3787.885080
1785.558440	3773.304981
1785.898529	3827.056632
1792.103724	3858.402708
1793.095414	3747.556598
1794.529707	3811.388960
1799.476867	3844.966649
1810.444253	3803.248757
1809.913673	3768.442621
1810.620803	3726.976802
1817.230950	3802.523209
1820.165083	3823.483625
1830.157667	3789.652571
1836.647925	3774.451278
1839.213677	3831.119120
1851.085707	3714.605041
1851.641379	3785.455862
1857.093985	3816.288705
1858.167677	3847.376745
1864.162416	3740.559103
1730.690650	3809.473645
1737.854369	3805.453077
1771.745406	3843.234342
1801.349771	3718.184481
1790.111864	3835.415891
1701.475678	3556.337215
1706.843977	3656.543132
1713.610249	3491.272759
1712.705343	3585.765953
1716.633047	3663.790832
1724.627392	3515.890679
1729.600920	3533.423526
1727.468654	3497.659093
1734.945385	3567.761873
1734.690769	3632.104148
1736.469409	3481.130570
1739.556225	3546.835760
1737.315405	3508.787184
1738.979830	3642.917809
1741.788467	3613.985330
1748.143832	3588.988694
1744.213581	3664.128607
1753.616574	3491.340743
1751.992664	3566.719549
1754.746888	3608.769945
1763.040139	3500.506517
1764.563775	3635.954108
1770.765600	3529.687512
1774.602013	3641.901881
1788.266803	3536.209416
1790.900057	3631.035440
1795.646304	3647.843720
1796.835749	3530.247297
1812.703736	3567.642088
1815.781159	3516.960104
1818.511180	3498.687622
1818.500463	3650.608468
1824.208962	3565.446010
1826.402630	3620.694044
1834.095744	3615.915417
1842.994167	3536.212772
1852.463106	3558.859429
1857.641639	3544.191604
1856.337921	3603.079985
1865.816299	3540.177775
1871.358523	3622.007973
1828.786589	3649.548652
1862.169342	3587.043696
1854.473267	3619.104035
1748.447573	3523.371054
1685.746623	3316.612860
1686.509394	3422.486472
1692.956160	3370.519832
1700.126117	3323.908491
1700.978154	3364.818015
1703.185812	3427.382256
1706.475930	3335.875244
1699.842833	3448.941788
1705.729926	3405.894512
1716.852917	3359.411275
1722.850457	3437.825539
1729.250069	3331.365354
1725.888521	3418.477923
1740.837451	3443.583556
1738.540244	3418.093131
1743.833254	3388.914856
1743.510805	3359.214355
1746.695146	3420.696601
1752.390783	3292.116897
1761.437411	3406.165555
1769.549163	3295.265026
1771.347799	3447.328375
1774.215639	3374.368327
1779.105430	3334.588229
1778.249429	3307.618310
1779.432951	3314.979187
1783.859201	3409.506057
1792.979155	3300.325766
1792.869560	3374.671250
1798.803153	3435.417646
1800.080222	3293.211392
1813.894141	3368.933875
1815.573649	3331.630853
1818.797837	3292.323191
1824.118155	3349.976655
1827.051498	3315.062491
1829.614284	3328.211728
1842.464481	3306.179943
1842.846257	3312.615341
1842.294826	3296.215055
1848.343943	3328.024277
1859.038847	3280.524691
1864.816780	3339.754152
1867.470924	3369.716670
1781.685873	3367.426556
1684.071220	3189.558112
1686.864889	3124.702141
1693.685289	3227.954160
1702.123254	3239.960092
1701.391482	3254.727018
1710.080507	3151.837088
1712.168968	3137.790361
1711.819508	3118.951211
1712.816643	3108.158882
1714.248291	3215.486333
1715.203799	3265.825330
1721.108509	3206.220533
1725.634592	3166.865040
1726.725683	3080.380780
1729.796970	3103.245226
1734.667533	3192.399138
1731.664878	3237.564226
1736.104660	3222.442167
1739.387745	3216.555158
1739.730732	3256.185656
1763.797757	3188.895556
1762.293572	3203.363312
1763.623901	3092.368003
1773.915518	3163.204000
1768.207397	3140.639473
1768.973178	3249.284028
1774.705806	3221.695119
1771.965567	3180.140303
1775.921024	3111.388784
1784.403543	3256.291956
1783.874576	3190.586622
1783.456406	3215.137324
1787.004695	3164.940544
1796.661355	3123.226378
1799.586522	3088.315951
1800.918222	3196.029578
1803.845733	3139.266000
1805.733581	3167.118097
1805.685314	3232.625244
1816.605499	3254.790153
1821.734784	3135.465341
1832.886729	3185.445184
1838.444021	3171.780124
1833.754533	3252.768084
1831.805077	3091.305659
1835.816682	3214.762592
1836.494056	3089.682054
1850.343988	3134.860817
1852.517249	3193.267036
1853.385201	3214.628606
1854.914156	3110.033698
1862.129021	3178.005057
1859.131624	3126.208674
1860.043190	3217.996263
1780.107797	3083.783985
1826.310708	3110.402349
1833.643094	3198.605954
1701.435179	3173.056141
1736.836773	3111.340555
1740.062567	3107.117770
1686.668060	2924.201056
1688.811701	2909.638074
1691.369441	2990.533320
1693.927848	3050.200110
1701.244659	3009.434100
1702.625142	2960.836728
1703.715880	2930.285095
1705.937848	3048.230518
1712.189681	3058.019197
1716.942461	3004.007543
1722.459981	2977.459418
1721.418995	3019.273486
1724.315375	2928.763665
1726.745584	2894.365420
1726.438659	2994.296412
1731.771293	2914.956916
1732.753205	3057.484148
1734.665618	3066.104741
1739.382736	2945.901313
1740.561835	2920.713408
1738.915928	3028.443637
1743.032961	2899.285492
1747.896003	2952.575858
1751.886579	2978.579197
1763.375418	2937.338308
1764.310210	2891.130718
1769.019524	3019.180775
1774.791916	2991.770578
1778.512362	2893.478633
1786.064518	2954.010569
1790.114172	3030.359895
1797.229993	3056.133038
1794.096296	2987.358190
1798.625561	2909.015644
1803.069048	2948.711446
1806.876245	2968.079299
1809.792925	2917.527616
1817.855061	2944.890846
1822.123268	2923.836807
1818.478111	3017.639438
1828.398650	2944.968046
1828.512252	2979.960603
1830.901112	2988.897720
1831.725443	2921.493019
1828.986012	3056.593411
1838.872513	3038.949103
1846.022437	3006.444294
1849.654767	2947.263247
1856.908249	2903.470757
1857.406557	3028.543756
1861.963689	2942.411051
1867.692118	2993.735721
1685.009788	2694.923251
1687.971381	2818.218802
1695.426588	2725.919591
1703.449562	2817.846250
1709.353595	2696.145358
1707.915028	2799.300178
1708.141769	2680.101566
1712.045809	2686.074447
1713.574493	2729.355833
1713.916525	2742.724920
1717.984255	2767.002364
1719.569196	2718.840378
1728.205581	2743.147067
1733.902327	2850.824877
1737.135460	2709.430135
1737.643119	2829.104624
1744.660832	2739.693440
1746.579484	2721.560973
1756.134654	2804.277737
1754.364419	2834.413520
1756.669698	2745.702896
1758.996882	2697.757173
1758.845317	2769.956267
1763.451941	2844.229196
1777.505185	2726.003888
1776.793812	2767.266076
1785.987022	2758.100069
1782.791036	2853.593028
1784.696307	2716.869359
1789.219111	2788.829236
1796.119974	2856.621242
1797.813634	2680.434240
1800.885224	2769.491385
1801.611075	2726.368875
1808.891555	2684.628482
1808.774648	2777.319243
1809.230823	2826.117595
1817.936916	2803.902862
1821.241992	2787.076047
1828.305321	2839.425405
1841.353790	2830.708508
1843.881681	2803.828926
1848.360237	2742.692873
1856.723982	2804.739058
1855.476561	2756.273486
1859.031418	2679.424030
1863.026262	2785.975065
1865.768052	2824.955117
1865.364066	2690.770036
1781.619150	2803.533057
1806.178350	2844.338756
1717.516332	2816.843485
1845.723626	2766.061926
1683.247496	2613.549096
1684.148218	2513.064543
1687.050480	2635.604610
1687.821492	2539.108170
1688.199914	2557.950024
1697.865444	2658.111430
1700.058933	2563.526401
1742.646625	2508.060997
1744.562830	2614.336404
1743.256874	2651.712970
1762.753912	2481.581219
1761.634251	2553.473854
1774.173963	2484.038609
1785.547385	2595.319863
1794.517107	2621.234812
1800.270383	2664.539655
1800.356705	2616.065556
1813.789343	2618.926748
1813.328431	2599.090751
1814.713463	2538.088483
1817.338420	2569.669911
1817.227236	2482.757652
1822.482477	2649.394665
1831.014616	2625.559436
1834.620952	2588.320586
1837.384919	2602.572858
1837.469350	2546.031575
1842.754814	2621.222773
1850.678195	2543.782068
1862.854783	2521.951572
1702.887906	2609.782085
1706.778423	2509.931216
1715.416976	2607.854413
1754.002593	2498.339813
1771.039124	2545.713275
1773.175538	2626.906737
1804.005378	2485.815980
1859.567226	2590.499165
2039.955987	2461.562583
2037.107916	2428.425566
2048.301689	2443.829205
2061.439671	2438.018355
2069.232038	2431.343992
1900.480829	2643.272683
1900.115361	2617.081496
1903.174902	2557.673847
1905.993561	2539.213490
1908.030488	2505.960723
1919.419877	2573.767129
1934.289403	2543.131916
1936.280022	2631.912946
1945.871547	2610.274919
1946.829561	2486.356693
1947.664946	2594.083757
1952.323092	2577.021117
1954.042837	2509.095024
1964.121747	2607.068608
1974.002756	2512.718284
1972.982837	2565.946793
1981.098325	2589.237468
1988.962469	2627.854474
1988.681923	2537.297567
1994.378976	2651.130559
2002.842655	2605.046885
2004.068549	2583.404427
2014.371657	2616.587418
2030.494926	2631.433295
2028.168784	2523.219017
2037.760786	2508.405108
2048.919200	2533.636267
2050.250595	2652.653821
2057.544276	2577.380393
2060.009040	2552.352755
2064.899183	2632.160833
2040.295941	2572.127754
1889.396568	2846.154776
1888.067303	2827.201385
1892.789865	2675.669950
1892.147066	2779.514081
1903.295937	2731.599329
1914.659606	2689.148092
1914.263264	2758.665637
1924.040182	2807.059183
1926.511668	2732.897348
1933.820881	2780.108416
1931.815259	2806.310856
1937.606998	2710.742298
1954.562178	2732.213131
1951.292703	2690.356825
1950.665042	2761.308544
1953.176369	2819.675505
1963.471893	2702.089475
1961.869781	2813.556370
1975.054117	2679.601590
1981.698491	2823.116681
1982.320230	2791.056736
1989.968436	2717.972859
1998.708922	2701.427190
1999.413170	2738.287954
1998.910823	2846.648061
1999.977921	2780.664069
2018.088953	2768.769150
2019.800217	2830.049146
2019.633143	2710.932991
2019.790934	2813.792974
2025.273364	2855.054730
2027.614145	2749.922870
2027.586788	2686.732167
2032.471359	2759.723311
2040.721236	2690.253016
2039.195747	2830.892081
2045.323346	2677.615033
2054.442227	2792.616290
2061.767474	2834.649028
2063.391834	2763.049155
2065.912384	2794.706851
1914.663894	2842.237974
1919.029036	2817.841177
1948.805292	2851.994613
2011.867355	2683.535716
1880.002164	3049.283941
1883.944858	2966.378539
1886.642334	2928.303153
1891.043971	2950.617841
1889.510934	3007.148298
1892.875703	2973.273978
1907.344759	3008.661554
1909.113785	2973.877633
1911.818725	3039.461640
1919.866788	2941.959743
1918.476873	2879.330076
1920.093958	2887.722972
1923.352602	3057.662088
1930.123698	2957.191231
1935.475271	2941.014924
1936.977670	3040.481172
1939.319249	2905.861711
1937.850380	2931.109576
1950.633772	2925.065487
1953.843634	2881.590762
1958.783840	2904.330921
1957.858662	2984.934387
1965.334004	2966.784597
1968.806700	2958.651218
1972.936086	3051.339537
1987.243307	2951.635366
1988.229189	3041.522810
1991.709801	3005.944574
1992.944114	2995.240061
1990.783047	2964.615953
1994.571356	2976.476888
2003.238440	2969.791300
2002.788801	2932.405640
2010.295036	2881.759243
2013.779428	2901.377140
2012.836200	2920.792839
2020.915168	2883.836161
2037.835612	3056.706356
2044.110951	2892.913708
2047.393258	3007.575234
2056.374102	2908.790871
2058.612259	2977.009966
2060.105423	3043.836475
2062.735332	3052.429610
2067.764283	2937.750203
1885.094647	2887.478055
1955.997233	3001.494173
1977.754281	3061.354789
2026.547561	2994.088902
2031.150699	2991.317402
1989.726447	2895.806444
1959.027106	3019.434088
1882.625246	3211.257685
1885.034891	3235.135181
1893.132360	3082.028517
1900.548971	3093.631828
1900.292196	3203.283463
1907.488935	3144.055802
1920.159307	3234.902742
1916.626070	3172.648603
1924.179619	3215.939006
1924.953532	3200.618717
1929.399180	3119.897495
1938.318221	3156.035534
1944.080873	3119.188875
1947.093772	3110.085521
1949.702861	3199.487562
1961.378158	3197.239835
1964.923213	3138.693278
1971.066248	3188.608505
1971.119938	3091.015851
1981.172621	3151.811328
1981.253781	3248.395427
1986.895596	3241.956020
1999.435127	3229.881219
2009.717954	3113.329946
2011.290424	3136.012294
2018.007951	3262.847358
2021.959050	3115.129120
2030.512428	3243.412502
2033.862230	3134.276073
2037.524821	3142.441886
2051.186412	3244.363672
2052.344467	3166.588428
2055.520040	3158.786552
2059.919389	3094.375221
2064.802642	3115.654485
1978.610256	3224.020178
2010.674574	3169.557088
1898.184798	3181.998361
1906.875206	3173.472455
1891.739316	3337.031510
1891.614797	3293.555896
1889.260904	3412.587663
1896.179743	3434.270405
1901.464762	3304.130057
1912.366951	3295.295001
1937.252798	3437.365288
1942.852573	3314.747587
1942.657412	3370.011837
1949.518674	3352.918799
1954.288837	3434.929809
1956.354230	3424.611688
1956.349838	3404.418254
1958.556907	3355.862489
1967.096752	3361.517162
1974.208689	3332.296071
1978.532397	3284.310563
1984.931106	3307.241095
1984.970252	3344.629419
1986.981123	3428.285254
1991.385138	3371.436434
1996.685746	3304.086029
2000.426671	3452.701274
2006.984939	3394.449996
2011.266271	3320.003148
2011.386127	3296.974986
2020.444031	3413.725485
2033.175732	3425.625601
2039.678233	3340.587059
2037.232731	3352.064030
2048.048658	3445.458289
2056.001258	3372.940150
2066.128334	3437.648359
2067.997451	3336.863429
1893.753729	3369.823772
1915.774504	3381.936584
1881.864985	3548.681108
1889.008366	3580.868016
1900.918828	3591.116393
1903.028093	3534.479218
1904.256265	3514.073001
1904.554154	3492.700899
1908.414534	3599.030320
1910.615563	3608.024103
1917.646147	3614.753805
1916.397361	3652.288628
1920.114493	3539.135853
1927.459288	3637.608019
1935.277689	3550.433862
1939.649234	3481.446081
1939.823546	3650.784906
1946.645981	3498.640780
1954.029084	3655.658579
1955.116295	3600.011887
1960.213625	3478.869371
1955.828273	3512.804214
1968.100100	3596.369456
1974.070335	3576.199374
1971.942911	3526.602869
1977.963920	3521.023416
1980.100191	3491.336885
1986.042093	3626.087379
1989.108549	3583.743704
1994.140550	3480.287363
1999.813855	3553.623244
2004.010614	3616.211840
2008.573719	3528.398880
2013.595018	3548.495475
2019.405843	3569.716654
2023.064303	3610.325478
2026.947152	3644.686916
2033.750200	3620.827945
2034.695426	3557.367223
2036.055345	3520.196294
2036.323166	3562.013473
2040.297628	3658.021068
2046.925944	3510.936914
2051.714750	3484.750608
2053.354179	3635.618977
2066.810694	3478.926177
1899.008564	3654.262111
1974.281354	3662.401604
1977.252772	3652.715356
1980.878365	3606.975085
1992.125813	3597.752922
1996.417966	3569.466684
2010.637134	3476.983072
1960.664180	3561.107274
1895.563953	3807.991770
1897.598236	3864.259828
1916.232812	3842.849283
1915.437348	3696.759880
1917.989285	3803.350677
1940.913137	3745.054282
1944.877037	3826.873000
1951.178107	3801.317782
1951.168070	3733.706687
1958.124488	3754.046646
1958.892699	3862.615096
1959.116152	3685.601221
1962.534450	3828.012235
1964.966118	3859.668411
1970.477346	3864.972283
1981.037662	3754.966211
1984.497849	3700.369092
1992.113252	3857.653419
1997.107025	3702.023826
1999.287669	3827.660013
2007.399415	3705.539049
2008.755452	3777.232696
2014.851731	3691.521579
2022.153432	3733.082213
2026.731511	3838.751001
2026.964386	3852.454492
2028.277290	3705.260601
2031.517739	3725.469483
2050.790617	3846.624283
2050.348737	3695.518844
2052.097823	3733.711650
2055.673140	3819.039535
2058.218255	3851.253701
2067.673849	3769.120955
2070.347974	3814.973101
1905.728568	3804.045131
1915.400571	3734.114160
1921.642926	3834.860617
1937.113538	3717.165800
1993.465122	3678.571675
2006.835249	3727.688092
1909.882511	3717.980224
1967.367796	3706.824487
2063.163919	3715.675991
1912.299825	3833.691410
1895.397009	3822.670164
1894.270643	3970.449674
1900.181714	3881.467158
1908.895559	3995.853548
1916.867732	4049.283955
1917.251290	3909.809768
1914.088044	4028.815481
1919.768203	3987.801145
1923.224154	4023.832997
1929.366083	3913.422086
1933.889348	4047.321690
1943.330159	4040.754781
1947.307318	3999.575111
1945.454704	4064.843370
1947.569932	3894.367866
1948.674253	3930.105089
1953.039948	3971.826826
1967.660837	3974.405693
1972.365169	3898.899340
1978.275796	3999.964127
1975.699316	3933.178238
1979.164326	4038.552536
1985.898818	4001.185087
1987.617353	3957.279600
1988.444277	4029.005987
1992.392132	3926.675084
2000.437054	3977.118946
2008.611042	3903.934088
2010.278631	3999.226639
2017.046906	3991.642027
2016.345865	4035.376002
2026.254944	3920.104993
2026.677155	3968.583746
2033.434708	4058.673118
2035.337099	3894.386983
2034.769173	3949.145319
2037.141788	4045.790847
2036.915331	4018.494970
2053.050916	4026.551588
2048.424958	3978.139814
2048.845791	4062.084803
2051.766059	4000.646534
2051.485705	4044.895603
2055.775387	3923.869037
2055.874192	3948.156657
2055.422872	3987.376546
2057.520776	3906.040245
2069.739119	4045.523156
2050.510144	4034.696316
1900.595678	3952.788253
2015.707581	3909.937365
1929.161745	3887.601375
2018.344653	4006.877494
2016.982536	4012.534759
2085.845428	3976.799999
2087.516289	4037.079170
2087.628275	3938.816584
2088.749364	4052.365481
2090.692267	3905.709684
2092.761506	3888.573388
2101.520878	3989.627036
2105.255898	4026.400526
2106.973956	3933.122788
2105.479575	4051.681699
2112.567203	3906.839881
2116.886970	3964.646102
2118.105565	4049.923765
2123.847031	3947.982711
2123.041621	4037.466323
2126.685036	4063.369585
2128.186845	3888.218453
2129.458054	3999.893516
2130.413126	3982.500813
2135.270143	3951.342598
2137.249812	4034.195721
2145.717672	3880.082106
2146.373363	3901.273477
2147.133150	4045.209163
2148.558808	3921.775493
2150.382445	4028.123237
2150.564560	3892.446579
2151.603056	4058.512239
2154.877740	3985.735548
2159.249701	3952.526752
2161.403709	3895.776608
2159.448575	3964.286072
2165.783892	3973.887510
2168.954245	3991.824801
2170.836671	3933.235827
2173.330845	4040.576771
2170.930531	4014.874675
2174.712703	3904.065438
2177.249971	3876.648009
2185.848554	3977.658076
2180.955019	4028.739021
2190.701405	3923.411758
2192.349621	4012.248902
2196.543276	3956.598534
2196.485917	4004.419947
2206.047894	4043.629100
2204.810734	4026.950986
2204.030124	3973.628658
2211.789207	3985.893590
2212.150401	3947.741073
2216.186810	3905.615244
2218.563524	3889.486454
2223.215079	3998.764683
2221.412203	3979.189149
2221.097746	4037.738387
2223.028638	4050.274373
2221.689619	3929.961064
2226.530805	3910.132202
2227.487023	3968.294556
2228.418011	4063.802319
2229.264422	4016.143366
2232.787257	3960.723791
2236.363384	3912.653363
2242.654746	3926.688616
2242.432314	4016.629892
2246.118987	3956.422990
2245.919749	3999.018910
2250.985332	4014.525798
2260.498821	4028.902781
2262.435947	3901.110310
2151.412188	3975.996430
2199.666441	4041.401671
2244.830941	3929.364715
2083.781298	3734.670570
2085.569400	3687.489314
2087.172924	3761.199992
2094.884041	3791.117283
2101.601526	3860.673179
2107.497595	3700.060154
2106.961604	3745.289799
2113.072457	3835.702435
2114.965734	3812.169946
2118.092197	3780.511667
2121.347693	3759.037442
2126.082655	3767.471818
2125.606040	3723.380484
2127.166232	3802.948113
2128.981405	3838.194265
2130.163742	3692.478495
2132.925377	3863.074455
2134.462744	3704.256713
2143.749334	3780.209087
2145.281803	3812.132169
2148.603155	3822.620651
2153.331085	3700.975531
2148.636323	3765.559471
2152.336480	3685.712231
2155.157096	3749.214686
2153.927077	3710.181989
2171.924207	3797.900667
2177.035744	3728.432842
2178.678648	3700.074007
2178.483524	3763.214676
2186.526370	3733.605148
2186.556927	3837.487590
2190.604883	3705.978178
2189.751746	3805.686572
2201.851768	3756.292408
2211.701200	3788.204445
2211.124081	3815.392080
2211.412167	3711.546826
2225.144269	3755.819374
2227.892124	3795.486818
2234.604277	3684.185242
2234.365342	3726.357081
2235.801253	3751.246411
2241.212572	3711.584950
2242.743685	3813.254302
2255.645162	3772.776375
2255.980831	3755.925893
2260.576929	3824.218504
2260.294827	3731.806726
2259.360244	3723.091535
2262.283626	3753.256607
2265.332772	3796.940358
2266.913438	3838.833434
2270.829370	3729.939516
2192.460256	3685.727394
2133.175594	3743.786348
2134.563378	3737.411649
2202.352549	3768.137620
2082.270544	3572.792895
2083.857590	3596.229530
2086.178000	3558.793869
2092.245823	3658.609477
2092.923216	3545.022393
2092.091160	3641.797301
2099.049243	3487.493119
2111.480310	3523.105958
2113.036617	3631.772354
2119.409662	3601.934799
2123.940428	3496.664225
2127.718035	3617.407762
2128.995538	3635.617275
2138.559201	3535.348779
2141.249275	3512.339256
2155.029404	3484.640313
2155.702330	3549.909733
2152.552713	3574.322176
2159.626119	3626.081552
2161.055243	3639.766310
2170.673421	3484.391093
2189.467412	3637.487798
2188.559717	3502.619940
2192.940634	3531.531348
2195.155762	3612.389699
2203.280120	3545.242013
2223.632746	3494.991463
2220.835123	3587.114167
2226.976265	3560.526572
2227.535186	3656.648267
2235.006558	3617.778675
2242.270983	3607.938169
2245.936034	3590.342436
2249.574922	3534.370630
2263.124534	3663.533993
2266.464486	3540.951356
2266.983811	3571.514927
2179.996049	3635.819797
2100.870928	3564.067002
2087.242041	3338.632808
2090.126223	3314.400405
2098.093433	3384.726194
2102.074503	3364.806127
2103.220522	3433.243208
2112.653608	3325.372854
2119.576606	3331.216159
2124.672862	3360.277218
2128.475993	3456.032243
2130.638403	3343.534963
2130.615137	3388.215755
2132.517934	3279.186201
2135.757658	3348.049896
2139.287346	3302.102095
2148.336426	3321.010326
2153.245560	3393.897071
2151.154304	3284.741703
2152.224980	3452.086768
2155.938461	3335.370920
2160.060019	3320.862362
2165.022909	3457.317887
2169.532561	3310.196058
2179.899978	3297.584907
2178.038023	3393.963310
2182.385326	3418.869956
2184.829679	3442.329309
2192.222181	3408.443495
2195.868001	3334.322887
2201.962525	3290.380127
2205.530441	3460.064156
2204.676692	3433.673158
2211.462168	3402.137961
2215.207448	3353.979565
2218.205143	3326.507312
2223.742625	3305.327803
2227.323131	3381.016173
2227.393126	3356.786198
2231.972210	3369.879009
2248.188014	3413.994489
2248.616401	3312.022180
2249.888085	3284.352359
2251.044347	3345.485693
2259.170066	3446.867230
2262.459481	3365.212336
2263.890519	3285.492077
2265.300770	3325.296588
2110.914645	3299.936105
2085.005214	3099.746310
2086.010054	3213.730826
2098.133874	3100.400694
2101.153966	3168.637299
2101.375919	3085.142356
2103.974514	3128.451697
2107.450984	3105.138005
2106.594251	3147.254820
2109.006041	3262.217036
2112.717942	3195.093748
2118.657416	3224.365034
2124.232934	3178.111221
2123.772281	3262.890509
2122.990919	3254.572043
2123.870340	3243.200256
2130.080367	3222.535099
2128.772044	3126.241149
2134.894306	3097.667387
2140.812663	3230.680156
2141.776593	3114.086041
2152.133445	3165.096167
2151.099236	3248.235901
2159.108046	3264.317082
2162.693681	3197.766749
2165.859399	3188.033519
2166.271695	3178.669046
2169.133146	3263.648573
2173.189830	3088.576951
2173.501496	3154.467611
2183.702525	3201.239306
2191.419745	3117.600199
2191.805902	3172.255534
2193.551227	3261.865417
2197.393703	3237.929732
2200.158504	3169.089526
2202.062893	3078.517357
2204.359154	3211.089464
2209.887702	3247.003462
2212.593053	3230.308169
2213.561722	3166.474803
2227.315205	3236.287935
2225.716740	3191.177425
2228.880773	3252.206271
2229.569488	3169.251578
2234.314869	3204.453716
2235.567256	3151.310384
2243.678225	3130.770089
2249.907141	3233.800592
2255.527069	3117.448999
2256.701498	3179.633576
2256.167989	3204.996997
2259.629433	3228.202278
2265.626525	3254.047599
2268.111833	3116.804877
2166.306695	3231.896361
2178.012765	3094.216182
2223.551164	3202.823750
2174.318282	3222.067695
2086.922061	2908.273951
2085.687471	3002.059259
2091.560244	2885.217371
2094.804245	2969.016930
2100.794208	2921.538663
2106.828344	2959.597909
2107.077971	3001.225796
2116.932897	2902.148321
2126.781483	2927.611008
2133.575545	3062.978921
2129.780761	2998.747953
2133.331005	2900.556088
2134.740355	2956.641519
2136.168323	3036.586326
2147.893230	3006.956423
2147.371419	2979.695216
2148.621684	2992.913971
2151.163864	3040.056678
2154.941748	2898.268110
2165.401218	2986.089189
2166.920104	2938.497389
2171.092788	3013.365142
2179.034641	2936.589518
2180.015335	3036.943373
2187.973320	2975.060592
2188.917479	2921.648490
2196.872829	2917.808380
2202.760580	3044.605573
2203.582958	3007.877525
2207.516351	3022.878450
2219.771734	2904.260155
2227.409792	3030.478749
2231.599340	2922.932409
2227.459965	3062.455442
2239.585800	3047.079193
2244.116322	3043.356986
2255.297193	3029.890074
2260.905697	3047.292976
2264.543854	2917.754578
2264.792525	3023.521365
2266.368209	2977.138228
2266.732207	2952.339977
2086.735689	3033.833144
2217.061230	2954.207829
2086.287602	2722.881354
2082.483036	2850.609414
2093.833641	2853.007661
2091.713399	2831.522296
2101.686127	2806.992869
2100.901922	2840.562520
2105.909654	2862.005726
2107.120954	2829.152866
2121.644157	2730.289014
2122.965341	2764.190664
2126.102398	2740.055049
2126.721493	2716.331749
2132.982079	2843.597165
2142.382013	2763.556568
2147.886883	2843.434449
2159.926357	2849.281576
2158.805197	2789.452571
2159.910599	2831.384810
2162.661157	2719.471567
2168.617760	2766.048477
2169.428704	2703.425168
2172.659452	2696.909390
2172.104566	2724.180107
2173.765571	2815.802895
2183.668351	2806.303715
2185.799500	2829.626735
2189.771708	2688.099381
2190.163326	2847.703189
2199.342619	2762.531028
2207.730919	2821.335489
2209.497645	2844.117075
2209.809871	2680.590626
2212.326242	2861.371779
2211.013106	2810.823349
2212.345533	2762.755235
2216.618243	2769.988804
2218.657059	2737.546678
2226.276142	2782.723794
2232.028833	2725.816929
2232.271066	2800.442329
2235.285784	2750.250689
2232.894000	2845.078235
2251.801057	2817.218136
2255.728422	2862.597835
2261.874467	2802.206475
2257.956312	2831.227136
2258.342372	2712.998493
2120.322850	2859.319570
2221.060318	2701.380287
2083.497396	2530.464170
2090.304384	2499.529048
2096.868524	2477.819101
2099.249386	2517.144020
2106.341778	2494.478624
2105.577920	2561.463876
2104.560271	2656.511581
2105.805566	2511.169811
2107.537539	2585.096316
2112.211309	2523.354716
2117.856795	2497.528283
2130.271653	2595.260147
2130.801490	2545.283913
2135.094251	2591.448353
2137.192241	2631.334388
2139.128479	2500.208601
2141.236655	2583.234293
2148.871849	2505.604440
2167.091523	2536.508040
2173.022885	2539.303218
2186.588578	2643.272747
2187.232602	2620.914422
2188.425806	2541.154988
2189.369397	2531.716927
2195.315297	2600.554797
2198.683270	2506.653762
2202.570038	2541.115469
2205.930587	2489.596836
2209.982332	2592.892041
2225.720043	2650.118415
2227.823652	2539.680190
2241.500386	2567.763716
2245.165188	2540.054290
2253.676005	2631.250541
2257.342179	2599.913034
2258.310317	2604.467250
2259.957813	2614.063019
2264.612419	2581.969620
2271.939735	2649.369916
2089.513394	2585.017244
2107.558118	2636.126224
2131.083648	2480.805566
2083.340628	2435.547520
2105.195884	2445.057564
2108.287278	2452.179356
2127.943695	2414.632723
2159.060647	2458.083544
2160.828315	2439.978849
2167.386043	2379.569371
2175.453823	2399.418521
2180.240206	2447.229808
2187.727268	2421.706899
2200.727231	2461.762959
2214.008384	2433.486319
2210.262992	2298.011502
2223.466298	2439.679746
2232.932698	2444.497416
2233.653778	2423.269536
2243.416761	2444.584608
2253.172925	2442.245426
2257.282267	2409.639613
2261.113281	2453.824530
2287.537132	2319.076481
2309.489751	2460.428138
2313.337000	2382.082223
2315.414124	2423.439682
2324.307515	2453.442476
2322.811196	2407.138866
2329.314646	2361.132379
2332.954544	2318.103534
2332.220854	2299.531598
2335.196383	2426.353035
2349.854129	2295.391036
2349.978057	2363.166930
2361.568217	2420.615652
2364.761756	2348.684306
2370.733656	2404.655290
2372.457815	2395.053369
2382.853418	2378.305433
2381.498170	2363.516134
2385.809940	2413.420995
2391.961980	2285.951800
2397.387162	2352.677137
2401.754078	2386.596376
2404.824621	2356.426743
2400.710167	2287.006254
2406.256572	2309.506528
2404.459839	2303.018176
2408.666538	2348.933988
2409.522923	2279.966372
2416.192105	2308.072440
2417.862256	2448.800365
2417.358617	2316.511546
2418.053439	2380.764533
2419.648087	2437.109977
2434.945687	2281.115000
2436.890886	2425.404632
2438.782920	2303.456317
2446.402850	2452.149599
2446.595247	2310.838273
2454.198525	2444.404935
2453.392841	2391.312814
2335.475734	2387.473417
2426.646972	2319.770321
2433.946963	2403.783823
2471.181208	2430.308804
2330.971002	2427.152040
2438.777668	2366.417334
2451.677181	2343.600665
2281.261285	2545.277631
2295.072004	2660.930058
2296.839148	2496.114195
2302.040685	2520.179766
2307.348126	2646.724539
2316.641593	2609.174469
2318.373085	2586.849746
2319.311808	2560.079583
2324.162860	2634.904359
2324.844890	2534.585391
2328.610953	2663.028544
2339.077856	2574.985532
2339.834237	2561.164748
2342.259343	2599.667776
2345.153084	2491.831987
2349.918306	2543.651871
2352.963937	2584.051050
2357.710429	2563.622573
2361.115093	2503.646363
2369.675879	2536.243991
2379.021860	2577.129188
2379.432021	2479.963194
2383.877949	2599.320874
2386.538606	2496.838244
2386.101512	2621.574482
2396.887170	2630.756813
2401.320810	2585.448541
2401.042507	2607.185186
2399.967359	2536.095424
2408.708570	2486.868483
2413.390640	2562.566741
2417.828006	2657.760552
2418.851210	2531.985443
2426.296282	2563.848870
2423.735266	2548.973630
2427.036266	2585.699938
2430.753454	2598.679062
2432.136936	2484.562019
2434.141374	2570.433760
2435.095014	2622.206692
2442.508915	2514.036295
2446.819434	2600.058062
2450.519790	2578.601082
2453.391875	2495.251066
2466.137062	2621.785365
2463.985336	2481.940045
2467.184980	2536.663544
2289.509892	2551.026073
2368.946502	2507.226186
2283.917923	2815.967942
2293.231259	2802.480054
2297.977095	2835.139626
2298.118686	2824.130824
2297.466901	2731.536188
2298.375369	2690.659876
2302.273312	2766.441648
2313.001960	2715.766656
2320.793871	2750.666432
2321.319295	2859.769232
2322.735212	2758.943251
2323.913866	2780.373995
2336.478604	2798.458025
2335.458885	2676.234949
2339.136180	2844.195624
2346.926991	2679.087714
2352.935422	2844.402396
2358.241836	2755.748154
2366.590616	2789.827156
2366.990774	2781.704175
2372.718606	2683.722599
2374.208125	2724.442518
2374.292363	2739.097257
2373.807299	2814.211804
2381.014299	2769.007004
2390.597873	2691.635739
2393.653223	2839.062591
2397.157406	2704.672302
2401.430143	2718.374307
2400.861420	2769.513343
2410.596562	2685.210540
2413.710757	2855.826239
2417.153666	2711.803361
2416.923546	2767.368000
2424.935418	2807.172245
2428.600825	2742.342803
2436.214634	2839.564434
2442.563494	2798.694670
2441.677666	2854.577083
2446.622681	2830.211859
2448.032723	2750.190889
2451.509391	2839.457533
2459.089397	2717.844837
2460.946694	2768.571587
2464.304227	2828.459938
2470.102281	2806.779717
2450.352330	2729.150998
2456.509903	2730.418832
2280.935442	2923.478744
2294.924069	2932.988744
2300.647577	2961.842129
2301.185425	2986.825500
2302.213426	2970.652750
2304.201243	3058.918016
2303.458663	3035.032597
2305.325276	2904.811330
2304.673348	2928.598904
2318.643960	3017.596578
2320.451578	2929.271763
2353.432881	2976.944709
2356.426221	2915.051614
2371.336144	2940.355938
2379.878737	2879.071980
2384.753188	2903.841342
2389.420815	3045.589765
2391.420861	2907.305264
2395.562932	3043.251903
2400.452516	2933.599465
2409.671206	3017.572405
2409.027766	3043.957355
2430.824070	2928.322356
2433.117640	3038.709319
2440.564573	2904.826305
2443.879549	2983.248888
2463.029345	2952.567299
2283.442163	2906.122893
2387.384869	3008.777360
2411.718346	2962.478320
2464.711417	3057.792913
2442.677630	2921.885651
2279.102986	3099.772371
2296.777559	3101.760814
2302.032943	3255.807314
2306.001404	3105.879191
2304.575938	3171.382137
2307.125337	3232.131741
2308.510686	3133.592673
2308.989160	3258.729465
2315.547582	3085.930923
2320.189451	3108.987664
2319.640421	3191.925806
2324.947414	3160.701093
2330.975169	3252.618797
2339.030688	3164.659633
2343.439274	3107.099356
2346.906188	3217.317441
2350.613252	3145.110236
2352.382184	3119.947907
2352.364667	3103.113139
2366.640537	3182.391398
2370.089582	3104.478158
2366.052664	3221.867128
2376.909715	3146.215433
2381.073640	3101.278334
2384.844294	3184.389907
2391.392329	3244.911981
2395.893801	3230.144917
2397.030886	3145.318138
2407.406150	3247.240997
2410.410609	3119.099254
2414.997235	3198.309423
2415.104652	3145.777204
2422.502743	3233.685591
2428.547327	3164.987774
2438.787870	3191.361532
2437.338570	3089.548900
2437.625784	3199.340806
2445.793684	3215.231293
2447.287306	3107.068207
2450.264094	3161.414125
2451.868223	3252.510224
2463.346812	3160.515828
2465.431777	3260.970378
2466.610321	3139.256789
2374.019654	3131.828003
2282.191790	3417.438240
2289.210470	3351.334738
2289.757118	3401.229821
2294.474209	3384.001430
2296.677211	3440.906719
2299.006966	3282.810417
2303.160098	3402.083925
2307.299360	3353.739322
2310.865837	3325.360206
2311.048238	3368.937483
2321.380507	3315.341718
2326.203249	3366.557921
2327.194126	3332.768062
2331.401117	3394.506743
2331.984031	3454.721471
2335.969626	3300.742511
2341.163187	3359.450311
2342.212152	3418.776256
2344.021494	3399.747656
2349.945765	3429.431468
2356.526541	3350.071844
2357.081920	3329.190266
2362.302525	3459.579831
2365.824026	3391.016362
2367.271419	3371.093038
2366.346093	3440.780345
2370.693596	3398.177885
2374.174437	3287.313908
2382.532789	3356.877752
2391.744468	3415.140472
2396.858575	3302.521319
2399.968051	3278.716709
2400.067379	3450.864123
2412.702291	3337.295208
2410.520102	3377.089219
2413.358181	3406.941684
2426.459432	3377.490696
2427.406592	3394.838844
2429.051537	3319.655427
2437.604561	3394.113972
2441.576648	3284.930237
2451.289146	3341.076579
2451.181864	3462.196813
2466.793720	3412.843293
2465.571917	3320.112040
2464.811003	3379.072660
2459.063437	3445.294450
2282.887810	3616.685041
2284.988819	3489.000064
2288.354745	3604.799755
2287.903694	3630.138488
2293.033324	3644.131638
2301.721733	3610.803693
2310.224002	3534.898674
2310.595098	3636.901817
2309.838599	3499.418360
2315.417275	3601.593231
2327.504411	3560.274904
2326.860801	3605.780378
2328.844262	3568.321273
2334.163506	3545.136508
2336.004973	3621.233125
2341.331861	3638.568013
2343.879286	3489.509515
2348.455983	3567.647575
2352.702595	3502.272022
2358.306748	3546.687661
2358.772724	3579.280097
2360.236233	3491.247213
2365.537995	3563.383284
2371.272459	3500.345567
2373.410494	3619.154685
2372.109703	3532.090333
2375.001007	3511.049851
2381.532422	3655.954850
2386.999652	3494.837769
2395.900880	3533.550807
2397.722804	3558.479903
2396.784355	3615.905968
2398.065178	3597.196893
2402.787708	3640.418495
2406.370205	3617.603837
2407.107807	3521.608136
2406.870416	3503.633434
2407.994919	3657.636113
2420.398884	3529.512794
2422.592265	3589.424301
2424.754316	3573.964331
2428.341932	3568.923941
2430.529756	3552.298380
2435.382954	3515.428611
2439.958773	3608.513614
2443.511496	3518.792985
2451.664898	3639.130593
2452.886523	3486.366392
2454.517844	3586.104735
2454.155255	3608.772118
2456.895601	3535.451210
2457.090876	3658.593184
2463.922245	3513.313549
2468.267921	3565.223864
2457.156809	3520.777119
2322.793361	3605.597578
2283.193138	3847.853371
2279.644732	3741.211030
2285.180306	3761.795411
2291.145176	3678.003408
2292.881708	3720.021802
2299.515207	3815.818623
2300.510949	3843.871590
2304.742292	3766.188470
2312.116661	3701.705411
2314.245511	3840.712645
2318.810660	3739.201127
2328.197462	3710.784966
2329.650635	3761.880800
2337.734585	3744.883353
2340.997636	3825.776470
2344.886291	3853.514269
2348.768602	3727.480764
2350.248528	3746.781217
2351.950774	3691.749007
2359.437488	3865.487609
2358.899263	3796.205140
2364.220629	3803.250998
2376.545780	3757.370786
2377.801943	3826.095745
2389.126651	3704.980664
2402.369565	3805.409470
2402.338654	3709.939923
2412.941545	3740.126028
2418.946104	3846.142264
2421.967815	3775.441739
2419.910288	3745.630591
2424.030276	3855.848720
2423.651259	3831.354346
2434.261984	3793.937076
2442.575588	3847.161882
2449.584928	3806.111223
2450.857146	3837.588965
2455.958962	3813.413841
2460.701884	3719.033536
2463.209161	3758.563892
2298.409495	3681.583575
2304.922247	3720.307102
2375.301848	3770.934365
2436.182786	3685.069020
2331.625321	3764.131560
2434.460649	3854.095324
2279.281175	3979.999809
2287.373740	4045.989421
2290.801109	4060.974254
2304.504119	4063.168519
2306.072095	3957.379019
2307.303409	3936.882598
2306.529670	4015.224232
2313.908382	3960.941317
2312.982273	4035.573813
2315.218517	4059.012810
2312.006124	3975.477512
2318.969104	4041.878420
2328.803983	3936.847328
2332.307572	3978.789859
2334.558921	3965.073708
2332.216314	3951.989952
2332.447189	4013.424858
2339.530829	3883.308781
2338.947624	3912.346955
2350.029115	3982.678817
2348.085856	4015.866583
2355.459085	4009.471744
2359.879894	3907.446057
2359.414159	3939.018245
2366.099549	4019.146868
2374.578229	4057.229101
2376.082869	3946.363764
2379.270123	3934.147274
2379.526868	4025.127356
2382.123294	3912.803072
2389.177817	3975.475476
2387.855723	4005.692014
2392.746649	3891.403929
2401.453963	3910.261040
2404.834496	3946.461500
2408.082230	4026.497090
2407.929254	3983.023787
2415.327864	4055.005836
2423.348494	4003.493509
2426.430911	3895.355611
2426.538919	3959.864919
2433.651478	3941.765047
2435.280703	3977.976409
2438.009536	4043.481806
2445.884330	4060.863699
2445.206780	3992.679451
2449.280001	3888.215331
2455.023662	4009.967896
2313.457084	3918.131625
2412.277390	3885.165624
2449.343045	3914.365978
2455.341997	4054.270825
831.821877	2468.586822
867.846275	2326.053751
875.686332	2308.627280
875.860055	2380.323384
742.399168	2663.929723
873.026715	2641.438182
874.062333	2540.124048
880.029728	2614.590541
871.016171	2598.755006
772.091497	2864.855203
874.204301	2748.656693
879.800720	2819.753858
878.216172	2729.551372
872.988203	3062.965648
873.946467	2997.713781
877.499267	2963.870290
881.129087	3056.562254
873.387707	2896.010531
685.720920	3089.520119
867.308283	3232.651584
871.097457	3166.112245
733.905291	3074.369291
870.317082	3196.399715
681.332976	3371.721077
746.087563	3471.618636
874.377979	3401.075261
874.931767	3324.528622
876.694826	3367.446018
875.958256	3432.096896
877.233075	3440.634227
708.003762	3471.289886
749.606857	3671.681114
873.568693	3638.363991
879.036746	3577.223425
875.319005	3531.264194
878.049640	3490.861794
766.308363	3677.370633
767.949958	3875.150380
814.483942	3872.043305
839.484420	3871.370486
853.083630	3861.968708
871.556685	4013.754337
873.942972	4059.176171
877.708255	3957.204388
874.433747	3980.067197
874.833027	4004.922002
880.834209	3932.620810
876.331965	3878.788725
982.244908	3871.217394
1047.560939	3870.205544
1073.062127	4050.445135
1076.863437	3924.129015
1074.924312	3963.849355
1082.022279	3958.186077
944.763196	3870.436236
933.001085	3673.100767
987.698353	3669.409716
1017.697101	3673.619080
1034.959781	3865.880747
1071.846558	3736.998888
911.961963	3671.862449
1057.393100	3668.719826
947.375737	3469.159058
977.817863	3666.924945
992.393791	3475.888187
1011.405405	3467.694320
1025.899033	3661.397936
1028.010852	3476.641372
923.123413	3469.217532
894.913753	3273.296877
907.608143	3272.595906
885.865843	3076.311398
916.290731	3069.413487
978.632277	3077.240703
994.535271	3074.509193
1027.663558	3073.027719
1080.990517	3127.742624
974.745882	3068.940670
1071.124148	3179.824390
1000.063650	2872.687866
981.547225	2676.015304
1066.514006	2688.968002
1074.535386	2787.039402
886.576951	2472.794522
962.786408	2468.107976
929.619000	2461.266844
1224.644051	2672.949392
1274.520187	2638.749157
1085.453143	2516.988804
1084.043882	2855.390620
1252.934685	2868.515277
1083.262677	2907.292133
1167.812133	2874.822775
1184.880663	3065.147804
1219.924598	2878.705567
1274.375324	3043.566470
1232.977720	3068.988998
1259.124159	3099.460103
1275.742843	3130.140488
1275.751805	3205.899201
1079.665985	3235.441698
1082.860974	3459.050755
1120.303769	3466.269303
1241.198112	3472.441272
1273.636253	3426.805988
1077.383242	3451.828143
1081.963834	3643.813911
1180.841463	3673.284387
1214.038955	3669.990151
1237.542671	3671.104203
1280.473487	3612.307808
1103.287957	3870.087627
1128.159826	3870.236383
1274.835091	3756.125564
1211.926912	3878.141428
1272.054024	4056.209378
1274.586073	3900.563102
1083.162381	3893.878215
1278.391207	4040.841508
1420.121456	3871.592122
1440.812304	3870.205711
1467.405160	4001.530738
1476.649368	3896.382464
1363.027644	4067.913994
1474.689874	3725.907109
1328.528155	3673.143384
1474.464327	3507.626989
1462.979178	3468.422455
1370.736490	3468.690373
1288.941562	3069.988602
1341.723616	3067.135236
1475.337847	3261.370731
1351.812301	3077.012401
1400.615574	3074.588782
1279.622303	2901.331713
1367.666628	2871.598350
1389.008149	2870.113171
1417.206544	2873.893583
1455.206677	2871.692896
1358.034231	2863.785267
1370.653832	2672.614503
1410.737847	2671.119677
1347.544210	2676.551569
1284.733972	2473.386164
1327.533270	2475.301151
1348.969800	2468.350128
1381.756318	2476.900308
1468.513163	2632.798434
1470.210812	2600.986147
1471.015660	2570.640921
1476.470766	2500.771511
1280.107153	2403.248402
1478.014842	2860.821043
1480.841252	2740.518374
1481.691736	2803.849342
1594.603516	2874.524398
1630.303042	2863.164497
1668.883067	2776.524108
1672.701288	2760.236002
1674.906667	2805.923794
1676.528178	2751.849622
1481.533428	2887.046074
1484.593564	2927.354083
1561.350797	3071.282567
1570.424836	3071.816762
1605.691198	3072.399505
1518.626657	3068.902270
1504.703698	3068.926350
1490.574569	3105.934862
1567.772407	3269.322962
1673.581005	3173.436158
1672.245391	3222.542488
1678.875280	3095.858905
1557.245139	3467.500575
1670.576672	3400.742921
1670.560556	3307.727954
1674.616472	3346.879109
1675.570016	3379.279318
1482.697764	3667.270905
1608.031013	3479.709148
1679.988283	3570.669514
1477.804935	3504.708510
1493.202013	3666.315388
1579.503746	3868.415419
1588.063566	3869.405208
1499.861580	3869.348772
1673.122494	4032.683526
1674.504582	4040.728684
1673.818483	3891.683538
1680.841802	3883.726212
1685.768444	3869.332357
1742.768829	4067.193229
1787.130892	3871.616285
1803.028676	3873.834409
1819.379374	3871.005958
1871.695030	3884.732548
1877.902380	3904.536508
1879.941283	3987.930855
1784.487444	3678.604474
1873.534430	3844.989756
1876.793189	3823.703461
1694.248650	3672.029963
1873.664227	3770.336853
1680.927606	3488.695587
1832.166033	3663.343441
1877.744495	3600.780273
1705.431594	3287.061520
1742.863619	3278.983121
1837.330261	3272.531506
1868.724921	3286.326548
1878.778170	3298.373878
1755.917762	3078.608591
1876.719065	3202.074242
1879.240009	3187.081251
1880.838307	3160.812164
1707.864073	2872.256696
1868.377443	2959.006650
1679.955740	2781.970971
1716.555476	2666.742028
1871.660708	2740.644836
1786.078574	2470.263367
1873.130152	2601.425834
1877.709663	2624.786181
1932.755644	2470.205349
1960.418457	2470.747613
2075.429003	2462.941206
1881.983299	2581.347256
1880.356733	2608.210321
1882.431952	2522.020323
2042.513238	2670.267282
1928.095779	2862.816263
1985.039902	2864.187433
2080.818530	2749.302690
1909.079005	3072.758918
2075.737490	3018.885794
2078.021665	2968.572703
2067.814128	3068.735163
2074.563962	3244.450008
2079.463638	3147.396966
2080.329381	3170.291840
1980.895130	3268.922836
1993.628875	3270.819255
2069.016282	3453.523973
1950.144330	3671.512204
1986.192327	3671.339523
2068.943237	3607.638652
2016.724198	3869.113270
1926.284844	3878.334944
1974.661178	3874.604385
1976.212770	4066.634470
2007.660465	3875.688600
2047.496593	3881.913105
2072.872255	3979.400210
2074.750659	4036.939177
2075.505434	3887.474990
2077.391849	3995.079011
2209.757242	3866.646939
2275.293427	4045.013837
2277.783386	3930.827757
2192.148750	3868.227793
2116.108044	3671.474862
2196.400065	3668.091897
2263.500857	3679.121176
2270.581279	3780.817527
2081.167538	3668.737401
2081.801259	3358.568343
2241.279665	3268.824979
2283.316024	3459.916649
2148.955180	3076.095343
2209.230525	3076.794366
2247.501712	3072.588542
2257.433618	3265.921977
2257.933278	3068.826440
2216.858444	3074.272841
2197.186636	2671.164408
2276.385594	2799.176653
2272.242745	2631.574420
2280.850329	2648.970737
2269.813340	2435.014999
2277.583524	2463.004595
2276.017596	2442.416008
2283.320752	2437.135002
2397.000324	2463.440034
2441.596514	2470.794517
2283.013236	2624.623194
2299.850270	2670.034866
2331.468963	2873.337977
2308.810444	3067.500244
2381.990634	3077.861864
2394.419468	3267.414386
2387.404250	3470.494664
2467.515179	3397.537300
2305.728752	3664.560325
2327.808337	3667.227553
2441.856300	3665.565213
2278.772562	3840.442998
2280.842307	3775.339649
2318.710609	3868.069797
2347.487780	3674.729832
2430.754633	3867.448972
2282.465223	3915.225048
