-3954.885371	1982.171707
-3944.912004	2111.001251
-3940.862895	2019.313032
-3926.506620	2159.448649
-3918.162734	2027.415451
-3918.213463	1973.608635
-3911.316799	2037.231633
-3914.560394	2153.436340
-3907.605863	2128.829587
-3890.449160	2083.361968
-3890.030178	2011.758343
-3885.470347	2146.880187
-3885.339600	1982.533799
-3878.376035	2014.191802
-3876.961519	2150.900602
-3875.495443	1997.305620
-3868.385372	1992.753927
-3865.383786	2153.253120
-3860.432663	2009.314782
-3861.002267	1985.748924
-3854.532283	1981.908932
-3854.499598	2130.509744
-3850.747959	2008.881010
-3845.732209	2152.014409
-3851.357677	2046.808494
-3838.099783	2151.686371
-3836.316567	2101.785534
-3833.845154	2071.443899
-3822.960782	2049.757425
-3816.571684	1990.781415
-3811.903562	2111.714088
-3812.345784	2068.788032
-3808.809237	2036.174104
-3798.798200	2002.624261
-3795.183293	2092.430190
-3794.447719	2039.557918
-3792.329908	1984.426781
-3793.700309	2125.623635
-3791.467098	2074.486805
-3787.913491	2110.167938
-3775.578455	2144.438995
-3775.928607	2039.119118
-3928.414907	2118.382923
-3920.721062	1999.163139
-3903.127926	2030.761168
-3896.349931	1997.229147
-3830.827008	2037.424895
-3784.190721	2021.840706
-3779.288641	1997.659390
-3843.606590	2004.746440
-3960.100286	1998.613268
-3896.701123	2098.897501
-3822.973068	1998.479439
-3820.079459	2130.843515
-3817.603767	2000.376858
-3959.490043	2241.405559
-3960.374983	2207.228804
-3948.892260	2351.928371
-3941.031742	2256.700087
-3936.761782	2232.746461
-3932.394528	2199.631848
-3929.934478	2314.473272
-3928.743127	2333.010989
-3912.093073	2280.328949
-3907.823288	2342.592134
-3896.419891	2235.057811
-3883.585592	2183.117467
-3881.199650	2340.971673
-3880.186559	2224.461824
-3877.671268	2199.814854
-3874.639046	2216.692886
-3865.069182	2185.968615
-3853.621103	2306.072611
-3843.434924	2222.795112
-3839.066347	2301.478786
-3837.585344	2276.697543
-3839.720924	2187.398660
-3822.193479	2254.157245
-3822.368948	2336.904623
-3817.756982	2275.491915
-3807.030639	2287.591233
-3798.861555	2201.869366
-3798.399022	2337.225657
-3794.385902	2181.334564
-3793.573689	2320.215668
-3798.353720	2244.951528
-3781.685527	2317.360769
-3782.814102	2274.258371
-3942.628624	2213.885660
-3915.071853	2202.969649
-3901.640017	2257.321078
-3884.538676	2323.566033
-3919.672785	2244.746291
-3909.889028	2235.255697
-3886.182101	2225.604188
-3822.436593	2311.778659
-3948.294596	2507.771493
-3939.716515	2455.142209
-3938.867996	2547.031582
-3936.420700	2400.551707
-3934.906975	2508.539120
-3935.104212	2478.116565
-3927.074896	2421.588456
-3913.020951	2510.692948
-3901.819352	2551.298232
-3902.117621	2540.877311
-3899.665328	2381.332573
-3897.081401	2493.738215
-3886.405645	2379.973382
-3874.670311	2517.599424
-3874.014957	2393.014101
-3867.457076	2528.562039
-3870.519137	2532.710123
-3859.110327	2413.854592
-3857.484646	2473.860463
-3851.197762	2383.649168
-3838.240626	2550.677827
-3834.760700	2482.546355
-3825.954890	2509.176948
-3821.951493	2401.628705
-3819.921584	2448.453525
-3807.492747	2438.823712
-3803.150340	2417.696246
-3802.448238	2494.805823
-3801.955097	2454.004523
-3790.939471	2551.949120
-3786.550806	2450.150153
-3781.733839	2557.901275
-3898.443028	2395.634281
-3799.361021	2518.046207
-3959.001386	2586.640769
-3940.899406	2619.259717
-3939.683972	2668.057624
-3922.529523	2608.064366
-3922.735965	2714.033221
-3914.547685	2684.772468
-3893.959565	2581.607291
-3897.057953	2608.738067
-3894.224719	2635.861205
-3883.908022	2677.357677
-3879.193369	2709.455111
-3850.680372	2582.257818
-3834.943269	2705.963979
-3837.199489	2575.686133
-3822.202561	2656.047989
-3817.176272	2678.123666
-3812.971830	2615.649129
-3804.982728	2665.383328
-3806.938655	2711.222323
-3952.917756	2825.172450
-3947.972820	2807.684231
-3946.762213	2889.364577
-3945.076605	2940.757682
-3940.218825	2853.254100
-3939.544853	2955.990468
-3928.640577	2917.451557
-3921.695765	2878.326893
-3912.510473	2897.588079
-3910.322373	2925.973336
-3907.563894	2941.784509
-3908.692714	2834.241538
-3909.624759	2844.054214
-3894.613730	2912.747936
-3894.642857	2827.558411
-3897.205885	2858.951911
-3879.002030	2937.156706
-3883.018245	2775.351797
-3867.871872	2777.483251
-3866.435895	2884.805836
-3862.287184	2842.454934
-3853.562099	2914.869947
-3850.042435	2817.502681
-3849.443227	2789.725476
-3842.877792	2903.402569
-3843.680592	2863.578114
-3841.143576	2897.811498
-3841.109332	2875.581722
-3834.068974	2938.941604
-3829.607250	2773.152140
-3821.515378	2877.841657
-3816.897696	2776.675638
-3813.992236	2795.129812
-3807.201115	2945.070290
-3801.256372	2913.266386
-3794.417499	2854.787336
-3794.783404	2904.912631
-3786.243508	2823.070208
-3785.743606	2793.049658
-3786.785666	2881.138638
-3783.444553	2842.480539
-3782.274060	2958.132891
-3779.525719	2927.490825
-3774.998809	2945.169308
-3931.455095	2825.967656
-3901.350143	2803.101710
-3857.494792	2816.450145
-3809.562396	2875.942594
-3956.947604	3012.814423
-3947.984801	3135.794099
-3949.253179	3101.495957
-3946.056396	3067.814563
-3945.575926	3016.713863
-3940.440435	3152.304973
-3931.306669	3057.612474
-3928.891369	3122.035600
-3923.518555	3022.969721
-3912.789439	3112.619556
-3908.212916	3035.374276
-3908.463170	3018.521645
-3904.232354	3131.654581
-3894.042618	3111.219652
-3894.490489	2971.174264
-3891.695037	3089.120002
-3885.167135	3013.602025
-3881.926230	3133.732231
-3879.015164	3120.936513
-3874.326580	3097.342063
-3870.039242	3045.818451
-3870.860979	3027.210462
-3861.446102	3135.775384
-3861.868968	3065.045299
-3848.405576	3106.109317
-3844.327666	2992.612609
-3837.807616	3145.402785
-3833.640642	3130.631615
-3830.330299	3002.068943
-3828.574754	3039.961423
-3813.600217	3009.384268
-3811.568376	2980.622009
-3808.345654	3059.998236
-3803.864720	3019.319026
-3800.586002	3037.571941
-3801.766369	3077.642033
-3788.671377	3064.807384
-3785.319797	3084.396690
-3776.184183	3115.260172
-3794.837181	3113.123647
-3954.788964	3249.413426
-3952.004059	3276.807846
-3938.484224	3187.118923
-3933.363717	3254.144735
-3927.015499	3194.424612
-3925.534965	3291.610574
-3920.577703	3230.631769
-3914.890907	3258.963156
-3907.992642	3188.965292
-3904.289376	3176.377353
-3904.280461	3266.406762
-3898.654555	3234.629221
-3892.731365	3199.095704
-3887.976144	3173.429614
-3887.896252	3293.669487
-3882.283757	3200.285854
-3872.235265	3270.917604
-3866.879365	3214.521687
-3860.568746	3292.346625
-3835.440211	3304.410247
-3828.495963	3255.079049
-3814.035605	3213.847636
-3776.333365	3323.626690
-3955.983233	3229.831734
-3809.404030	3175.928142
-3956.608017	3532.674105
-3945.236929	3433.497154
-3946.030265	3419.046248
-3951.638332	3446.916544
-3932.366484	3492.946718
-3905.412182	3376.839643
-3898.139408	3503.817792
-3897.257765	3407.286217
-3886.196804	3370.608464
-3879.753073	3546.573043
-3877.077036	3435.251151
-3861.458974	3405.705041
-3865.274287	3417.159049
-3863.235254	3531.820756
-3862.338353	3490.869036
-3861.756745	3424.928320
-3856.140487	3511.989519
-3855.970602	3398.602113
-3853.708684	3539.131627
-3850.578059	3472.773061
-3845.738084	3498.762098
-3837.745855	3513.162005
-3838.568089	3473.264732
-3835.325306	3398.486306
-3832.704936	3541.944788
-3832.709554	3480.947227
-3827.082968	3528.874811
-3821.985756	3448.519264
-3821.272921	3504.108321
-3819.847304	3530.725543
-3812.623859	3486.583429
-3804.000784	3441.627691
-3802.987683	3554.403699
-3802.993649	3540.195846
-3792.414561	3512.449687
-3788.643004	3489.153250
-3791.008796	3552.692293
-3791.184056	3390.396989
-3789.511530	3467.834954
-3785.939589	3527.778501
-3774.924035	3510.035099
-3772.837526	3432.862259
-3958.147201	3624.808783
-3952.406214	3617.494406
-3941.709202	3589.518214
-3935.054110	3571.706454
-3937.142777	3648.579648
-3933.746058	3742.344185
-3929.549193	3726.556453
-3914.518394	3572.942608
-3913.782914	3732.448131
-3913.450860	3593.891778
-3909.403980	3683.740060
-3908.902123	3616.137269
-3902.812937	3740.773607
-3880.106057	3587.921282
-3880.122400	3619.887722
-3879.090330	3639.872556
-3879.083265	3715.851733
-3875.183938	3732.345803
-3873.993016	3749.257494
-3862.892062	3609.599530
-3856.014551	3748.446339
-3852.571163	3679.536337
-3854.284631	3717.438929
-3854.453958	3587.955355
-3846.911771	3610.868543
-3840.693655	3609.477115
-3835.502717	3638.569956
-3837.929555	3596.564137
-3833.851773	3721.809137
-3825.798687	3582.589714
-3826.714147	3692.360472
-3824.529210	3662.025930
-3824.765787	3614.357873
-3817.998235	3646.062109
-3815.191082	3674.743052
-3809.586326	3579.962217
-3808.415507	3655.332292
-3805.450033	3600.636593
-3800.315284	3699.260833
-3799.977484	3737.841398
-3799.570579	3592.954875
-3799.568053	3617.670737
-3790.489847	3751.153457
-3787.541143	3759.214650
-3782.041331	3734.694725
-3779.347772	3627.399475
-3776.275606	3662.194839
-3851.163100	3661.584576
-3817.656808	3727.962020
-3789.658694	3583.123928
-3785.577478	3610.697472
-3795.173456	3605.020923
-3794.075414	3724.815840
-3858.506051	3633.067626
-3759.002796	3704.192210
-3753.448110	3619.458482
-3750.068596	3583.919913
-3745.108096	3718.950921
-3739.729700	3607.144512
-3739.638283	3749.582685
-3733.868784	3740.392055
-3728.532825	3657.934229
-3727.531041	3716.922892
-3723.189228	3707.925434
-3719.684972	3690.504005
-3717.774625	3609.560071
-3714.712334	3729.931280
-3710.174949	3671.996879
-3709.915517	3642.819608
-3698.080464	3735.568124
-3689.854047	3621.598470
-3688.927411	3653.941593
-3686.840088	3647.088942
-3684.384432	3741.041010
-3679.776366	3682.495762
-3680.272350	3675.442785
-3678.380536	3597.644438
-3679.393881	3619.026331
-3672.035074	3588.053160
-3670.720675	3595.660786
-3663.627930	3634.585550
-3663.987554	3729.922268
-3665.409649	3685.466862
-3663.438993	3571.851976
-3663.486067	3651.506553
-3658.983095	3600.778091
-3657.415157	3647.533345
-3649.589185	3666.786137
-3647.039774	3744.419540
-3643.070207	3674.232551
-3641.381856	3741.997983
-3642.381901	3575.517690
-3639.390258	3608.485368
-3630.017108	3610.245921
-3618.313088	3670.900589
-3614.762716	3703.413845
-3612.474389	3583.753681
-3600.983072	3645.337309
-3599.425712	3595.373990
-3596.471995	3648.132689
-3596.207578	3747.831149
-3596.162276	3694.692793
-3591.132398	3711.130135
-3587.486871	3592.068796
-3587.091011	3636.254098
-3584.623861	3716.635093
-3704.890182	3717.097475
-3685.954534	3693.630471
-3583.144282	3672.550278
-3673.304406	3755.871547
-3681.071780	3709.195038
-3758.371727	3480.002352
-3758.310949	3513.485500
-3748.812621	3380.109179
-3749.577350	3531.642586
-3745.510288	3443.764386
-3742.154858	3412.536146
-3740.782329	3480.373967
-3733.914226	3541.871909
-3729.297647	3502.428265
-3722.002183	3409.136751
-3719.916167	3507.637325
-3717.154875	3474.142002
-3716.047269	3524.966494
-3712.287077	3447.304658
-3710.150978	3487.543201
-3705.976710	3536.567665
-3699.933739	3409.616201
-3692.098107	3496.695492
-3692.527821	3485.359826
-3687.670847	3386.705638
-3674.619398	3387.177720
-3673.283171	3410.891480
-3667.563810	3516.199649
-3669.003106	3437.036384
-3667.739333	3490.816057
-3663.735903	3539.224853
-3661.020108	3533.335841
-3659.077660	3428.089725
-3654.624656	3395.611766
-3650.265788	3450.601120
-3650.946366	3468.285460
-3648.394392	3502.571470
-3646.929028	3515.086061
-3647.042218	3544.632887
-3638.442719	3548.573391
-3640.347505	3442.798926
-3631.069636	3517.287258
-3632.417644	3544.154501
-3628.048569	3463.275593
-3629.328391	3395.065944
-3616.789368	3452.696043
-3615.309861	3495.125795
-3607.656533	3477.652442
-3604.484101	3467.862741
-3601.745409	3497.717782
-3598.772093	3433.711255
-3586.712083	3398.963295
-3584.642669	3442.313462
-3586.260758	3473.598774
-3575.304960	3426.917735
-3618.214081	3479.613419
-3755.260462	3280.438739
-3749.963972	3261.527725
-3740.412086	3190.994918
-3736.115991	3227.305304
-3733.361061	3272.390341
-3720.954942	3315.593266
-3718.835366	3300.869711
-3710.199511	3356.211254
-3690.647666	3253.654054
-3688.524002	3351.328946
-3680.902232	3292.476565
-3673.223511	3208.825241
-3668.389897	3251.468219
-3665.240559	3172.558600
-3650.799743	3229.788002
-3648.361313	3356.991140
-3642.952088	3319.568968
-3641.940483	3268.601211
-3635.376586	3353.415059
-3634.029072	3251.271799
-3614.319423	3264.857013
-3611.274994	3325.739527
-3609.007370	3296.802442
-3596.992092	3306.533645
-3595.076892	3184.698521
-3589.545480	3314.301734
-3581.999878	3303.008209
-3581.810047	3270.236957
-3580.633772	3334.144953
-3575.403887	3289.917743
-3713.273587	3321.972915
-3712.499741	3326.689171
-3711.914965	3316.603078
-3662.632242	3180.950042
-3578.010748	3194.210281
-3756.879166	3313.710024
-3604.986941	3339.855976
-3601.446554	3353.404537
-3752.964878	3061.813236
-3755.480743	3099.285047
-3755.223360	2999.655476
-3748.882674	3120.062822
-3747.957334	3142.181701
-3740.476244	3000.810744
-3737.178627	3090.982931
-3732.230668	3087.964738
-3729.935053	3024.415420
-3727.958828	3131.288783
-3719.474131	2995.669633
-3711.908720	3138.046765
-3708.625324	3050.551808
-3698.575117	2978.983725
-3697.448048	3124.446813
-3686.569008	3008.985204
-3683.243444	2978.709349
-3681.775153	3067.390450
-3680.265437	3109.343707
-3665.721860	3110.725368
-3667.949037	3004.017468
-3668.571627	3024.188186
-3665.973045	3075.309418
-3664.985579	3037.495492
-3655.962887	2977.063308
-3655.079756	3109.888601
-3646.565749	3041.229786
-3645.671688	3072.696506
-3644.627980	3012.500143
-3633.202761	3060.490264
-3632.723838	3047.082324
-3627.163115	3087.229587
-3624.971907	3076.693634
-3615.626584	3135.159289
-3612.473071	3103.015443
-3602.495169	2978.076143
-3602.291361	2969.446517
-3598.523387	3063.251908
-3594.648323	3048.461547
-3591.576307	3020.856323
-3576.974118	3007.303935
-3753.719521	3026.286360
-3695.384129	2985.977576
-3616.945382	3031.219929
-3730.875540	3112.551375
-3763.773139	2867.626272
-3745.709828	2882.458084
-3743.248345	2947.773110
-3741.928957	2931.933730
-3739.017118	2942.173701
-3738.107505	2829.686326
-3724.770621	2850.233506
-3718.273750	2915.121828
-3712.438733	2843.636559
-3706.248769	2952.060159
-3707.285265	2893.231728
-3702.617450	2919.848909
-3694.740967	2782.728834
-3696.016019	2919.558868
-3693.428732	2926.774775
-3693.639054	2903.485242
-3690.664014	2880.348360
-3688.483099	2917.514425
-3685.331589	2912.144461
-3682.072694	2806.753933
-3679.177357	2784.049769
-3673.030946	2908.935363
-3672.086870	2932.962331
-3668.884176	2884.213871
-3665.666670	2845.222902
-3663.149386	2826.508923
-3655.587146	2939.149439
-3650.702220	2809.955501
-3653.146731	2823.009438
-3651.103953	2924.569955
-3649.540020	2801.468270
-3644.752155	2812.699811
-3641.792060	2858.275827
-3632.398168	2872.193921
-3623.456191	2941.369931
-3616.880904	2859.174690
-3618.770402	2816.809193
-3613.556542	2877.910528
-3609.386096	2940.618194
-3607.454713	2917.910621
-3590.702884	2795.244998
-3588.628053	2930.663217
-3583.275696	2883.622637
-3584.587241	2843.027472
-3576.413455	2921.231512
-3575.252820	2784.019133
-3573.897672	2950.161602
-3673.860099	2773.561879
-3595.148856	2940.222815
-3628.850503	2934.772528
-3596.327548	2846.206313
-3589.929466	2865.130763
-3617.501327	2896.889695
-3610.949544	2901.129977
-3756.929609	2695.592217
-3753.979421	2626.138198
-3754.355209	2709.616057
-3749.899408	2722.041159
-3739.294393	2624.221636
-3718.242291	2623.991632
-3716.548984	2697.385403
-3716.710732	2576.775808
-3714.566226	2720.500686
-3709.899744	2664.689624
-3706.185008	2751.627089
-3699.221034	2689.271751
-3692.775387	2577.659060
-3695.955276	2630.447607
-3691.391797	2599.563925
-3686.117107	2713.830072
-3685.188986	2676.942188
-3679.420998	2625.930774
-3669.657032	2681.582413
-3664.566727	2737.216484
-3652.377064	2706.758516
-3645.764232	2719.494908
-3642.948686	2670.944259
-3639.191503	2708.383403
-3643.152458	2609.934247
-3635.744602	2659.304683
-3633.077211	2571.756864
-3623.339499	2710.779177
-3619.162470	2601.123105
-3615.561437	2700.827686
-3616.145602	2715.479057
-3613.895242	2655.145695
-3614.180432	2681.276285
-3610.097545	2637.677979
-3603.230363	2579.369303
-3595.755011	2646.186511
-3595.160266	2738.877276
-3583.486445	2684.327778
-3579.299328	2758.472423
-3574.973420	2610.743500
-3579.804566	2661.067368
-3698.523053	2674.308229
-3618.862724	2744.206897
-3577.421980	2592.827464
-3746.762594	2545.537323
-3746.464382	2491.388616
-3741.548356	2433.303205
-3737.264931	2483.914220
-3732.192790	2475.028479
-3722.043806	2468.823621
-3722.793644	2451.561020
-3719.478758	2448.234209
-3716.519771	2544.407858
-3714.055540	2510.462073
-3714.667444	2379.589083
-3691.393099	2416.880067
-3680.742533	2550.623996
-3678.590762	2535.231842
-3676.474761	2474.707448
-3676.030330	2512.286406
-3663.547088	2475.689800
-3662.384540	2415.980745
-3658.826826	2460.169002
-3657.678511	2451.239739
-3657.202419	2510.351934
-3646.024539	2531.561771
-3640.885035	2402.143265
-3627.987370	2497.449683
-3627.447175	2422.709042
-3608.212185	2445.963437
-3606.968495	2542.899246
-3600.998891	2392.975427
-3598.488767	2499.482352
-3591.262007	2535.450079
-3580.998283	2375.187442
-3579.017568	2499.807495
-3572.327352	2387.185426
-3753.912986	2405.301577
-3746.195637	2406.149133
-3684.547165	2537.844334
-3673.387793	2446.691501
-3616.089811	2544.974335
-3739.920943	2411.896939
-3736.148335	2550.153452
-3633.344050	2474.643040
-3656.332998	2482.644912
-3619.493074	2474.085079
-3702.567691	2473.479450
-3616.714506	2517.600801
-3597.884901	2507.302481
-3760.815482	2353.712711
-3753.279961	2183.267302
-3752.222494	2210.939147
-3743.841498	2181.478213
-3737.758807	2283.317073
-3735.721838	2321.986596
-3728.815300	2192.439598
-3726.085729	2259.821583
-3720.744809	2247.716914
-3716.786101	2306.003316
-3712.430422	2217.709939
-3710.998262	2242.022205
-3708.983233	2233.811060
-3710.913040	2175.451408
-3706.178250	2323.840353
-3704.356724	2311.059346
-3701.054179	2332.243248
-3694.904646	2211.805392
-3694.455480	2191.797648
-3691.988818	2227.096212
-3691.509047	2348.977307
-3684.345700	2241.252994
-3679.050797	2317.342174
-3676.841636	2247.814810
-3652.929318	2205.102588
-3653.790184	2187.598725
-3635.859043	2248.173717
-3631.103222	2342.871050
-3630.275545	2195.654326
-3628.470416	2203.929375
-3629.355221	2222.839803
-3613.079933	2181.926351
-3611.852724	2276.563777
-3610.036354	2204.409667
-3608.742007	2245.238192
-3599.478213	2226.849088
-3599.883149	2292.577442
-3595.782390	2182.076809
-3582.144873	2297.998978
-3582.235849	2337.581989
-3575.213884	2309.592165
-3576.193269	2188.028632
-3652.032561	2272.915833
-3597.772827	2242.897729
-3589.155490	2300.810098
-3736.004588	2307.031446
-3659.922052	2250.019714
-3714.320829	2202.066072
-3759.963726	2035.331370
-3754.679559	2015.697614
-3754.378770	1982.204935
-3746.524923	2115.771284
-3743.116317	2039.879797
-3740.518844	1985.706433
-3720.724546	2098.093470
-3717.504386	1992.432019
-3718.218641	1999.300635
-3716.479209	2118.373135
-3713.220271	2018.299403
-3711.458896	2133.663899
-3708.921785	2049.653099
-3697.533510	2016.011705
-3701.025935	2053.584217
-3695.070466	2093.794103
-3694.915284	2034.368286
-3689.107090	2136.966231
-3687.767922	2130.791605
-3684.428147	1981.801593
-3684.055173	2147.527503
-3685.024539	2053.959997
-3677.500800	2081.458209
-3669.550160	2020.833485
-3666.966460	1979.655385
-3663.023828	2132.714845
-3659.219661	2077.442844
-3658.788890	2090.223199
-3646.639602	2132.460537
-3647.778340	2045.727596
-3646.876937	2023.485201
-3642.342424	1976.729777
-3640.716852	2125.347236
-3635.620052	2055.772455
-3629.227121	2107.296366
-3631.142014	2008.518381
-3619.929977	2117.869800
-3616.331948	1994.687484
-3607.415731	2055.859396
-3615.199196	2027.824090
-3611.129767	2095.775834
-3602.233938	2015.671895
-3599.879128	2120.277580
-3592.365512	2043.780306
-3585.112405	1997.399691
-3581.806974	2024.242173
-3744.454401	2091.564864
-3702.353009	2036.207276
-3700.134009	2136.248717
-3693.520381	1974.491619
-3733.268506	2108.112360
-3722.855741	2131.090382
-3654.738967	2094.158885
-3738.797439	2098.027249
-3556.538360	2069.539242
-3550.134012	2042.602696
-3550.352223	2087.568699
-3547.170004	2159.150633
-3544.765856	2022.353564
-3539.150772	2021.998203
-3536.174319	2061.902499
-3531.348336	2104.150913
-3530.711658	2086.155187
-3527.250874	2007.273507
-3525.117071	2124.822295
-3519.252830	2158.181522
-3506.030198	2120.002118
-3500.172505	2084.030157
-3488.831465	2139.530803
-3491.009633	2158.200295
-3488.138893	2116.998464
-3486.436373	2028.034004
-3485.366922	2010.970260
-3471.386731	2021.828791
-3457.657469	2142.204184
-3454.835605	1984.961505
-3452.426092	2079.750443
-3450.167709	2071.013302
-3441.305278	2078.159741
-3437.142647	2140.832595
-3434.760760	2016.321764
-3427.906800	2157.378766
-3416.259537	1989.718598
-3414.761285	2024.461855
-3414.443720	2045.994713
-3414.829265	2064.484392
-3408.588090	2089.643005
-3399.370910	2030.570162
-3398.320922	2133.275460
-3397.420717	2149.849604
-3397.093929	1994.338492
-3394.608901	2107.770649
-3387.040095	2039.570309
-3385.519547	2005.172762
-3375.953027	2078.213918
-3534.177902	2079.387441
-3490.019626	2078.770984
-3438.170793	2053.247237
-3464.789461	1977.247792
-3387.126820	2106.613044
-3527.864370	2097.724272
-3474.413852	2117.350958
-3558.035848	2325.525315
-3557.212054	2215.535879
-3547.668026	2180.547025
-3542.618338	2324.634100
-3541.533135	2226.393311
-3529.711066	2239.265055
-3529.367293	2258.220876
-3527.844712	2298.899673
-3526.022362	2317.265822
-3519.121843	2294.596052
-3512.753995	2204.927642
-3505.285334	2349.243076
-3504.163570	2228.437043
-3498.072834	2324.018062
-3495.760303	2263.825209
-3497.118138	2295.274365
-3495.040063	2280.629115
-3494.080331	2181.325210
-3488.079478	2210.011871
-3476.983637	2287.882821
-3474.321272	2257.533138
-3473.653940	2228.174712
-3463.164104	2352.123759
-3456.746655	2338.752752
-3454.439410	2208.760007
-3453.428235	2231.770634
-3444.116194	2217.858781
-3454.859425	2278.772133
-3439.249997	2305.167598
-3438.762136	2171.912377
-3433.008460	2253.865035
-3425.564335	2285.922133
-3425.939802	2202.984674
-3424.825323	2326.763003
-3422.664186	2218.546556
-3420.505725	2241.883903
-3412.181021	2300.631650
-3408.744107	2231.389777
-3392.278382	2270.917473
-3390.083663	2181.629415
-3378.836115	2205.155674
-3535.622855	2352.164096
-3525.002206	2355.797214
-3446.499343	2236.896789
-3411.752988	2175.446317
-3437.110282	2344.503835
-3552.401511	2379.003429
-3551.625700	2402.554560
-3531.146146	2494.694044
-3534.729400	2414.536702
-3528.595654	2524.094349
-3529.297928	2442.577889
-3520.884399	2461.158218
-3515.456787	2421.822205
-3512.457055	2464.515191
-3511.236406	2477.787731
-3511.941293	2444.663399
-3506.955192	2497.217100
-3503.157867	2429.191981
-3502.130641	2548.970617
-3496.080712	2448.396409
-3492.717772	2471.157654
-3489.947566	2387.728128
-3490.528788	2368.703520
-3487.777968	2502.766586
-3481.193284	2435.999675
-3467.276897	2493.960023
-3466.023906	2458.025036
-3454.296800	2475.832697
-3455.134594	2390.478492
-3448.354130	2395.689485
-3438.820902	2498.008994
-3431.911707	2447.076956
-3429.436609	2372.636429
-3428.598425	2392.725308
-3415.650332	2392.645151
-3415.444476	2372.517142
-3412.337957	2451.391199
-3410.248343	2396.919121
-3404.331716	2423.246040
-3401.331785	2443.874390
-3400.515093	2476.427380
-3385.098607	2382.946108
-3421.594180	2542.620957
-3386.335152	2507.129614
-3436.858556	2554.606092
-3425.729887	2516.883056
-3416.101740	2411.538758
-3558.982562	2645.838845
-3543.837516	2748.287443
-3545.062427	2634.376170
-3537.517475	2631.001527
-3536.853983	2675.607553
-3532.380427	2744.764871
-3529.957090	2712.446631
-3527.848504	2695.233914
-3518.562572	2682.413492
-3508.696697	2578.357991
-3513.861282	2639.630934
-3504.852215	2668.044426
-3503.586670	2618.239932
-3502.387681	2715.657865
-3500.983401	2741.147287
-3499.764431	2606.699401
-3489.056316	2576.095500
-3486.635057	2693.374409
-3478.510652	2719.578880
-3478.969706	2633.187640
-3474.450768	2655.767879
-3469.549680	2753.862959
-3471.003371	2636.629614
-3463.859659	2581.915618
-3451.675955	2603.231153
-3450.612524	2575.725886
-3435.433467	2595.607832
-3435.395703	2653.328341
-3431.430083	2703.472618
-3431.847936	2691.564390
-3421.300574	2672.167386
-3419.767556	2630.856120
-3413.467059	2662.582388
-3410.764389	2615.373423
-3401.269389	2682.304318
-3400.396828	2715.955432
-3398.142768	2607.091580
-3394.970393	2637.104284
-3395.166682	2741.171368
-3386.296185	2703.817661
-3383.994155	2611.102503
-3382.086512	2623.258139
-3381.301236	2674.185336
-3377.327844	2741.780611
-3379.759760	2684.602247
-3375.347413	2723.407892
-3373.767509	2627.540404
-3484.978897	2742.429660
-3483.332188	2587.830631
-3381.784259	2722.765033
-3428.021405	2684.938385
-3413.525383	2741.924457
-3557.976347	2949.900199
-3558.731598	2891.423121
-3553.424831	2912.597743
-3540.403922	2780.476846
-3537.388254	2923.793140
-3532.848547	2861.061138
-3533.772705	2850.744144
-3526.396953	2926.822199
-3522.311023	2811.863828
-3516.176716	2819.346289
-3518.582323	2866.121118
-3515.705076	2791.389526
-3514.395819	2857.624715
-3507.054098	2947.815634
-3508.019729	2911.814724
-3506.723461	2802.107717
-3503.210921	2932.139438
-3498.732669	2901.095223
-3488.966444	2872.935176
-3480.636080	2898.907016
-3475.567232	2911.812470
-3470.411767	2839.844464
-3468.022784	2943.175515
-3466.299158	2856.998981
-3462.969484	2895.279551
-3459.849012	2955.984423
-3456.103654	2780.285401
-3455.317129	2935.858604
-3446.081488	2836.998123
-3443.035556	2939.749131
-3434.024016	2810.549110
-3429.866225	2919.993899
-3422.678313	2827.475991
-3416.151177	2876.648593
-3415.711679	2840.509939
-3410.227258	2773.705108
-3414.370410	2792.306924
-3411.500397	2861.056999
-3412.394012	2912.673121
-3386.144023	2886.960639
-3385.418177	2777.534626
-3384.303898	2902.917070
-3383.545712	2847.060070
-3377.681348	2805.073175
-3445.365852	2935.078928
-3408.881477	2894.406295
-3390.797840	2880.294594
-3388.064165	2786.346920
-3556.273486	3112.607246
-3552.563292	2973.270677
-3544.965777	3138.774261
-3545.710051	3097.530688
-3540.352791	3034.098816
-3537.139545	3124.347152
-3532.423664	3154.851253
-3527.918052	3088.523601
-3527.556258	3041.490700
-3525.949192	3135.891777
-3522.131377	3078.885437
-3520.176791	3096.040635
-3519.024572	3015.066767
-3515.749240	2969.243348
-3516.810414	3069.065985
-3512.527715	3033.235431
-3509.756406	2986.117266
-3512.325944	3003.767563
-3502.693928	3003.123369
-3498.186813	3088.013378
-3486.418050	3081.299211
-3485.537468	3096.467716
-3484.064346	3007.698627
-3485.055189	3072.998219
-3477.301015	3066.965431
-3468.377949	3071.779934
-3469.080762	3047.530223
-3461.647729	2995.155641
-3461.033817	3010.207908
-3460.559954	3140.178801
-3460.186785	2980.462590
-3455.999664	3070.678530
-3456.566441	3055.438817
-3450.838207	3034.550399
-3446.388269	3157.182717
-3442.271805	3099.538011
-3429.372699	3064.123030
-3426.965194	3126.916685
-3421.383545	3114.001835
-3418.531067	3050.133377
-3419.511513	3002.541013
-3410.721522	3071.691417
-3400.113481	3122.498921
-3403.059493	3147.461358
-3401.803201	3082.285094
-3390.286015	2988.821488
-3390.279738	3061.831341
-3382.915162	3056.963670
-3377.364968	3139.957933
-3548.832674	3135.130207
-3443.379912	3131.477985
-3530.015963	2986.785151
-3396.769528	3007.749051
-3378.239002	3147.541306
-3512.145542	3135.208446
-3555.830142	3288.203426
-3551.702354	3230.281822
-3551.352232	3192.026427
-3537.853744	3214.936527
-3535.595418	3248.926487
-3535.103224	3305.493983
-3532.528927	3238.717098
-3529.923167	3186.284460
-3523.862348	3209.524488
-3519.627239	3284.113679
-3515.249999	3212.373809
-3498.110911	3277.573819
-3486.796144	3278.093369
-3477.654551	3170.258245
-3480.162894	3258.289902
-3465.007737	3331.069826
-3458.165876	3347.368421
-3439.262347	3205.411778
-3433.132878	3352.974154
-3431.296889	3214.842260
-3427.814655	3201.135305
-3427.997287	3257.084797
-3427.728453	3280.370635
-3423.378944	3319.493470
-3424.481849	3342.451590
-3417.015908	3202.258234
-3417.530288	3189.453984
-3413.598286	3243.746072
-3414.497906	3296.797538
-3405.284607	3291.901215
-3396.398793	3292.240244
-3391.687388	3227.418632
-3383.390864	3190.951585
-3390.212970	3349.256404
-3522.882516	3227.788483
-3406.085253	3176.151236
-3549.508042	3204.199554
-3558.307458	3511.050398
-3556.353874	3474.246591
-3552.497165	3537.830518
-3545.336437	3490.972414
-3544.519925	3505.777195
-3542.563556	3497.787968
-3540.927044	3444.864008
-3535.911870	3553.050646
-3536.412863	3456.152519
-3534.054037	3461.946586
-3523.179129	3485.666363
-3518.135188	3521.102844
-3515.052472	3500.113231
-3512.608366	3393.542916
-3508.050600	3548.184759
-3502.812601	3501.284532
-3504.029237	3524.207366
-3502.519005	3413.081070
-3498.796101	3495.980778
-3495.856490	3436.704308
-3490.158776	3388.962077
-3481.619227	3556.626089
-3477.826340	3503.406846
-3473.744918	3533.851519
-3472.651177	3513.522513
-3467.419931	3525.603314
-3457.547805	3471.081024
-3461.286008	3502.657241
-3452.097313	3484.796628
-3446.644053	3554.498505
-3447.561686	3404.757393
-3441.239770	3436.387791
-3442.676054	3418.677340
-3439.389587	3375.547512
-3432.018028	3475.281651
-3432.398144	3501.427020
-3427.810753	3506.803257
-3423.730812	3511.617849
-3421.251999	3395.076226
-3420.777029	3410.845936
-3413.019700	3481.821447
-3408.221041	3433.278436
-3401.906915	3409.036975
-3402.805453	3502.709714
-3401.027268	3464.446827
-3382.623677	3504.921679
-3382.573332	3401.998037
-3526.977416	3436.209013
-3452.183857	3430.450740
-3449.151209	3547.301100
-3522.892695	3380.052071
-3561.070809	3638.131501
-3559.552996	3656.571011
-3557.686449	3629.783665
-3557.116220	3605.886208
-3537.529810	3679.300197
-3523.352581	3631.065260
-3524.436598	3656.309616
-3523.396995	3607.677870
-3515.803306	3667.171745
-3515.526265	3706.112897
-3510.519016	3570.691805
-3505.379082	3749.255197
-3495.423290	3668.573966
-3492.826752	3681.325804
-3491.947941	3574.554948
-3491.246021	3590.621022
-3492.276046	3741.660099
-3477.383365	3734.910402
-3475.096334	3586.128303
-3471.489940	3612.697135
-3457.719093	3613.479756
-3454.741667	3621.944360
-3452.437252	3577.020189
-3449.403314	3648.984530
-3445.840257	3597.660545
-3442.560070	3755.586632
-3440.957147	3726.429399
-3438.032835	3594.103289
-3435.804409	3581.683506
-3434.974266	3633.795890
-3431.891704	3585.695464
-3431.398702	3658.384750
-3434.883637	3674.902218
-3423.383453	3591.543720
-3418.301754	3737.605048
-3415.016312	3714.572292
-3411.030148	3708.334834
-3408.258809	3645.138740
-3398.605666	3705.169354
-3404.552276	3609.117192
-3397.014325	3580.169384
-3398.167554	3735.842139
-3398.409324	3749.305890
-3388.329128	3663.785429
-3388.060673	3654.601973
-3384.454541	3608.691604
-3381.023690	3748.605466
-3505.405263	3722.879704
-3496.354678	3633.952299
-3478.849064	3661.447830
-3413.646231	3673.610084
-3413.235636	3704.709016
-3360.646750	3617.923559
-3359.317803	3684.872277
-3352.788138	3582.638009
-3344.294519	3743.572038
-3341.193270	3642.666068
-3338.800068	3619.980620
-3333.391002	3660.970966
-3330.314071	3587.925457
-3330.221250	3727.309637
-3324.743616	3649.773129
-3322.919027	3613.377699
-3323.627613	3627.076764
-3319.484211	3683.846801
-3312.966278	3660.707695
-3314.220385	3719.929723
-3309.034965	3735.956915
-3299.424401	3634.782778
-3298.350014	3683.852073
-3287.895891	3657.166183
-3286.824477	3592.733913
-3283.780206	3640.623741
-3280.491010	3681.149462
-3278.692576	3618.587543
-3279.489676	3750.338011
-3278.923449	3742.833412
-3264.058704	3667.102584
-3264.830641	3731.660095
-3261.120058	3578.126059
-3262.980391	3635.339532
-3259.084548	3648.969990
-3253.901603	3723.752285
-3254.723348	3616.525617
-3256.782774	3599.206520
-3251.519685	3639.840957
-3239.817235	3589.172347
-3241.109512	3731.079652
-3238.993065	3664.485402
-3234.529929	3623.464163
-3234.517848	3707.583902
-3227.139917	3754.873307
-3218.932090	3747.330190
-3218.701593	3683.456150
-3215.818167	3657.951430
-3212.618598	3627.071887
-3200.938179	3653.141374
-3202.088402	3687.945511
-3200.718630	3729.707781
-3197.596217	3646.541915
-3196.603655	3748.657425
-3181.490154	3722.898220
-3176.098415	3707.051458
-3344.737698	3696.900661
-3337.152254	3594.242469
-3330.893349	3700.452278
-3320.518166	3689.792605
-3181.547330	3680.041016
-3243.158506	3614.527886
-3236.306948	3698.140480
-3359.341581	3409.516332
-3359.988144	3484.598054
-3354.008858	3535.159132
-3354.037495	3442.669788
-3349.109225	3426.066980
-3348.834266	3495.438503
-3345.187278	3457.419288
-3344.576999	3388.840299
-3342.868730	3447.354644
-3340.538563	3546.039146
-3337.213940	3370.209466
-3331.503440	3551.756778
-3328.681438	3457.949629
-3328.805730	3374.565213
-3320.621557	3449.651054
-3319.567945	3481.164083
-3315.965185	3470.735981
-3313.882903	3401.090842
-3302.043986	3419.579469
-3301.019877	3500.013346
-3288.755053	3483.515910
-3289.774440	3444.905066
-3282.032767	3389.140716
-3274.460665	3430.099630
-3272.387860	3498.813416
-3247.511720	3473.345675
-3241.553621	3471.735678
-3241.216113	3457.027721
-3239.324873	3419.571338
-3232.951585	3551.605220
-3228.869479	3400.279532
-3223.370125	3528.419159
-3213.579340	3371.719207
-3212.528854	3463.131865
-3211.434246	3438.079197
-3210.330625	3540.806575
-3201.180712	3377.540075
-3192.168238	3546.726615
-3191.420462	3479.706511
-3189.804057	3416.150319
-3185.221434	3537.473421
-3183.430861	3488.424992
-3182.158800	3520.799670
-3180.362719	3548.252851
-3177.292251	3457.935059
-3359.323709	3418.946164
-3259.645236	3418.248088
-3287.730375	3423.704949
-3184.828122	3385.230948
-3354.343913	3278.823707
-3352.601182	3237.492092
-3341.047989	3282.156726
-3338.262537	3209.222985
-3334.958684	3275.460795
-3333.635040	3336.444265
-3333.812959	3239.812516
-3330.471429	3265.353632
-3327.646077	3181.479251
-3329.384383	3349.339602
-3322.885418	3334.315617
-3320.539192	3247.804885
-3321.827792	3300.935422
-3319.331256	3223.628988
-3318.424224	3281.392725
-3316.354542	3306.505906
-3312.603951	3172.749813
-3308.479597	3247.593729
-3306.515210	3350.089345
-3291.646627	3328.126240
-3294.836819	3277.996107
-3289.307306	3254.355632
-3288.816689	3326.310994
-3282.503491	3283.517674
-3286.484126	3192.441163
-3271.126677	3352.794200
-3272.285998	3239.136956
-3273.754127	3305.202261
-3264.365109	3278.190450
-3262.187862	3319.609128
-3258.292945	3246.948549
-3248.279384	3182.062837
-3247.286440	3251.506373
-3247.734664	3168.767750
-3247.115881	3309.941437
-3248.649639	3331.184711
-3243.619988	3206.840783
-3235.162056	3280.935240
-3223.622957	3258.046849
-3222.789171	3339.123289
-3204.530264	3233.958854
-3200.593280	3316.688318
-3198.672112	3262.269603
-3191.438586	3317.566874
-3180.867747	3291.024090
-3173.545717	3325.612691
-3350.700961	3340.581591
-3273.245949	3186.374045
-3347.524591	3222.300628
-3224.667217	3321.941416
-3359.278278	3156.986545
-3350.869081	3095.476635
-3348.590922	3137.508150
-3338.031642	3011.672268
-3336.692091	2983.355365
-3333.906223	3097.298503
-3320.910094	3039.439288
-3320.890624	3148.916859
-3313.716446	3041.320327
-3311.287687	3105.315392
-3298.253332	3112.790570
-3297.154146	3126.714218
-3290.806895	3001.861832
-3290.507712	3064.737553
-3287.033993	3067.280620
-3284.724572	3144.268337
-3281.063471	3049.691367
-3281.374033	3097.152071
-3278.477657	3012.341392
-3279.349607	3110.308480
-3270.629136	3031.004650
-3268.213798	3148.914532
-3268.065902	3001.488882
-3264.616595	3029.955803
-3266.325775	2993.805926
-3260.905573	3050.577717
-3261.904736	3084.247105
-3259.583497	3100.163016
-3258.755736	3037.669629
-3258.917427	3125.363218
-3251.135966	3006.473286
-3250.722178	3118.793479
-3249.635836	2994.018831
-3247.393789	3015.015845
-3245.428694	3097.954653
-3242.066293	3083.731913
-3241.821335	3119.967367
-3236.859928	3044.959517
-3236.897095	3026.755598
-3227.655410	3091.982169
-3218.460945	3041.118343
-3218.359032	3069.306113
-3212.774128	2995.117870
-3215.802940	3092.830277
-3210.499333	3109.274571
-3203.806229	2988.347025
-3206.058104	3007.649626
-3202.089315	3035.357009
-3198.937588	2973.442976
-3195.105450	3008.069828
-3196.649768	3069.098220
-3180.707451	2982.637955
-3183.061677	3153.013504
-3259.804198	3071.401601
-3183.508859	3028.930178
-3272.922971	3041.693350
-3357.256448	3031.818550
-3359.035719	2781.750858
-3354.484377	2834.300459
-3349.261797	2817.950437
-3346.695325	2873.099574
-3345.305996	2893.295526
-3348.067500	2779.810830
-3323.952086	2954.929715
-3321.304347	2903.177137
-3318.703878	2872.564358
-3312.504116	2851.564523
-3311.319491	2772.989387
-3308.614992	2931.423403
-3302.391677	2895.678440
-3297.673735	2789.391456
-3295.761478	2955.142253
-3292.575629	2856.938030
-3287.616061	2928.299787
-3289.876769	2779.180410
-3287.105504	2872.216072
-3278.517958	2776.405590
-3275.866471	2894.212456
-3276.037566	2799.377104
-3274.341762	2946.597563
-3274.773509	2822.355044
-3271.607191	2860.346077
-3271.044355	2770.006609
-3265.118629	2839.912357
-3265.939514	2891.373081
-3257.948460	2851.266341
-3255.181208	2944.835763
-3252.844393	2820.044841
-3250.952045	2885.122271
-3237.631939	2932.793041
-3239.159671	2906.634691
-3236.261117	2852.037766
-3230.281079	2899.062725
-3230.972225	2799.773769
-3230.269038	2816.547874
-3229.434678	2793.779723
-3226.900169	2957.348020
-3228.237184	2842.055174
-3222.351945	2922.084991
-3223.358775	2883.164869
-3213.306419	2905.974554
-3213.321007	2862.176074
-3204.438023	2848.007554
-3205.076229	2812.306629
-3203.929420	2942.285744
-3199.522689	2953.682995
-3195.080550	2868.841614
-3196.760464	2923.447887
-3194.486847	2903.564226
-3187.591868	2884.970813
-3177.374642	2861.823930
-3175.892894	2952.400501
-3353.669769	2915.246214
-3287.889325	2903.389245
-3249.446668	2804.390797
-3234.055890	2777.744577
-3323.778143	2822.539055
-3180.559842	2890.851920
-3359.957700	2583.696998
-3358.245956	2731.064764
-3351.665195	2680.915923
-3349.836458	2577.112589
-3343.441621	2596.521479
-3340.445893	2630.848765
-3344.375238	2705.818142
-3335.133804	2603.298245
-3326.169093	2585.628823
-3328.391730	2751.392731
-3319.138256	2735.065915
-3318.432192	2753.318117
-3311.660945	2753.232594
-3310.181737	2571.768360
-3298.771932	2752.515514
-3294.856398	2698.425105
-3292.121236	2674.443088
-3291.603288	2581.453011
-3290.172113	2710.981657
-3275.242858	2584.513773
-3277.036207	2706.259354
-3275.400102	2731.572096
-3270.095522	2584.177155
-3271.827806	2601.162009
-3270.940575	2698.353587
-3272.208631	2619.027539
-3267.547443	2606.678136
-3268.118887	2654.235050
-3266.045945	2725.050833
-3258.808759	2638.511605
-3256.269201	2700.855411
-3254.958842	2658.976159
-3251.172584	2605.206014
-3246.701665	2719.266148
-3246.339636	2601.725655
-3232.967804	2659.981060
-3222.485560	2609.182317
-3219.985541	2714.386278
-3221.114098	2643.554142
-3219.264311	2624.314207
-3210.907278	2609.947368
-3209.124252	2671.077412
-3205.323564	2705.290598
-3196.428151	2623.615257
-3192.113302	2722.849936
-3186.624382	2696.471382
-3186.273935	2583.894845
-3181.103080	2732.104561
-3318.391922	2599.104986
-3284.422939	2728.925409
-3233.715142	2682.885545
-3226.766419	2666.573049
-3173.346059	2596.767402
-3356.782316	2603.714376
-3246.296018	2667.282633
-3356.151738	2453.016338
-3353.622762	2464.718057
-3341.482964	2398.484584
-3333.236136	2387.848584
-3332.515566	2548.642932
-3324.870509	2477.431824
-3315.358007	2471.838542
-3313.246861	2403.564264
-3302.843767	2414.487419
-3302.069305	2407.587656
-3298.410190	2445.078423
-3298.056982	2380.627078
-3285.126328	2545.501993
-3282.478846	2466.171173
-3280.610042	2401.461711
-3273.663908	2513.869944
-3265.840840	2409.472012
-3248.605453	2483.721895
-3248.289238	2376.891746
-3244.377053	2445.535098
-3237.038290	2463.262668
-3204.002908	2388.421802
-3201.543372	2425.754502
-3194.177582	2536.541635
-3192.271682	2464.620543
-3183.157562	2538.796315
-3179.352443	2421.600851
-3359.256851	2396.137708
-3353.744883	2529.951332
-3268.140012	2493.042979
-3260.637004	2513.601206
-3254.727840	2410.924589
-3225.437253	2394.476338
-3211.726835	2418.640521
-3338.855507	2504.829970
-3329.598449	2517.315487
-3358.830589	2199.197913
-3338.868604	2294.250400
-3341.391019	2195.055303
-3334.254464	2351.052208
-3333.361981	2311.157939
-3328.590771	2203.652645
-3329.082864	2174.382432
-3324.254041	2333.025405
-3324.828779	2275.000703
-3319.035251	2193.730408
-3319.677961	2256.373414
-3313.983233	2238.290087
-3315.185090	2274.285638
-3310.797147	2325.433597
-3308.058626	2288.956545
-3308.962680	2315.042447
-3303.950336	2217.508178
-3294.516199	2308.344163
-3287.097004	2242.330269
-3285.484372	2313.276578
-3290.203557	2338.590669
-3282.481942	2319.553727
-3281.709701	2264.411347
-3272.186234	2293.470620
-3268.365038	2177.003138
-3263.518832	2271.702532
-3261.515859	2222.430979
-3251.130322	2299.336558
-3252.378546	2242.342457
-3245.204050	2242.261659
-3242.195031	2292.206997
-3235.150335	2337.951753
-3230.464698	2245.427082
-3230.869394	2182.051753
-3227.914036	2298.340426
-3223.081726	2331.491041
-3217.697629	2227.352915
-3216.251417	2219.288937
-3210.650057	2285.677440
-3212.100282	2246.171509
-3195.484408	2267.592827
-3189.885320	2239.396793
-3191.336776	2346.010208
-3184.351392	2311.038827
-3181.025432	2295.547686
-3185.447367	2212.470975
-3301.644007	2306.031836
-3212.292322	2189.135894
-3210.123046	2268.114484
-3204.078120	2306.868430
-3251.089033	2268.858959
-3246.349060	2275.222891
-3229.518321	2336.800631
-3353.652540	2096.233205
-3343.200165	1991.340644
-3328.762482	2151.259504
-3326.256118	2121.999989
-3327.510600	2029.199266
-3324.170533	2085.897304
-3317.684465	2146.234717
-3298.628342	2112.863329
-3287.582739	2030.892895
-3251.278213	2150.344925
-3244.283652	2140.061477
-3238.471119	2097.654995
-3236.556616	2146.436992
-3228.609506	2035.904172
-3188.018617	2002.248902
-3216.181225	1978.938296
-3140.427284	2136.985917
-3093.584696	2099.806843
-3093.858083	2134.160313
-3079.881975	2108.503147
-3080.127648	2140.999043
-3070.537672	1994.457602
-3029.453675	2054.189212
-3024.902872	2062.986300
-3023.203666	2150.819089
-3016.683680	2029.679582
-3018.354294	2133.495221
-3016.464875	2144.120026
-2983.583484	2135.960404
-3042.973465	2152.994238
-3032.731207	2159.062117
-3151.336604	2143.921379
-3074.618144	2106.133971
-3045.007962	2077.186022
-3152.181499	2216.505132
-3151.610612	2321.622005
-3144.638645	2222.701761
-3124.931874	2277.474455
-3118.518895	2222.557287
-3115.525516	2287.867073
-3110.490111	2174.583583
-3104.643111	2318.914395
-3101.724413	2251.426423
-3098.850894	2272.769685
-3093.579662	2184.202796
-3096.333689	2309.521769
-3083.255154	2201.465326
-3084.798145	2214.304559
-3059.232317	2196.670315
-3057.918732	2310.863848
-3042.977794	2227.402260
-3041.433722	2325.855836
-3029.817409	2268.671436
-3027.345507	2180.082005
-3020.583406	2315.507231
-3014.754766	2292.266459
-3008.497624	2337.860312
-3002.121534	2262.100029
-2999.401173	2212.086887
-2998.966479	2236.909735
-2995.542433	2306.394904
-2994.371794	2293.867494
-2980.959793	2286.896210
-3060.937118	2261.461047
-3149.112075	2351.728831
-3083.330553	2325.013553
-3157.551022	2391.057239
-3152.794441	2518.541738
-3136.901005	2374.846960
-3131.077390	2537.179765
-3124.046769	2555.470165
-3106.118841	2495.933212
-3096.152344	2552.665282
-3091.957562	2469.458845
-3084.389671	2542.964705
-3073.281495	2465.432692
-3074.438131	2482.342069
-3075.623884	2424.809387
-3067.642692	2482.641420
-3063.496419	2557.297890
-3070.075539	2508.374509
-3068.485247	2396.144436
-3023.730789	2456.630370
-3019.970108	2553.438487
-3014.322180	2456.848656
-3011.698417	2480.704136
-3011.745589	2436.437063
-3008.081056	2420.233789
-2995.056388	2472.155976
-3105.117083	2522.846784
-3064.277321	2509.799865
-2997.766015	2546.534342
-2977.023571	2540.485106
-3161.356439	2651.408962
-3159.928683	2597.067363
-3155.488638	2582.658706
-3153.192624	2730.477169
-3151.549132	2708.569584
-3149.818981	2676.857715
-3142.785652	2603.170101
-3132.601832	2612.941077
-3133.137527	2576.467493
-3123.016290	2704.619344
-3122.106157	2693.174841
-3119.084011	2657.252775
-3119.327938	2721.706515
-3117.344801	2738.534936
-3114.203696	2622.348033
-3107.917045	2744.216851
-3107.430417	2629.180674
-3108.304058	2667.382338
-3102.540316	2712.018900
-3103.100261	2720.292504
-3096.166759	2704.842394
-3093.074153	2671.435728
-3084.768967	2661.052971
-3080.497807	2574.210273
-3070.010876	2671.980644
-3064.941537	2648.193970
-3067.007850	2593.460806
-3065.289290	2630.072929
-3057.845548	2737.951654
-3049.550958	2749.464870
-3048.325072	2587.781055
-3043.211976	2649.288638
-3038.272208	2739.078460
-3036.349856	2717.730210
-3034.496313	2658.945589
-3025.072379	2737.918602
-3017.629993	2587.212057
-3014.323709	2738.265574
-3010.305065	2694.795270
-3010.620312	2652.229090
-3009.695451	2635.840000
-3008.066661	2627.628000
-3006.039452	2607.315971
-2991.024970	2743.411199
-2980.471562	2683.282481
-2979.491063	2704.203603
-2973.598666	2715.683780
-2971.407125	2626.735303
-3154.087358	2636.670636
-2996.209763	2591.091210
-3161.026415	2629.658823
-3062.892977	2729.226320
-2986.009551	2656.946643
-3155.128077	2740.950424
-3154.218177	2877.531595
-3146.146891	2888.391357
-3142.483277	2882.044077
-3139.848804	2918.818954
-3135.405852	2950.001157
-3126.969304	2874.259858
-3129.006437	2789.513326
-3126.931468	2890.056115
-3115.862981	2902.040305
-3106.984612	2910.730898
-3100.895814	2818.364213
-3091.700270	2789.984498
-3090.215815	2873.067581
-3087.929399	2895.822383
-3086.729416	2880.131260
-3085.634902	2948.988733
-3081.571337	2919.391126
-3048.775438	2789.297406
-3044.488634	2804.769000
-3040.974155	2928.306404
-3038.820531	2811.585170
-3038.661100	2896.683915
-3035.498640	2906.671400
-3035.179401	2787.051906
-3025.760487	2923.552443
-3019.103071	2943.800143
-3023.700084	2841.702018
-3018.837247	2779.355378
-3007.622482	2814.701446
-3005.486954	2923.337255
-2996.404025	2925.806587
-2995.415949	2825.774440
-2977.676426	2895.457423
-3073.362128	2785.613228
-3025.799521	2802.428981
-3151.309138	2857.364014
-3027.610723	2877.758210
-2997.891357	2877.006591
-3154.722150	3083.036950
-3147.356543	3005.166383
-3139.255881	3053.370712
-3127.673690	2987.674078
-3119.248543	3005.482888
-3119.218320	2991.411028
-3105.275174	3127.377108
-3078.425302	3075.785207
-3056.133563	3119.851626
-3045.174065	3099.581499
-3040.874076	3111.545322
-3036.529913	3126.837959
-3009.290279	3147.129545
-2999.474500	3019.012515
-2988.526086	3069.074710
-2982.959391	2999.060310
-2978.156968	3149.563241
-3153.364448	3012.900972
-3111.039850	3088.816292
-3108.473474	3097.201142
-3106.598755	3072.540353
-3101.584832	3066.425045
-3039.251134	3051.818511
-3010.005823	2981.226379
-3126.755547	3010.981236
-3132.300887	3016.296083
-3154.590097	3197.502579
-3152.860011	3341.657792
-3150.482007	3217.642753
-3147.786287	3225.545911
-3150.246946	3301.481750
-3145.550560	3272.717723
-3146.884079	3232.191005
-3124.604843	3226.550636
-3121.948433	3196.044468
-3120.176614	3182.291626
-3112.867705	3285.017407
-3110.924062	3332.454235
-3106.862352	3350.824472
-3110.697719	3243.841817
-3084.591574	3342.377832
-3079.262068	3227.655432
-3076.512517	3348.060900
-3071.438348	3249.886877
-3066.069268	3344.419320
-3065.348856	3293.820868
-3059.428984	3224.691396
-3054.903690	3296.165752
-3044.186336	3194.389588
-3041.591527	3346.073116
-3036.742159	3325.089507
-3039.545660	3299.080193
-3026.653588	3300.971274
-3020.102838	3184.506208
-3016.842097	3324.881477
-2998.199234	3269.543781
-2995.625531	3345.118077
-2984.762813	3345.066634
-2984.151434	3271.827852
-2981.374642	3303.231333
-3148.608704	3332.635622
-3138.692019	3234.141090
-3005.166672	3298.117174
-2995.038954	3297.886837
-2985.605634	3296.117815
-3050.700853	3346.656016
-3022.183876	3194.799028
-2997.181048	3240.009209
-3159.508677	3386.768125
-3154.944864	3516.550028
-3145.631463	3486.955431
-3148.653481	3406.899862
-3138.368310	3400.039825
-3133.139498	3527.343936
-3126.950122	3443.010216
-3124.794991	3406.583051
-3125.158372	3502.874266
-3116.934691	3428.238426
-3116.075994	3444.788186
-3082.393338	3497.789277
-3078.117803	3408.802533
-3079.756141	3384.620373
-3076.035138	3441.389379
-3071.098897	3383.640150
-3071.725110	3546.358140
-3061.834704	3508.689089
-3058.333766	3384.131257
-3053.152626	3510.346811
-3036.940604	3506.291224
-3033.851687	3447.724725
-3015.647536	3390.196971
-3011.992704	3439.252070
-3010.259927	3498.441864
-3007.703374	3481.142670
-3007.138210	3520.488006
-3001.681703	3437.720344
-2998.109174	3409.027671
-2995.974992	3467.729081
-2988.981339	3439.281182
-2986.960572	3549.598385
-2981.205815	3485.183981
-2980.380247	3468.465482
-2979.106016	3439.493449
-2977.388066	3501.957261
-2977.709033	3540.546842
-3100.874384	3441.361136
-3096.712716	3447.404535
-3043.619457	3451.239224
-3000.525064	3378.012188
-2997.960404	3482.532929
-3155.982499	3587.889969
-3153.449683	3638.178958
-3147.771794	3718.839688
-3139.882959	3653.318474
-3140.320458	3666.167537
-3134.693489	3580.309691
-3135.353921	3723.858340
-3131.250436	3600.488721
-3130.607077	3713.403349
-3127.879939	3726.076609
-3129.193185	3613.631156
-3127.953163	3681.674468
-3125.668949	3589.316027
-3118.892961	3759.253157
-3117.637754	3583.641481
-3115.655105	3735.374402
-3109.942689	3689.359469
-3108.975286	3611.425538
-3102.676472	3596.145620
-3102.132657	3601.901600
-3101.086193	3644.053144
-3096.762922	3622.076411
-3088.161263	3629.401177
-3085.361518	3619.818811
-3089.977140	3686.539328
-3087.590230	3679.298473
-3082.401016	3707.385143
-3077.666788	3626.037214
-3074.808841	3641.599844
-3070.182143	3624.848280
-3066.863226	3585.138241
-3055.323111	3711.739332
-3056.144352	3612.071419
-3055.685149	3604.220912
-3056.715588	3585.772135
-3051.569036	3701.942683
-3047.189648	3650.327593
-3043.580203	3685.578907
-3028.865440	3722.365845
-3033.123763	3737.499866
-3027.434174	3696.343182
-3026.803549	3634.796712
-3019.893656	3568.828759
-3027.257576	3745.005594
-3016.359576	3604.867759
-3011.330315	3655.083447
-3012.064558	3750.493141
-3008.704061	3723.508485
-3010.779104	3608.637185
-3009.420122	3634.470519
-3006.952170	3691.917798
-3004.250965	3582.100107
-3001.279745	3620.542936
-2996.184643	3702.341304
-2997.021733	3681.240053
-2990.034090	3578.138228
-2987.440690	3740.920609
-2987.402237	3727.798463
-2980.560072	3643.231576
-2981.544324	3633.592451
-2981.569731	3615.248967
-2983.786222	3695.088639
-3132.835088	3593.013743
-3103.120456	3587.413540
-3021.715350	3602.600764
-3016.647171	3597.624648
-3017.016463	3588.836638
-3127.214150	3566.696789
-3091.502589	3615.173698
-3061.878394	3740.942918
-3045.368376	3598.412809
-2983.244793	3579.495639
-2984.927962	3662.046050
-2937.778171	3729.469094
-2937.761101	3662.472755
-2921.747482	3605.947017
-2918.272174	3707.280323
-2914.560946	3677.525342
-2911.103908	3589.826046
-2910.635510	3652.022678
-2898.115834	3733.480455
-2898.243943	3715.848274
-2894.855377	3698.917371
-2891.370023	3587.225717
-2887.649684	3714.781773
-2883.491939	3577.160841
-2884.473977	3689.554371
-2873.604298	3643.188091
-2869.858565	3732.462678
-2868.686160	3612.709976
-2862.156042	3723.799930
-2859.329551	3747.992153
-2859.998690	3666.717047
-2857.085723	3733.007748
-2840.698079	3592.025855
-2839.862176	3726.386508
-2838.131233	3625.132709
-2831.964889	3745.039125
-2831.962801	3568.242769
-2829.639248	3709.126988
-2820.337394	3686.030986
-2806.139860	3682.992230
-2800.616779	3657.585309
-2788.107831	3754.688425
-2787.831921	3706.403490
-2784.922376	3593.804349
-2780.767758	3607.590089
-2780.146964	3678.997736
-2773.350004	3691.003453
-2949.044044	3708.244417
-2898.748282	3693.041265
-2921.362239	3692.548009
-2874.237338	3570.605420
-2959.519199	3396.951730
-2957.175101	3542.443735
-2954.962637	3492.958420
-2953.120292	3482.074697
-2952.440050	3453.020692
-2939.880701	3424.824499
-2940.961324	3462.761471
-2940.908860	3398.987965
-2930.941878	3464.889718
-2928.109333	3556.703193
-2926.585101	3544.619788
-2926.386431	3400.384379
-2925.739490	3429.052514
-2918.911190	3403.508325
-2920.218073	3507.713369
-2914.350790	3488.401739
-2910.824084	3416.678639
-2910.435644	3528.896605
-2909.490912	3382.032414
-2907.558424	3445.817803
-2902.968924	3538.371487
-2902.668088	3482.158648
-2900.067339	3516.594482
-2896.391152	3506.699474
-2895.602868	3415.841412
-2885.474126	3453.580910
-2883.160639	3463.495386
-2882.965946	3424.692582
-2875.056721	3457.426568
-2868.585694	3541.964945
-2864.692020	3549.326336
-2859.850594	3466.620414
-2858.515619	3528.438315
-2857.128953	3486.250601
-2856.417163	3412.806937
-2846.099462	3463.274816
-2842.162676	3527.871988
-2844.810842	3412.472207
-2841.017597	3492.630869
-2846.999296	3502.891358
-2838.511217	3377.566843
-2832.901369	3394.745751
-2829.770226	3383.283682
-2818.139354	3554.759758
-2815.788054	3423.994474
-2816.441308	3444.827771
-2809.233286	3551.218057
-2811.441002	3420.322165
-2806.047784	3374.586601
-2805.154773	3538.229390
-2804.345518	3398.552920
-2801.101775	3440.959684
-2796.707431	3492.775077
-2796.739948	3529.422478
-2787.203605	3508.345150
-2787.282231	3373.807770
-2784.670499	3517.320031
-2784.478776	3395.997275
-2782.031157	3534.047878
-2779.833464	3439.397201
-2775.957225	3483.332583
-2775.051610	3466.974492
-2929.990826	3502.851187
-2872.556694	3434.188614
-2868.359055	3502.407027
-2842.207141	3369.041998
-2814.140523	3531.947626
-2805.891033	3544.653521
-2805.602025	3407.886378
-2799.616889	3507.778105
-2798.547315	3514.075825
-2894.993679	3539.724902
-2853.751653	3552.714184
-2846.973791	3442.042069
-2831.274631	3445.261600
-2815.963707	3514.020903
-2941.064091	3250.407642
-2943.478373	3339.532932
-2937.155049	3309.687211
-2939.984704	3287.522232
-2937.191335	3324.971082
-2927.251711	3252.022458
-2924.865464	3307.655489
-2927.366870	3222.054991
-2923.377559	3179.647730
-2923.416200	3277.305864
-2922.115750	3333.387858
-2915.000392	3305.106617
-2911.599452	3329.076122
-2905.384046	3338.990315
-2903.152935	3186.180890
-2895.440245	3271.419669
-2886.921157	3350.353555
-2882.210488	3213.076596
-2875.810026	3276.426168
-2877.196272	3172.266766
-2872.270822	3337.790703
-2872.400648	3302.087668
-2863.524224	3331.533682
-2852.805423	3221.284235
-2851.327198	3202.607061
-2844.577832	3251.396895
-2839.463965	3301.269856
-2836.069483	3277.258687
-2835.898848	3249.793276
-2830.641306	3313.930939
-2828.777818	3245.347330
-2821.668705	3272.784735
-2818.457226	3219.469028
-2813.168547	3242.884496
-2810.917290	3285.052258
-2808.802744	3311.690654
-2807.979821	3337.819892
-2805.010489	3288.550278
-2793.715856	3236.674518
-2795.734300	3228.241173
-2789.807932	3267.315454
-2783.263761	3238.401375
-2789.584838	3287.362712
-2782.629952	3172.651558
-2783.023589	3202.665072
-2781.634912	3181.504062
-2954.944056	3245.845187
-2825.306822	3342.371103
-2810.265310	3183.648998
-2958.611533	3130.084187
-2946.238242	3072.247884
-2942.349381	3013.302341
-2939.777779	3035.471910
-2934.162035	3055.731080
-2929.490749	3135.840071
-2929.640719	2991.157133
-2927.291371	3103.114606
-2929.172825	3029.137818
-2928.269322	3093.479402
-2923.899551	3010.552566
-2920.661040	3070.266636
-2919.021140	3132.978268
-2914.396193	3102.359302
-2915.999385	3005.725351
-2912.740450	3075.219785
-2909.676846	3027.598878
-2902.154857	3074.242965
-2900.208327	2982.708620
-2892.310271	3143.502706
-2890.272481	3117.764737
-2888.350753	2980.899669
-2884.633853	3153.901928
-2881.380420	3107.620535
-2875.086644	3036.963111
-2877.213921	3073.776067
-2875.207719	2996.614218
-2873.534160	3085.389154
-2871.012278	3055.789043
-2848.457621	2998.973535
-2848.172440	3147.216310
-2847.931243	3068.039482
-2850.906763	3001.667958
-2833.329665	3038.041330
-2830.404576	3101.282110
-2828.959588	3110.794602
-2826.386376	3085.706893
-2821.798676	2993.918260
-2824.304286	3065.220477
-2820.079499	2985.532941
-2818.714170	3132.705318
-2815.331619	3022.411389
-2813.219033	3129.569702
-2806.063927	3149.601399
-2807.654370	3086.846913
-2805.499638	3141.795151
-2803.498749	3057.314928
-2801.456611	2983.628377
-2802.532240	3121.749106
-2801.820972	3071.926447
-2798.115054	3004.161869
-2786.196331	3126.980336
-2784.435535	3061.884476
-2782.503841	3025.136923
-2778.466708	3080.861081
-2777.901459	3007.244549
-2777.391673	3054.453200
-2775.038959	3105.054120
-2926.000830	3148.293797
-2901.990592	3015.169175
-2890.447685	3044.108855
-2889.148798	3017.712134
-2872.935553	3024.165088
-2869.082316	3123.774696
-2839.205145	3056.778648
-2832.526613	3011.128040
-2818.024264	3053.842872
-2913.781093	3059.639610
-2909.658325	3052.872088
-2867.544932	2985.609133
-2826.848844	2998.876069
-2860.643059	3015.486851
-2954.609045	2827.786128
-2951.363971	2916.426378
-2949.368159	2881.584212
-2939.411087	2772.979193
-2936.452705	2807.812603
-2930.905285	2863.458135
-2927.498627	2848.962783
-2929.018275	2947.188718
-2915.743329	2809.709535
-2910.962832	2900.216646
-2907.435807	2850.163425
-2898.606389	2930.680704
-2891.344592	2939.350017
-2885.997130	2838.854673
-2880.728015	2813.685599
-2872.169400	2910.879561
-2870.960136	2793.394522
-2864.044181	2793.671456
-2863.415803	2779.324989
-2857.184099	2930.270089
-2856.938991	2884.894477
-2852.185604	2940.698305
-2849.557612	2818.256443
-2852.476419	2856.307070
-2850.755796	2770.045500
-2845.790773	2877.486908
-2842.975049	2821.385485
-2834.793114	2785.891297
-2826.188962	2951.701070
-2815.932162	2935.625602
-2813.161582	2806.813102
-2812.424924	2893.062262
-2803.804714	2865.594145
-2797.164809	2885.997328
-2783.848245	2805.908454
-2780.838162	2934.208622
-2781.363313	2823.894036
-2847.729365	2802.002581
-2816.981051	2913.564932
-2812.910619	2853.805084
-2928.090770	2815.087147
-2812.428632	2885.631184
-2792.653104	2852.923790
-2862.679544	2923.630074
-2907.889176	2937.256899
-2901.844236	2912.470812
-2964.582392	2630.121748
-2954.591729	2733.789779
-2947.282093	2635.248706
-2946.801583	2678.735722
-2946.189402	2687.025237
-2923.010636	2714.445428
-2918.256988	2676.068267
-2913.979494	2602.019275
-2908.001441	2644.121930
-2904.014871	2634.311542
-2895.872555	2644.226705
-2888.086736	2740.247958
-2887.534075	2601.609681
-2880.687417	2587.081037
-2879.738160	2648.903994
-2868.173358	2610.425110
-2859.583822	2751.595541
-2859.376307	2736.218982
-2833.987873	2590.871883
-2829.723532	2582.842648
-2823.000304	2736.577540
-2824.681480	2689.585215
-2810.086669	2651.616515
-2803.368041	2644.591798
-2802.892839	2674.334822
-2798.414232	2598.791466
-2792.289752	2731.774018
-2790.401334	2698.593575
-2784.396146	2645.257336
-2774.208288	2599.058362
-2837.794040	2614.446367
-2835.250902	2637.016781
-2843.793935	2651.652123
-2874.102876	2614.197721
-2828.103293	2720.131202
-2957.400656	2529.958455
-2952.499062	2508.737575
-2952.285812	2517.468095
-2948.262886	2531.055535
-2945.159643	2520.433906
-2944.576417	2430.967251
-2942.284171	2455.439327
-2943.484124	2548.128580
-2934.332129	2420.471451
-2925.956147	2380.444393
-2919.757458	2442.657429
-2879.829375	2492.902028
-2868.750112	2402.810185
-2858.447534	2499.897881
-2851.082203	2530.900262
-2847.838466	2475.370730
-2846.467054	2373.037950
-2842.685240	2411.645211
-2843.614615	2493.872179
-2839.867274	2452.553940
-2839.179042	2380.537221
-2825.524110	2454.994739
-2826.464049	2536.348973
-2820.527337	2426.200753
-2820.180007	2454.761077
-2815.349370	2479.046601
-2805.317779	2413.329672
-2800.822839	2397.676476
-2792.054370	2417.651840
-2775.440990	2548.912695
-2955.700805	2302.502073
-2952.775035	2239.339618
-2941.433929	2236.456615
-2924.443008	2299.949748
-2926.465449	2280.675585
-2923.191622	2226.130857
-2914.654548	2348.376318
-2914.012617	2285.952250
-2914.806974	2189.337922
-2908.103747	2206.905449
-2892.238639	2293.296367
-2890.526014	2183.435951
-2889.062739	2343.615198
-2875.486042	2315.988422
-2880.471256	2334.257795
-2879.308313	2226.766591
-2853.365450	2271.951082
-2847.118344	2185.264160
-2835.933553	2328.146837
-2837.479363	2270.290174
-2838.128743	2237.982952
-2827.810091	2307.727021
-2825.807281	2326.202972
-2823.126166	2251.699005
-2814.676507	2343.805591
-2810.659257	2308.642098
-2808.212887	2333.598575
-2802.044827	2220.812029
-2796.333549	2290.990790
-2782.549289	2344.290337
-2778.392679	2251.933189
-2937.884154	2260.808030
-2880.237645	2187.374506
-2858.388243	2347.491236
-2805.226556	2262.197327
-2786.406960	2256.568847
-2863.734685	2321.941385
-2823.896166	2195.589447
-2819.601451	2198.324462
-2776.258658	2339.008612
-2826.458487	2338.802385
-2888.687618	2193.296029
-2943.635484	1985.704249
-2918.770298	2061.018865
-2900.063246	2033.091786
-2889.464945	2098.142011
-2875.078563	2093.962822
-2825.787814	2061.922092
-2811.537320	2137.777633
-2799.947287	2086.201494
-2795.955934	2076.470723
-2798.064188	2055.072562
-2930.885218	2115.952813
-2816.425380	2058.666949
-2796.854177	2044.712402
-2789.666507	2095.097996
-2945.157684	2142.583379
-2757.511713	2127.506779
-2736.907586	2064.229220
-2728.302343	2087.646930
-2723.536588	2071.468103
-2691.596985	2139.739862
-2673.060210	2068.020509
-2669.971807	2052.950736
-2663.502242	2100.445441
-2645.358387	2047.926215
-2638.830433	2140.669271
-2623.932523	2086.233379
-2615.921021	2110.210548
-2612.993799	2004.655590
-2596.165981	1984.354080
-2585.422329	2125.430381
-2587.606623	2004.628424
-2756.628299	2020.583222
-2756.421063	2271.498051
-2750.557143	2220.607784
-2749.413904	2354.629589
-2743.795166	2255.611089
-2742.595579	2351.044582
-2730.544701	2174.663080
-2726.613278	2296.063265
-2718.930475	2326.562514
-2716.393458	2267.310776
-2704.902194	2313.849360
-2703.861295	2296.577573
-2689.888458	2344.148674
-2686.683777	2207.350203
-2683.660122	2324.447648
-2682.606453	2305.864957
-2674.878415	2292.961744
-2673.398954	2254.163272
-2673.135679	2222.422850
-2663.579762	2255.582657
-2655.093494	2258.668603
-2652.079667	2201.738736
-2658.059955	2334.363316
-2654.505399	2213.429894
-2648.599707	2182.372151
-2648.816196	2303.981632
-2630.778227	2329.495133
-2629.145178	2284.830328
-2625.612920	2272.609213
-2620.816125	2282.118139
-2613.359498	2173.798120
-2610.296264	2355.078374
-2602.781366	2342.632112
-2596.685623	2242.984423
-2588.636804	2307.609195
-2583.277586	2346.636698
-2583.056253	2188.362853
-2741.186609	2229.104554
-2719.315934	2345.127036
-2637.881631	2240.296886
-2598.957286	2351.237837
-2596.724032	2267.715995
-2606.033332	2320.511389
-2573.195387	2241.284243
-2758.924283	2438.130621
-2753.819158	2490.989881
-2739.981874	2379.273542
-2724.881968	2557.138599
-2722.370373	2372.775754
-2713.607398	2515.539352
-2715.086108	2486.762180
-2709.410585	2445.389997
-2706.336285	2399.610161
-2707.725183	2557.356182
-2693.511629	2411.035512
-2695.097906	2543.584606
-2690.408539	2491.538065
-2689.985311	2382.539654
-2681.719180	2515.035192
-2680.213739	2524.909759
-2678.978487	2438.883060
-2677.373378	2465.148661
-2671.770497	2389.256678
-2668.508287	2551.852469
-2670.733700	2373.484181
-2661.125312	2414.325013
-2665.259679	2376.175307
-2659.707672	2469.396696
-2645.611418	2415.903261
-2641.117893	2553.889655
-2640.350912	2452.481748
-2637.243624	2513.036410
-2626.298072	2414.274696
-2621.042839	2440.373059
-2623.657990	2545.142350
-2619.597351	2399.814384
-2620.103156	2482.252180
-2615.160736	2505.256790
-2614.988194	2497.325125
-2615.536451	2514.200047
-2610.371850	2397.997594
-2599.532673	2535.219449
-2596.107217	2475.446664
-2590.489227	2382.200968
-2582.395437	2392.695313
-2579.360516	2539.828229
-2578.330772	2418.503841
-2645.375205	2471.299675
-2597.092286	2389.844758
-2593.423734	2524.845026
-2762.170993	2606.875333
-2753.392781	2568.817849
-2749.322705	2745.105765
-2739.015627	2595.797084
-2738.149928	2733.879122
-2742.652932	2671.411261
-2737.695545	2681.457864
-2734.306709	2715.490963
-2735.718958	2648.549415
-2730.149219	2579.672805
-2722.760229	2619.227544
-2720.547853	2585.753344
-2710.886312	2669.827362
-2708.650554	2632.261704
-2699.292826	2688.885465
-2690.022037	2657.951021
-2687.410947	2625.313798
-2679.876563	2680.777563
-2670.183111	2593.947393
-2672.000371	2621.901426
-2666.557454	2754.592663
-2665.023004	2716.850969
-2660.085649	2599.289102
-2653.021053	2583.057763
-2646.619491	2689.990654
-2646.874806	2718.867556
-2630.046695	2734.017521
-2620.571557	2598.969337
-2621.222476	2578.165495
-2615.540378	2691.614551
-2614.581419	2681.743527
-2616.358847	2619.036558
-2612.376012	2605.765954
-2595.432220	2697.819642
-2595.696026	2580.308563
-2587.456632	2630.164475
-2584.755518	2719.496078
-2705.530804	2674.654947
-2627.814297	2654.109282
-2573.527309	2620.474788
-2618.794288	2701.822095
-2757.753999	2893.180023
-2751.880731	2805.744690
-2739.124048	2941.826850
-2731.838326	2922.508683
-2731.583538	2797.332933
-2727.366266	2886.838032
-2726.062355	2871.073962
-2727.101314	2866.180644
-2706.739680	2816.032632
-2707.263600	2821.008245
-2699.556603	2896.592710
-2694.589196	2926.784329
-2690.627151	2876.263087
-2691.296323	2842.681756
-2678.861670	2825.531668
-2678.265362	2799.424225
-2674.431193	2842.235547
-2672.436540	2907.650527
-2662.276035	2889.627601
-2657.576604	2908.783342
-2649.815711	2893.369336
-2647.436387	2906.769304
-2643.192028	2870.582256
-2638.562514	2795.014087
-2625.610985	2902.939454
-2622.340374	2879.780810
-2618.599556	2936.201305
-2611.750843	2887.806909
-2597.991516	2862.939331
-2587.996899	2952.683834
-2591.667200	2835.814467
-2592.066538	2776.790336
-2588.235575	2924.779896
-2588.024312	2932.734106
-2583.963683	2917.385432
-2584.501053	2838.977926
-2580.186420	2773.542057
-2578.689962	2782.352554
-2649.482236	2773.264028
-2649.103632	2930.882442
-2641.135055	2837.671146
-2630.620536	2930.808705
-2760.920626	3027.738407
-2752.001456	3030.498203
-2754.380809	3100.188610
-2750.158006	3159.450805
-2746.923308	3048.093573
-2745.476583	2996.831608
-2743.436977	3074.547142
-2731.952405	3003.314119
-2734.118839	3088.667283
-2730.615300	3136.735032
-2729.971823	3111.674598
-2726.984210	3036.782031
-2721.982685	3071.061949
-2716.741649	3025.485965
-2713.643794	3144.529299
-2705.370157	3046.323008
-2691.685524	3032.784636
-2688.611413	3097.482339
-2686.751027	3086.675314
-2684.461836	3043.561835
-2675.976493	2973.576034
-2673.730778	3110.813478
-2667.048451	2967.971620
-2660.524813	3158.999532
-2659.935610	3095.163833
-2660.172557	3075.195549
-2658.621859	3146.151090
-2656.833116	3005.173373
-2651.200682	3157.969557
-2646.907077	3110.577299
-2648.429592	3045.595581
-2640.713602	3096.922271
-2635.710046	3024.815522
-2634.825285	3058.570362
-2634.205798	3126.216702
-2631.480164	3084.916359
-2621.188638	3002.869839
-2612.399831	3073.471298
-2602.458363	3080.317929
-2601.045262	3046.433411
-2597.852749	3103.321962
-2588.874568	3075.174098
-2587.792657	3138.475778
-2581.690788	2987.385861
-2578.967312	3035.292272
-2650.694402	3019.657223
-2759.897001	3263.710713
-2756.265594	3324.343304
-2750.876444	3321.989319
-2747.298141	3184.322776
-2749.262769	3290.847380
-2745.459903	3321.530259
-2744.433181	3210.552882
-2739.692039	3290.419970
-2736.504756	3319.531502
-2729.249776	3286.164072
-2725.485466	3320.917779
-2721.683386	3347.307158
-2703.062351	3225.723849
-2701.504966	3322.553303
-2697.775341	3287.988187
-2692.475579	3237.903664
-2690.603551	3287.763316
-2682.715531	3172.297282
-2676.056848	3172.823621
-2675.156366	3301.358234
-2667.621183	3299.605862
-2663.105000	3217.684698
-2661.298689	3300.974340
-2643.813183	3171.555765
-2642.537040	3349.717289
-2638.966794	3211.142561
-2631.130499	3272.376460
-2627.818489	3205.722346
-2618.718282	3352.546322
-2614.665467	3186.380318
-2605.042292	3232.961614
-2602.380171	3352.175781
-2602.008545	3315.700732
-2600.788265	3216.276126
-2598.453177	3268.419174
-2582.531034	3350.228109
-2582.623056	3296.417922
-2578.772873	3274.229534
-2678.890178	3332.275196
-2655.934099	3173.613094
-2633.221450	3306.404625
-2582.254229	3246.878662
-2578.463920	3357.243965
-2753.039529	3541.349428
-2751.095953	3505.453964
-2746.008721	3531.097267
-2742.449969	3547.536164
-2744.139317	3508.020865
-2737.021924	3400.449453
-2725.999078	3400.813527
-2723.750676	3454.833439
-2722.169433	3548.943682
-2724.428394	3499.316772
-2716.466854	3396.128872
-2712.565064	3444.448050
-2709.129542	3414.981250
-2709.868006	3512.677242
-2707.212381	3490.200027
-2704.419229	3557.614410
-2700.642234	3373.874616
-2693.781268	3463.592347
-2695.417093	3414.559950
-2690.653767	3545.914267
-2689.230873	3488.468754
-2687.982777	3500.837365
-2679.910044	3487.114233
-2674.208698	3554.568739
-2677.708267	3402.476339
-2675.397518	3504.435607
-2675.664652	3463.842500
-2669.461176	3548.823194
-2667.246235	3438.135765
-2661.077737	3495.761533
-2661.450423	3403.412287
-2661.260892	3471.141094
-2658.181498	3503.955823
-2644.830742	3537.359566
-2649.639482	3409.857235
-2643.019423	3547.673915
-2641.651934	3474.692285
-2639.183549	3503.442472
-2632.168929	3398.240470
-2632.316827	3511.410471
-2625.189262	3420.457879
-2621.580529	3509.611387
-2617.461404	3458.879466
-2619.014889	3439.821855
-2624.131272	3493.110305
-2614.389660	3453.918601
-2612.075331	3389.087866
-2607.222782	3410.847136
-2610.125434	3477.193381
-2595.549147	3485.400249
-2585.772458	3393.715090
-2583.610986	3536.409771
-2581.497775	3515.024174
-2577.958958	3383.680425
-2578.426266	3460.903022
-2577.023524	3480.432562
-2572.257062	3441.772029
-2758.859115	3437.944327
-2657.229556	3379.311618
-2724.033408	3506.837186
-2753.999197	3626.505711
-2748.961918	3657.710666
-2739.826571	3665.555321
-2736.133925	3614.403296
-2732.939117	3586.985491
-2729.799343	3569.733809
-2727.117076	3647.046373
-2726.297686	3623.897923
-2725.645638	3698.118358
-2724.990426	3723.080207
-2709.526604	3733.787162
-2710.882989	3650.826926
-2705.394202	3676.272200
-2700.127206	3584.376698
-2696.909402	3595.688538
-2692.579281	3607.727250
-2684.668564	3633.622983
-2679.259886	3733.511722
-2671.877018	3659.414603
-2662.330590	3737.673511
-2658.766432	3667.882918
-2654.547090	3675.970028
-2656.242662	3572.028412
-2653.919532	3632.873083
-2663.113288	3604.794529
-2635.585433	3692.065315
-2632.646998	3653.439998
-2624.523602	3580.298361
-2624.935396	3662.593696
-2607.413886	3718.533918
-2607.645626	3660.758870
-2606.336902	3619.623722
-2606.397932	3699.419819
-2604.156366	3601.758699
-2605.109468	3753.849072
-2596.147915	3661.988855
-2596.623186	3582.744419
-2588.782532	3740.345147
-2585.254228	3710.197119
-2584.319632	3678.132798
-2575.031200	3613.406127
-2723.574945	3713.199242
-2710.727132	3697.738881
-2703.454008	3705.256091
-2678.588456	3682.054161
-2668.164795	3575.029059
-2586.475868	3644.865144
-2625.800840	3646.522074
-2616.599921	3726.920077
-2614.405143	3723.187619
-2585.854967	3614.929835
-2560.821170	3616.969969
-2559.124583	3756.103546
-2555.442508	3621.823127
-2553.583838	3676.948466
-2550.286767	3584.774066
-2551.335999	3735.622292
-2544.787793	3693.142784
-2545.479928	3637.924637
-2541.848692	3730.660003
-2532.550354	3569.383056
-2526.786285	3679.814686
-2523.635109	3739.260014
-2522.885293	3715.628823
-2520.055130	3664.311033
-2511.631503	3728.925058
-2503.851598	3630.234201
-2501.627943	3643.856119
-2499.675449	3605.061932
-2492.686078	3592.626463
-2489.708796	3572.286761
-2490.665941	3706.456563
-2482.917287	3743.683033
-2477.291060	3735.033171
-2473.830120	3755.315631
-2473.384679	3659.130494
-2456.798087	3714.915430
-2458.194120	3725.475356
-2452.803836	3741.713793
-2450.538109	3719.587985
-2448.851817	3656.861593
-2447.753149	3757.807577
-2447.170574	3666.701000
-2444.248151	3693.484310
-2442.816018	3753.142166
-2435.748611	3736.932917
-2435.968528	3632.551797
-2432.697645	3699.492798
-2425.019778	3643.829539
-2419.798710	3754.486897
-2410.426591	3727.556610
-2407.920903	3628.223214
-2407.650905	3601.868090
-2410.393293	3687.123728
-2402.426646	3676.501690
-2406.232329	3716.789728
-2397.161800	3709.812460
-2396.153189	3665.580880
-2395.397401	3600.714216
-2397.322823	3742.324754
-2393.956339	3735.714784
-2390.454103	3721.757390
-2390.946456	3638.866007
-2388.465645	3586.249450
-2383.471114	3705.587789
-2382.758781	3688.304101
-2384.363426	3753.821784
-2373.400917	3706.530162
-2541.471143	3752.345586
-2534.669728	3625.185557
-2530.246527	3617.820097
-2528.195199	3697.496684
-2481.847099	3704.942956
-2476.280597	3718.833902
-2472.777786	3697.887912
-2421.009793	3623.027212
-2414.403204	3633.680426
-2395.552443	3642.312979
-2375.379060	3735.699057
-2372.267708	3608.356185
-2546.809940	3596.246830
-2555.222830	3540.993604
-2554.433753	3403.256247
-2552.341627	3469.982717
-2545.449051	3450.111029
-2536.218568	3394.631884
-2529.499765	3419.596386
-2508.036278	3441.735917
-2506.619157	3554.049482
-2495.597678	3551.647602
-2486.596561	3411.417084
-2485.147501	3435.469284
-2457.255205	3395.011351
-2452.685040	3413.554548
-2452.556560	3517.769590
-2449.907231	3553.403534
-2445.773313	3508.441803
-2430.947994	3457.770140
-2429.123104	3486.520138
-2427.463160	3400.975699
-2406.773706	3521.088331
-2403.951432	3538.579111
-2401.469907	3398.456461
-2392.248579	3506.779503
-2381.049614	3483.486852
-2377.203984	3554.775114
-2535.390682	3552.746654
-2426.971012	3375.739558
-2386.030904	3376.480737
-2473.215418	3426.650440
-2388.979312	3418.855827
-2559.293782	3298.118582
-2553.025433	3228.559228
-2548.061740	3194.717700
-2543.982629	3260.186216
-2539.627780	3242.919498
-2538.316141	3338.826605
-2535.034803	3258.181929
-2532.098885	3206.836148
-2518.718492	3311.892041
-2510.527679	3221.666945
-2503.189430	3192.440095
-2493.045993	3243.964830
-2488.338008	3223.216924
-2488.669443	3178.473640
-2482.433551	3231.217649
-2472.603085	3281.155535
-2462.011517	3314.834119
-2459.035622	3182.139028
-2455.205206	3281.980690
-2454.218191	3255.471091
-2449.307284	3289.475955
-2434.731576	3259.937134
-2433.854401	3247.486117
-2432.506021	3333.888752
-2432.285714	3178.910248
-2426.225449	3275.175155
-2420.111070	3192.216774
-2413.867868	3327.360827
-2411.245224	3277.862593
-2408.440651	3172.598689
-2400.033807	3310.794252
-2400.864919	3240.921842
-2391.440193	3335.280760
-2388.685503	3194.884612
-2386.590179	3225.690671
-2557.202677	3345.769431
-2523.770580	3218.518455
-2561.528975	2992.032107
-2557.844437	3001.390978
-2556.434134	3024.489275
-2552.581171	3114.799717
-2548.746230	3041.874408
-2542.878714	3093.526305
-2536.498887	2976.308502
-2536.228164	3130.795757
-2529.078818	3039.326655
-2520.560975	2995.803800
-2519.665880	3012.024560
-2517.540131	3134.084024
-2515.738421	3019.263331
-2511.767323	3105.672764
-2514.015095	3090.089516
-2511.416780	3149.777149
-2507.787520	3057.516650
-2501.211871	3078.331346
-2497.662166	3087.944890
-2497.096696	2994.296433
-2490.604709	3037.939342
-2485.184234	3131.752908
-2484.411286	3011.484109
-2480.900460	3069.451570
-2466.778353	3149.683540
-2467.462874	3103.159633
-2467.356189	3081.216981
-2458.073969	3029.750849
-2450.017295	3094.995797
-2450.353185	3141.206895
-2451.888569	3004.706448
-2432.906563	3126.193175
-2431.338151	2996.869774
-2427.496803	3143.835951
-2423.220323	2988.413911
-2419.154937	3034.205235
-2419.933352	3102.414370
-2408.337734	2973.209921
-2393.654939	2990.409917
-2393.281511	3052.486518
-2391.978192	3019.149770
-2391.288269	3147.095699
-2388.661363	3076.732574
-2382.911210	3036.251767
-2536.915430	3010.582150
-2459.374891	2981.637196
-2453.903739	3068.195282
-2411.890594	3109.775513
-2396.296680	3034.960579
-2391.950773	3121.876126
-2508.339965	3071.050361
-2457.263210	3047.705290
-2428.096914	3078.161490
-2557.617052	2902.962280
-2556.540671	2873.891579
-2547.881762	2866.853000
-2545.002640	2894.375251
-2544.529447	2960.173596
-2543.137940	2808.969528
-2542.520179	2940.604109
-2538.402470	2798.523844
-2534.719568	2845.369196
-2521.410231	2809.380421
-2522.594509	2861.159668
-2520.846441	2843.139526
-2522.024084	2929.954014
-2507.815354	2934.028912
-2503.490765	2908.176839
-2490.423333	2940.077534
-2490.200742	2826.422757
-2486.941115	2890.601807
-2483.961834	2872.570596
-2476.651850	2919.942578
-2476.833469	2778.580487
-2453.713288	2824.553050
-2450.217414	2883.963429
-2436.516707	2908.399464
-2427.393960	2954.161848
-2428.400440	2934.518443
-2415.985083	2912.316985
-2416.104196	2873.115979
-2407.311207	2806.855746
-2404.620325	2925.035140
-2406.635103	2828.654278
-2396.656600	2895.577076
-2398.556253	2786.716886
-2387.372503	2840.138118
-2386.422417	2826.746271
-2383.093091	2949.487925
-2382.234390	2867.242475
-2376.528883	2815.827340
-2374.328328	2894.765036
-2506.547517	2811.092302
-2438.205231	2787.039691
-2401.862070	2913.846746
-2399.493644	2878.652533
-2523.125504	2882.813912
-2442.874391	2861.707734
-2478.293304	2805.938803
-2553.755446	2740.489790
-2541.005744	2616.020497
-2538.829208	2688.655390
-2534.674134	2711.750704
-2532.218548	2754.405637
-2527.911850	2670.457956
-2523.110707	2626.609904
-2510.083193	2585.158059
-2493.121082	2677.039526
-2494.778620	2625.478904
-2488.175052	2744.390127
-2493.265397	2602.911698
-2482.684600	2705.222366
-2466.086476	2618.714541
-2462.439817	2689.905129
-2458.011946	2608.249423
-2463.192218	2648.033375
-2457.400196	2579.007229
-2455.985767	2681.271804
-2447.969849	2723.607070
-2444.211686	2754.782506
-2442.189401	2612.158593
-2435.644943	2652.991733
-2430.042601	2608.394095
-2413.257582	2628.070536
-2400.624267	2601.470366
-2398.707980	2580.987983
-2395.081179	2740.418932
-2394.478225	2707.745279
-2386.136168	2739.675432
-2545.878584	2707.776047
-2484.366991	2755.387829
-2440.392589	2631.229698
-2427.657180	2702.986676
-2382.286266	2696.437181
-2461.185893	2725.917602
-2465.845660	2678.760685
-2561.388236	2538.862652
-2555.180019	2391.077962
-2548.866288	2550.886111
-2538.285675	2430.990388
-2531.919260	2447.989042
-2522.643178	2477.368347
-2520.552539	2463.790060
-2522.142990	2491.900394
-2514.501455	2554.786360
-2513.202695	2542.477011
-2508.674169	2448.097476
-2502.144191	2442.371715
-2493.957917	2459.416239
-2491.904751	2544.654068
-2491.175504	2415.990786
-2484.580938	2486.145483
-2474.965747	2550.281173
-2469.859534	2504.878080
-2464.355472	2403.864483
-2461.536650	2446.131790
-2456.445488	2532.473522
-2438.930649	2382.522852
-2431.068688	2453.553530
-2429.732514	2539.740731
-2423.684573	2441.613850
-2424.630665	2420.320972
-2417.395660	2372.533129
-2405.339651	2510.749407
-2398.846685	2484.195429
-2381.227594	2539.465873
-2532.614036	2409.946955
-2470.976138	2426.795385
-2378.531208	2389.655641
-2493.061418	2428.754470
-2408.178133	2391.428903
-2403.010754	2410.693612
-2402.407089	2421.619373
-2553.271159	2175.383137
-2553.725962	2275.788634
-2547.309380	2275.623821
-2542.238192	2343.477111
-2546.307568	2297.631722
-2534.552548	2357.364626
-2532.213427	2220.315477
-2532.353062	2198.560971
-2524.161348	2271.584587
-2520.271406	2334.448723
-2509.736530	2193.285628
-2512.095083	2248.781441
-2504.474905	2214.870252
-2501.996956	2304.851506
-2496.710583	2181.525484
-2488.729992	2296.083287
-2488.930330	2236.355525
-2484.749320	2334.221286
-2481.139992	2271.000321
-2475.209583	2253.465983
-2468.368350	2244.559756
-2467.976562	2228.265048
-2455.822756	2313.941943
-2457.862465	2289.737911
-2453.586881	2255.423042
-2448.886644	2218.903257
-2443.773431	2244.123007
-2443.624848	2286.115886
-2418.103389	2282.018738
-2415.572845	2341.271208
-2407.790914	2222.607824
-2405.419613	2203.071050
-2404.393260	2320.486304
-2402.665258	2289.364104
-2389.008067	2345.603164
-2383.622402	2228.585371
-2376.966896	2300.120340
-2561.699726	2303.875215
-2486.268839	2282.476568
-2488.177472	2202.401979
-2427.811159	2300.596948
-2375.639101	2327.336732
-2527.970707	2239.158859
-2551.756214	2115.144377
-2533.186747	1986.077321
-2524.778499	2013.941157
-2523.603408	2045.118078
-2508.617509	2060.874225
-2506.762387	1976.966521
-2493.504544	2153.744176
-2492.821439	2158.844381
-2484.198687	2059.502289
-2481.594542	2133.498461
-2476.979519	2021.507816
-2475.167446	2075.504548
-2445.405551	2069.330539
-2433.568496	2043.387022
-2422.119961	2062.721894
-2415.661578	2116.335783
-2399.386026	2111.280632
-2396.291219	2024.724459
-2390.013463	2058.201396
-2387.689375	2149.714935
-2410.963830	2145.458425
-2351.636936	2033.801637
-2350.175167	2077.307926
-2336.586334	2093.203765
-2333.687405	2021.972486
-2332.571194	2110.778320
-2327.477982	2112.574269
-2316.396202	2082.611315
-2317.321788	2066.171067
-2301.633397	2033.667838
-2302.255559	2050.692124
-2299.903856	2065.431354
-2284.729384	2065.221265
-2285.871857	2014.629060
-2285.261549	2107.381305
-2283.262052	2131.781306
-2282.128994	2053.720727
-2278.544923	2077.611346
-2272.994611	2050.033426
-2267.391996	2023.961500
-2262.166419	2148.656729
-2256.867802	2045.955476
-2260.117363	2033.176348
-2251.685122	2079.242787
-2251.011919	2003.300092
-2242.063684	2096.272599
-2241.221047	2108.045829
-2233.693047	2124.241085
-2230.792960	2047.320340
-2224.561208	2084.133247
-2211.563981	2002.723180
-2209.860788	2067.283662
-2210.247632	1993.220801
-2203.203045	2121.934348
-2201.147473	1985.319608
-2195.812295	2031.024987
-2196.090447	2010.180181
-2195.034650	2089.428991
-2190.561556	1984.421816
-2188.825576	2123.488516
-2185.091121	2148.637272
-2180.489892	2012.243908
-2182.006269	2044.489453
-2184.013610	2091.127513
-2180.566781	1986.236772
-2274.646132	2108.577480
-2262.083168	2110.891451
-2250.064662	1989.939840
-2224.077706	1969.224670
-2220.383508	2026.889101
-2208.488230	1974.947803
-2205.844697	2129.304458
-2202.857415	1973.231332
-2349.557199	2240.672862
-2349.332978	2285.365926
-2346.076699	2336.047386
-2341.016212	2189.644839
-2332.805230	2278.739074
-2320.791815	2281.184580
-2320.734552	2178.274882
-2318.899579	2296.064663
-2318.442999	2316.789442
-2306.863662	2233.596586
-2303.022790	2174.996828
-2290.590930	2249.288455
-2285.897425	2314.028618
-2288.224985	2232.380900
-2281.976253	2267.877014
-2273.769991	2259.021265
-2268.958647	2184.618092
-2264.303654	2348.848206
-2261.596692	2278.862716
-2231.026808	2303.033696
-2231.044651	2225.956736
-2223.483209	2246.817550
-2223.083459	2320.380293
-2218.136556	2215.261276
-2208.644566	2254.850409
-2209.411336	2285.659249
-2202.905666	2331.712839
-2200.484331	2349.361484
-2200.025348	2199.936471
-2196.076390	2244.566349
-2199.297029	2294.747904
-2197.049772	2218.515445
-2196.555475	2183.628658
-2189.577720	2291.371750
-2184.059309	2309.838302
-2184.689806	2237.337553
-2183.712541	2328.879922
-2181.402889	2295.204724
-2172.242236	2210.646042
-2320.696950	2192.553644
-2294.444649	2222.250700
-2285.360421	2282.642089
-2348.814838	2460.635782
-2350.223242	2409.788052
-2339.899601	2408.120259
-2340.737529	2390.860201
-2326.518729	2526.379071
-2324.350258	2433.736051
-2321.791757	2392.045050
-2316.992185	2405.191424
-2311.048492	2448.818249
-2311.003683	2477.802452
-2310.619307	2486.102512
-2308.259317	2465.390578
-2305.470930	2411.263733
-2299.567964	2531.439839
-2297.920192	2540.864142
-2285.554675	2397.916362
-2282.632882	2417.188749
-2283.256343	2424.060742
-2279.969274	2524.059206
-2276.100691	2455.623788
-2269.207002	2486.565293
-2253.766931	2400.553456
-2243.196487	2454.214173
-2242.976301	2392.236613
-2238.732179	2483.847798
-2233.576091	2463.439626
-2228.679117	2554.131742
-2223.071252	2491.983061
-2210.358370	2544.065381
-2209.030885	2419.797150
-2202.199666	2546.435322
-2202.864206	2377.690540
-2199.979481	2415.321385
-2200.892711	2397.718546
-2196.715786	2455.116152
-2188.124662	2469.506629
-2185.821913	2422.550801
-2184.447467	2508.978548
-2183.415510	2400.453737
-2184.742230	2553.309393
-2181.843534	2450.340244
-2275.718883	2377.197722
-2254.838950	2483.076320
-2232.117685	2407.347078
-2202.590292	2463.763826
-2355.013250	2729.827133
-2350.199363	2618.434174
-2347.247720	2627.198204
-2342.865240	2748.745605
-2341.020045	2706.103176
-2331.096898	2663.794274
-2308.474804	2639.932148
-2309.299474	2698.020375
-2299.813806	2592.182683
-2299.319085	2703.607581
-2294.223437	2635.798526
-2291.978844	2726.719944
-2291.014654	2695.937860
-2289.330522	2741.731578
-2275.223425	2717.334232
-2269.069994	2723.516490
-2266.689026	2686.329250
-2261.587413	2602.539182
-2258.639749	2679.123773
-2249.767736	2635.879357
-2246.688692	2571.950503
-2242.309590	2655.991673
-2240.621466	2733.764741
-2233.076624	2664.112940
-2231.060282	2733.820723
-2222.587785	2620.381408
-2214.159966	2685.076364
-2205.367391	2688.982540
-2202.140183	2737.070435
-2197.299942	2611.554052
-2186.901091	2594.881001
-2183.852007	2733.867183
-2178.524552	2649.466867
-2176.547433	2712.294181
-2170.913246	2733.720083
-2349.336438	2634.845268
-2278.867831	2609.702823
-2264.959277	2632.197903
-2247.664787	2682.072677
-2240.898126	2687.282877
-2232.676709	2626.070857
-2227.103014	2630.735235
-2220.198796	2571.372503
-2263.758709	2656.751806
-2357.038946	2806.169753
-2349.879063	2867.129104
-2344.606006	2768.734442
-2339.544801	2852.792677
-2332.048682	2867.934126
-2329.293011	2811.585241
-2320.367610	2816.424322
-2318.697567	2906.847050
-2314.760230	2795.192587
-2314.081777	2916.876804
-2313.618099	2900.449332
-2299.407647	2816.894650
-2296.936555	2777.593297
-2286.056067	2933.334131
-2293.151039	2771.539677
-2290.516427	2862.254124
-2283.546224	2816.327463
-2283.397792	2794.198842
-2268.769822	2782.637134
-2265.224483	2871.591132
-2265.578296	2808.730218
-2263.117453	2887.594910
-2261.362349	2837.353180
-2259.457555	2788.525943
-2248.086993	2921.831426
-2247.843705	2775.727699
-2247.071542	2857.622176
-2234.965112	2826.164444
-2234.572669	2911.549589
-2232.299217	2861.056459
-2226.215697	2888.747690
-2207.031265	2817.060045
-2208.276799	2922.350385
-2205.822944	2770.429769
-2200.605081	2791.465361
-2201.949653	2912.823543
-2198.472958	2948.380977
-2193.896725	2815.742487
-2194.728304	2887.437921
-2174.912284	2816.375048
-2174.409346	2932.608491
-2351.244376	2896.480808
-2292.233151	2891.504397
-2263.868201	2939.119875
-2222.646087	2797.628063
-2217.929963	2858.318377
-2218.797177	2906.256338
-2279.974038	2805.716563
-2247.056079	2892.600902
-2223.874566	2949.480191
-2176.630981	2880.830631
-2361.902372	3079.782353
-2356.752799	2989.900537
-2358.233406	3042.489255
-2352.988580	3146.310613
-2347.684884	3153.417209
-2339.399125	3027.303232
-2337.315865	3126.730989
-2334.681454	3075.230971
-2330.535546	3010.410485
-2329.587629	2991.018303
-2330.816515	3099.765610
-2318.945883	3146.079863
-2324.888736	3116.412684
-2315.831550	2975.627055
-2318.329948	3076.110911
-2319.557669	3029.252422
-2311.496157	3046.919159
-2306.620173	3081.460021
-2290.874541	3132.782793
-2285.243723	3141.485380
-2283.084545	3047.768548
-2271.115814	3054.686823
-2272.199103	3152.659440
-2270.266824	3097.037016
-2266.913562	2995.249786
-2265.826609	3115.421351
-2260.034990	3050.127219
-2261.210544	3006.470548
-2253.300477	3037.786745
-2254.468427	3127.568449
-2251.791364	3094.653964
-2249.948674	2974.624467
-2249.130184	3148.074989
-2247.319327	3026.301726
-2240.363820	3072.271818
-2236.696998	3092.219511
-2234.256791	3119.203007
-2211.205179	3144.672460
-2209.285708	3013.759044
-2206.832057	3105.504605
-2206.815200	3084.007959
-2198.400132	3068.651207
-2194.695534	3053.223356
-2191.844444	3125.004080
-2186.780967	3024.202341
-2187.670022	2988.971189
-2183.308474	3139.403932
-2181.664788	3154.214946
-2284.411242	3018.199788
-2236.149478	3150.648278
-2231.290751	3147.046035
-2193.899160	3092.771189
-2355.321938	3077.413334
-2209.685046	3121.475092
-2282.912531	3150.064837
-2357.355201	3219.371604
-2348.438236	3231.538965
-2346.766442	3206.883698
-2341.092177	3278.198538
-2322.372774	3281.161730
-2317.315271	3229.493780
-2315.333980	3300.454297
-2314.209633	3271.125328
-2309.612426	3203.257862
-2307.751892	3261.382726
-2306.405933	3183.499444
-2299.517204	3231.048328
-2296.788854	3273.659230
-2289.618100	3198.600271
-2279.039711	3294.057090
-2277.500462	3266.670761
-2266.331845	3235.175713
-2266.090477	3209.229512
-2267.210995	3251.076428
-2260.199823	3190.650365
-2253.409567	3298.762972
-2250.237616	3281.699905
-2248.352452	3204.988013
-2238.560874	3256.326725
-2225.461400	3179.738161
-2223.849608	3341.156734
-2223.257229	3210.310263
-2199.133155	3320.502142
-2196.916645	3175.663675
-2196.973552	3346.146043
-2189.709690	3185.782571
-2186.948816	3205.550438
-2187.692132	3258.325432
-2180.595813	3187.003943
-2178.608231	3321.690452
-2350.047922	3287.522623
-2320.114135	3177.682206
-2212.750161	3247.232594
-2183.689749	3227.812128
-2332.386899	3233.432461
-2275.137762	3315.434426
-2352.564470	3454.271327
-2346.972184	3481.439389
-2343.779845	3368.779621
-2342.051946	3399.926145
-2340.943478	3508.805058
-2330.638926	3432.109296
-2331.263631	3517.134797
-2324.363697	3486.043538
-2323.016269	3432.146343
-2318.816724	3556.723681
-2315.842208	3547.878954
-2310.542762	3448.839289
-2308.829656	3509.906140
-2307.937014	3389.396585
-2305.730469	3493.951761
-2303.701784	3450.864468
-2290.263873	3444.582637
-2277.777339	3482.278684
-2272.733018	3536.192679
-2259.542622	3463.420720
-2259.196857	3504.597151
-2250.684418	3501.229639
-2246.215556	3475.478651
-2241.355660	3381.084287
-2241.986391	3519.784426
-2218.683484	3451.348876
-2220.206391	3389.555459
-2213.317591	3452.999795
-2211.951210	3507.064786
-2182.638512	3474.903807
-2181.080220	3452.824882
-2179.456355	3381.115879
-2174.458519	3538.710588
-2297.014403	3378.123359
-2287.186300	3480.535111
-2190.778241	3414.617569
-2335.953267	3435.374068
-2256.293003	3522.310243
-2218.730088	3455.150986
-2361.278318	3577.696634
-2350.829583	3644.799207
-2348.658685	3685.132634
-2349.050894	3610.348134
-2347.448327	3598.113151
-2348.302611	3742.755160
-2347.568479	3716.141387
-2346.993133	3677.474618
-2346.825632	3731.917483
-2335.968146	3638.774841
-2334.250447	3569.735472
-2332.960374	3663.536551
-2331.233337	3711.349557
-2329.200739	3668.568194
-2323.560363	3635.617193
-2321.261624	3653.862368
-2319.314081	3699.381801
-2314.368299	3588.169404
-2310.374365	3613.577339
-2303.563489	3585.667124
-2304.535600	3634.031720
-2302.078860	3659.020438
-2301.727754	3622.566456
-2297.161168	3741.268184
-2279.687769	3751.416994
-2275.781492	3734.499262
-2270.137583	3700.607853
-2265.692003	3690.702307
-2262.536540	3719.484512
-2262.194246	3712.556036
-2260.846321	3726.450974
-2255.108484	3672.029361
-2252.182168	3696.319129
-2247.634971	3750.027027
-2242.245277	3651.093369
-2241.576863	3741.683048
-2238.561610	3660.868832
-2236.809878	3713.809001
-2224.832534	3659.171253
-2219.802848	3752.351147
-2214.346215	3595.569288
-2210.782746	3695.693561
-2209.110022	3597.273148
-2205.606868	3639.739103
-2188.002111	3671.133234
-2189.525242	3702.779587
-2187.945356	3741.245565
-2185.542559	3715.105783
-2185.669611	3728.213127
-2184.465886	3664.025677
-2182.025034	3702.195864
-2179.179181	3573.437942
-2172.621788	3686.239278
-2335.507686	3600.774617
-2331.816987	3608.692136
-2323.686743	3740.449225
-2285.825383	3650.332464
-2264.489955	3745.205145
-2228.722888	3691.767863
-2226.170908	3603.913193
-2219.431479	3650.516005
-2312.448794	3690.073645
-2212.206983	3734.589369
-3949.846778	2166.069478
-3911.425786	2162.921176
-3880.416655	1970.056191
-3774.160064	2083.300702
-3766.207895	2054.411894
-3784.497122	2167.793610
-3762.402624	2172.052494
-3791.083057	2363.975514
-3803.835169	2563.939156
-3762.531960	2512.766452
-3888.028539	2758.542416
-3772.476631	2663.018365
-3774.735712	2718.669527
-3791.539769	2959.564253
-3786.979634	2964.741225
-3908.675880	3165.260158
-3896.964252	3156.215645
-3767.725834	3045.245895
-3769.403905	3058.598480
-3769.622584	3301.028382
-3766.559148	3343.161556
-3955.821970	3508.216642
-3902.668728	3370.024107
-3882.760494	3560.064434
-3827.873626	3564.280952
-3806.386730	3563.231447
-3768.424544	3484.436473
-3768.661146	3436.255545
-3764.815030	3427.657035
-3959.745915	3722.607341
-3783.459488	3572.817900
-3773.562891	3695.849605
-3768.511028	3744.223548
-3766.625722	3646.636148
-3760.226566	3604.771975
-3735.414938	3570.525739
-3601.832034	3569.005958
-3576.104681	3565.896690
-3571.416246	3743.566415
-3568.823493	3594.113794
-3564.230704	3702.304151
-3575.914742	3386.357066
-3682.830360	3161.831875
-3588.491948	3165.139970
-3574.422444	3234.086211
-3606.357183	3162.981833
-3565.018781	3195.995859
-3761.420574	3107.930083
-3759.533837	3010.358540
-3572.888273	3067.186711
-3567.587058	3142.179600
-3709.035392	2761.374090
-3567.266045	2866.818629
-3568.984335	2841.635780
-3759.151328	2724.313078
-3687.155966	2565.481971
-3561.448389	2592.645088
-3762.953192	2658.005310
-3751.229444	2347.303644
-3666.476227	2358.002555
-3634.655976	2164.099117
-3589.037263	2359.654119
-3573.333145	2031.719484
-3565.943662	1980.779367
-3762.859311	2131.394668
-3453.287377	2161.343207
-3373.169846	2095.727330
-3362.316267	2132.477272
-3561.832899	2244.457158
-3558.864590	2253.155224
-3558.554694	2364.052462
-3538.788549	2368.063359
-3366.845243	2703.906690
-3367.186622	2582.035078
-3413.728986	2763.547831
-3536.510614	2968.153499
-3517.257949	2964.216157
-3511.498673	2769.850421
-3558.062120	3164.213839
-3369.502440	2982.943145
-3368.262545	3101.977109
-3409.058883	3162.156578
-3402.018986	3161.500761
-3559.467274	3214.895271
-3503.877348	3364.883637
-3493.471263	3360.163067
-3371.300846	3305.474170
-3364.650825	3332.229990
-3361.387261	3390.062477
-3461.626440	3761.067928
-3368.357843	3597.284522
-3368.445847	3749.960990
-3354.675267	3755.759723
-3190.556831	3563.226415
-3174.283809	3649.225674
-3169.484208	3748.208291
-3249.535455	3368.825530
-3216.326969	3558.867136
-3173.077493	3394.168672
-3165.538173	3511.862815
-3161.143887	3441.084500
-3167.166341	3488.238663
-3362.528072	3318.319477
-3346.625725	3162.743184
-3334.666881	3359.944744
-3230.922926	3161.875705
-3172.114976	3289.976028
-3160.869651	3269.858768
-3184.707963	3357.706624
-3168.287450	3333.067959
-3358.035172	3050.789162
-3237.499899	2971.490258
-3215.073417	2959.765715
-3197.853521	2963.677478
-3169.874405	3005.259564
-3169.928102	3058.230544
-3166.282672	3076.073996
-3163.104163	3030.273367
-3164.473226	2981.948919
-3161.701656	3116.173039
-3164.960202	3154.497752
-3271.639330	2963.629689
-3239.960254	2769.429935
-3180.509162	2772.401101
-3167.186156	2944.843871
-3171.508762	2853.537752
-3260.115197	2566.495933
-3227.365865	2563.818988
-3173.145427	2761.567422
-3168.963341	2692.231836
-3161.985448	2589.637016
-3200.402565	2559.885454
-3164.052597	2507.521600
-3345.856156	2370.209791
-3207.490227	2362.780806
-3362.665744	2292.877479
-3286.439792	2164.366189
-3163.159150	2194.819451
-3139.103533	2152.113096
-3087.840448	2160.270622
-3059.572218	2352.016348
-3038.694580	2362.096856
-3017.321573	2171.375164
-2965.258793	2321.315868
-2963.539738	2298.423667
-3071.863428	2170.137032
-3133.017653	2560.599678
-2998.332801	2558.444911
-2976.220774	2561.212678
-3084.698454	2758.297273
-3053.371409	2763.468233
-2986.154910	2767.623523
-2971.163065	2595.633383
-2966.444233	2653.040558
-3042.624989	2953.687451
-2967.368658	2809.865946
-2964.783090	2901.259462
-2968.742079	2873.962772
-2965.085249	2990.258488
-3016.973951	3366.335332
-2957.501563	3256.449267
-2980.121441	3559.629902
-2974.088602	3409.043012
-2964.861215	3503.730352
-3143.567877	3575.794054
-2972.852043	3615.198754
-2858.603486	3754.548224
-2821.964551	3759.668493
-2766.659457	3583.612667
-2814.220812	3559.830590
-2879.415634	3365.598255
-2765.121184	3508.707092
-2769.475151	3349.828583
-2933.302299	2960.423468
-2900.720170	2957.243183
-2766.247525	2995.226735
-2958.632832	2842.791989
-2923.061571	2763.256154
-2879.999498	2769.019470
-2781.607002	2757.945881
-2767.677183	2801.617949
-2820.169172	2566.563587
-2776.034106	2362.819277
-2838.893279	2159.672034
-2961.499043	2326.712721
-2769.737918	2080.510564
-2736.977742	2161.752389
-2669.383709	2162.514283
-2566.196584	2076.949936
-2572.846864	2123.673042
-2569.172245	2179.298035
-2615.798876	2564.881841
-2596.492926	2563.005381
-2565.210369	2557.271067
-2758.592531	2573.862585
-2759.036383	2711.462447
-2564.720824	2735.267518
-2763.411267	3067.340221
-2702.086145	3166.890133
-2622.880527	2978.934855
-2565.099510	3118.928334
-2717.156179	3359.309846
-2675.591763	3365.487614
-2651.602596	3358.341669
-2600.726364	3169.863796
-2759.561102	3411.364978
-2687.170102	3565.176097
-2598.414206	3557.442963
-2597.688031	3564.707486
-2568.047077	3448.234500
-2590.088258	3555.752192
-2568.558190	3576.249810
-2565.475950	3748.009301
-2554.025929	3559.088724
-2515.868287	3569.743003
-2425.272503	3562.473613
-2401.826264	3564.897231
-2375.848795	3564.152424
-2368.616065	3396.069700
-2393.351377	3163.345851
-2375.239025	3308.040141
-2369.060707	3195.773827
-2366.356443	3220.639060
-2371.352613	3255.197025
-2412.827992	3161.272621
-2368.635296	3023.934389
-2553.770471	2766.136463
-2482.559969	2950.991117
-2381.507489	2650.141503
-2474.197352	2364.634962
-2423.660460	2363.094812
-2371.385457	2515.074530
-2366.317274	2392.947131
-2365.847598	2481.714038
-2516.550694	2163.954868
-2405.952064	2163.766520
-2370.435872	2331.685580
-2365.763691	2044.929991
-2284.338228	2163.669038
-2266.101247	2362.440742
-2170.626268	2326.478711
-2351.031796	2760.876753
-2349.891679	2570.052459
-2318.052989	2762.916520
-2307.449712	2764.306614
-2258.474445	2756.117768
-2201.777160	2756.219290
-2183.649467	2765.032471
-2176.956503	2621.863328
-2226.513327	2760.454176
-2289.078269	2762.371600
-2190.507710	2567.725688
-2340.640553	2965.565305
-2176.624200	2954.441440
-2339.825510	3165.730891
-2298.519501	3161.178423
-2202.209127	3164.171841
-2178.585697	3164.618787
-2354.809700	3563.219816
-2347.095312	3556.369697
-2276.325654	3563.181502
-2270.697936	3564.728939
-2243.029873	3566.232396
-2205.178307	3370.356910
