1113.856615	-3352.196205
1120.590413	-3348.583010
1129.315300	-3412.248073
1136.714521	-3368.414049
1134.221542	-3431.994234
1141.305344	-3478.796702
1147.447542	-3446.252456
1147.341104	-3374.204860
1152.690954	-3321.281588
1152.623050	-3427.061048
1164.781445	-3414.674787
1170.446203	-3401.529703
1176.767828	-3473.752675
1184.491521	-3469.460505
1199.654278	-3363.396803
1205.161097	-3427.961734
1213.406463	-3368.397031
1215.680830	-3353.575449
1224.558502	-3336.463431
1224.801849	-3370.654784
1254.959939	-3463.911785
1256.594999	-3501.061227
1276.577814	-3490.176427
1291.404602	-3453.585700
1293.101009	-3402.592083
1189.716750	-3449.080121
1240.107416	-3336.409087
1247.138992	-3336.060453
1264.158744	-3422.288618
1273.839895	-3397.217677
1181.790525	-3374.818084
1233.686969	-3458.329291
1199.616647	-3449.142233
1124.795901	-3194.005944
1127.777031	-3154.181666
1129.932063	-3231.551007
1153.589004	-3227.698106
1156.510278	-3263.663984
1167.635572	-3164.131248
1170.178502	-3225.136986
1179.937920	-3283.730938
1189.246906	-3194.262832
1196.624033	-3154.606965
1205.622639	-3211.750175
1213.926420	-3212.071725
1218.143260	-3205.092033
1226.746188	-3136.297554
1241.768360	-3222.474027
1243.612879	-3273.745200
1249.006481	-3287.431003
1255.168135	-3179.304884
1259.303299	-3257.262850
1278.240084	-3285.906194
1283.845735	-3276.698137
1287.129557	-3202.376585
1294.367743	-3219.394513
1133.559982	-3160.268445
1151.265393	-3307.664415
1177.394526	-3132.969306
1240.629099	-3142.709874
1245.242936	-3206.199626
1131.131543	-3212.877709
1210.765521	-3232.314100
1298.582792	-3196.959739
1120.097279	-3021.966786
1128.502848	-2959.701875
1129.843135	-2946.348158
1130.500816	-3001.155731
1141.831362	-2941.047131
1143.058177	-3060.729225
1160.563614	-3087.401975
1162.716168	-2998.350606
1165.378319	-2943.875799
1177.469249	-2930.510271
1185.725793	-3044.959033
1185.264791	-3037.060175
1192.624129	-2953.903416
1208.227185	-2979.187527
1212.933722	-3023.040489
1217.481825	-2925.067272
1216.088424	-3063.651383
1225.584272	-3097.793462
1235.026893	-3074.923402
1240.702896	-3032.822819
1243.512495	-3087.310421
1247.389781	-3049.990493
1246.575742	-3100.004117
1247.798914	-3006.012491
1254.893212	-2996.928252
1264.535917	-2953.789990
1276.227736	-3045.982102
1115.212089	-2987.909186
1227.707359	-2964.035524
1229.047046	-3060.039894
1233.309192	-2959.069337
1255.583409	-2933.684093
1288.541334	-2927.280850
1292.542752	-3007.490136
1125.545856	-3099.327498
1174.625073	-3029.977840
1232.039538	-3106.258290
1118.778158	-2869.467139
1128.842261	-2822.961571
1128.506088	-2904.533564
1130.338737	-2850.585809
1130.464348	-2729.592389
1131.459928	-2873.675620
1131.561929	-2760.348842
1140.759274	-2822.663276
1147.666742	-2827.552188
1168.058088	-2730.108559
1164.975904	-2789.689783
1184.615152	-2736.423563
1190.337785	-2753.995693
1192.144465	-2829.557151
1207.308960	-2799.770303
1212.092697	-2727.238538
1213.159910	-2767.077317
1216.374579	-2864.815547
1221.285290	-2871.118869
1227.311343	-2780.219490
1228.947204	-2903.330736
1239.200463	-2855.053358
1241.797842	-2770.704877
1254.169516	-2811.271540
1252.117088	-2894.763823
1252.957127	-2724.895425
1257.705590	-2827.543955
1264.523538	-2780.171158
1270.146002	-2729.663820
1270.079655	-2793.468605
1277.122027	-2811.686503
1277.632115	-2732.295489
1278.796938	-2758.762516
1285.525475	-2845.383466
1286.484166	-2785.717798
1287.376437	-2808.611637
1296.900586	-2881.499820
1297.086928	-2832.886256
1152.781454	-2759.160880
1161.643293	-2871.421641
1174.037389	-2899.477813
1181.679962	-2877.807370
1183.681468	-2803.487219
1289.618363	-2825.120985
1219.643178	-2884.149948
1247.149148	-2755.991392
1281.021428	-2770.257930
1115.634417	-2722.291032
1282.242308	-2739.023631
1125.918317	-2898.782861
1295.049162	-2731.209109
1108.183930	-2562.346747
1115.946366	-2669.995102
1116.611989	-2698.283104
1127.728428	-2589.438044
1128.254927	-2671.113019
1133.277741	-2546.901174
1135.262152	-2613.604640
1138.140415	-2651.102457
1140.647656	-2539.555511
1139.258559	-2636.733633
1150.691369	-2612.956501
1155.397496	-2599.847192
1151.376289	-2626.180629
1153.092634	-2639.415960
1160.591323	-2646.468458
1165.134425	-2656.940005
1177.382229	-2524.692367
1182.179312	-2614.973298
1182.115424	-2636.723523
1187.894649	-2708.932313
1186.368917	-2585.944437
1192.453933	-2653.707879
1191.608102	-2541.794175
1213.923892	-2666.615336
1213.676896	-2527.607256
1214.175891	-2690.589525
1219.671272	-2589.919214
1229.108341	-2558.470768
1242.955175	-2633.351636
1254.183574	-2640.409956
1259.452754	-2521.096604
1258.772639	-2555.683056
1272.656159	-2570.622322
1279.849518	-2542.679162
1283.513511	-2523.547511
1289.845951	-2691.949919
1293.821046	-2630.443965
1296.913578	-2536.862063
1299.927042	-2522.520023
1127.383651	-2683.901823
1136.891104	-2581.573832
1159.829062	-2705.771808
1244.943039	-2600.626661
1203.554686	-2558.216480
1139.134194	-2566.661482
1166.148710	-2693.981322
1217.928245	-2675.364267
1123.903241	-2650.229473
1121.013106	-2452.652412
1122.197400	-2333.593625
1125.296308	-2487.479071
1132.420422	-2353.343428
1142.325361	-2369.132477
1141.134415	-2461.387015
1143.547829	-2438.144251
1151.179210	-2487.432862
1154.638711	-2425.626840
1152.119861	-2336.231050
1154.629943	-2477.938068
1159.027281	-2396.678001
1161.949905	-2338.081449
1176.591490	-2459.836073
1177.487733	-2402.579282
1174.799911	-2500.076795
1186.024040	-2470.250333
1188.688795	-2415.652697
1194.593154	-2364.821998
1197.999535	-2343.638903
1195.218902	-2327.525665
1205.990705	-2364.379679
1205.592668	-2424.049684
1211.680304	-2449.448978
1217.539143	-2386.161035
1221.422118	-2475.265539
1229.338549	-2402.733869
1231.727567	-2486.414355
1230.094243	-2425.763470
1237.023322	-2323.609573
1236.585648	-2396.772121
1239.497175	-2492.312051
1247.900688	-2404.999623
1250.854054	-2390.807460
1258.358023	-2424.003872
1262.525869	-2342.586916
1268.891961	-2464.065576
1272.859214	-2343.022362
1282.692947	-2428.756099
1284.659951	-2353.845145
1284.608872	-2361.150450
1295.169966	-2377.810994
1293.343811	-2433.443111
1298.255627	-2448.146533
1116.796577	-2494.363777
1134.049999	-2369.505604
1168.139086	-2370.641899
1195.928682	-2452.406747
1252.174166	-2338.508618
1258.771089	-2402.385933
1291.937335	-2484.498134
1292.749570	-2393.050654
1114.489136	-2502.143850
1120.085791	-2397.736824
1225.933570	-2451.421739
1241.486269	-2368.033808
1255.218288	-2487.945737
1267.250863	-2453.948459
1132.448771	-2155.858393
1131.685311	-2299.989536
1133.387131	-2127.497800
1137.257374	-2137.463750
1138.359470	-2170.451049
1149.842450	-2186.424919
1152.642800	-2128.018603
1155.389106	-2248.213249
1159.399876	-2216.286443
1168.045049	-2143.453582
1169.977838	-2278.475718
1173.451702	-2278.414029
1188.266343	-2185.417538
1190.854996	-2291.629762
1192.081736	-2230.050365
1202.609443	-2147.608806
1211.915330	-2214.316685
1219.418363	-2149.806890
1228.976390	-2148.412755
1232.456949	-2132.647824
1234.431677	-2248.332029
1239.654846	-2181.061094
1239.988149	-2216.691771
1247.933205	-2271.669727
1257.474719	-2206.063485
1254.391384	-2171.658885
1256.065865	-2146.340822
1263.753911	-2242.524066
1265.643711	-2302.503240
1268.448250	-2228.441140
1265.963446	-2148.658423
1275.707102	-2176.188594
1289.218130	-2152.329291
1294.436193	-2207.998955
1293.209379	-2142.341866
1294.383584	-2170.531524
1185.681776	-2212.912264
1217.630761	-2259.660015
1239.622201	-2291.104709
1282.036588	-2209.603650
1117.157463	-2139.068697
1119.142376	-2249.841061
1226.704680	-2191.917051
1242.532961	-2130.947697
1274.991163	-2214.702128
1292.909947	-2242.459291
1251.748462	-2250.417630
1115.614730	-1971.576171
1120.466835	-2034.089023
1119.014260	-1981.721752
1122.775625	-2043.477617
1127.004582	-2071.255161
1128.538780	-2009.413684
1129.306322	-1950.808418
1131.153265	-1928.117451
1129.776680	-2087.167063
1132.582036	-2020.905765
1138.563891	-1930.865301
1147.116252	-2085.548064
1155.202524	-2024.881833
1155.913373	-1931.114683
1158.033797	-1950.648024
1156.550253	-2067.662540
1177.885560	-2065.191966
1180.707898	-2021.612895
1190.188928	-2032.962328
1192.662685	-2108.467981
1199.356112	-1937.299044
1206.709407	-2037.217281
1213.167139	-2085.365007
1215.328256	-2055.247385
1213.305747	-2039.497840
1222.674645	-2106.774184
1228.553704	-1991.990015
1229.984149	-2032.347378
1244.920665	-1982.303769
1247.571610	-2061.241843
1259.540936	-2033.694408
1259.010392	-1979.187816
1259.336238	-2081.133521
1262.098734	-2108.152976
1266.970925	-2091.770818
1270.548391	-1989.876178
1271.868460	-2071.854717
1279.020120	-1928.609211
1281.349720	-2001.132714
1283.681752	-1966.933598
1287.217197	-1988.421567
1286.838449	-2047.465282
1288.972904	-2002.238986
1291.863831	-2012.432988
1296.246833	-2075.692551
1112.410853	-2101.545153
1199.331393	-2012.023942
1225.886180	-2062.801952
1233.949191	-2085.810094
1271.949599	-2035.750465
1279.995857	-2012.710903
1288.430665	-1926.588331
1169.269641	-2093.954616
1174.700018	-2043.938621
1255.377159	-2088.641251
1264.622305	-2098.581570
1166.951166	-2023.304927
1186.536839	-1953.568859
1118.228716	-2028.911368
1136.185478	-1974.914523
1139.716780	-1999.349310
1162.650603	-1924.811028
1179.770580	-1930.842524
1218.376762	-1943.517778
1223.527034	-2007.626566
1226.497126	-1927.723955
1259.447269	-1960.954139
1299.096937	-1928.899484
1243.212457	-1953.340182
1113.941321	-1886.396915
1118.079049	-1893.390917
1181.025619	-1839.983178
1185.345593	-1894.784830
1189.354432	-1845.209853
1220.195135	-1868.510009
1220.823952	-1844.731462
1247.241616	-1842.482974
1253.841636	-1850.191586
1260.314439	-1819.595312
1269.818161	-1895.988814
1279.394211	-1820.548870
1281.697995	-1858.916877
1151.945708	-1798.715604
1181.278196	-1904.256388
1180.237986	-1812.103808
1198.624579	-1868.042867
1203.382998	-1820.233378
1238.236923	-1833.440916
1272.329698	-1841.723774
1234.957340	-1824.122451
1280.361844	-1811.528621
1287.903874	-1814.124582
1297.099939	-1824.913328
1120.880763	-1827.602781
1126.650556	-1825.168353
1133.880216	-1779.494008
1138.603364	-1869.036828
1142.521254	-1822.236817
1145.119414	-1804.801536
1156.359020	-1775.838988
1197.233069	-1829.485065
1201.723599	-1858.983879
1210.128159	-1817.023702
1226.389794	-1879.221466
1238.296836	-1817.276998
1236.962149	-1850.389006
1240.950128	-1895.774865
1245.160333	-1890.714363
1275.971716	-1880.565568
1311.238959	-1854.966668
1321.088326	-1839.046517
1349.336229	-1864.152730
1357.194807	-1816.612251
1357.316602	-1895.889789
1366.614394	-1822.482357
1368.229885	-1843.303095
1371.391837	-1899.514707
1375.066860	-1809.851696
1381.092950	-1833.846591
1384.122996	-1887.939733
1387.992596	-1817.061338
1388.548110	-1894.857347
1392.503374	-1900.850400
1413.907474	-1888.000971
1423.386970	-1861.925057
1423.668442	-1838.046322
1434.880042	-1867.780771
1442.205196	-1891.238624
1444.351525	-1822.079980
1450.202920	-1909.807984
1462.931899	-1883.926204
1464.822137	-1838.319594
1475.695678	-1877.421080
1475.622844	-1856.067262
1340.369816	-1905.684626
1378.692072	-1869.962706
1412.181362	-1819.366100
1444.232584	-1858.800576
1339.153554	-1869.830541
1423.141214	-1888.959186
1487.974771	-1901.548525
1488.524237	-1816.588253
1399.447918	-1902.642741
1351.030228	-1820.629299
1351.935153	-1907.077936
1390.800231	-1854.269397
1418.948609	-1814.132948
1457.795470	-1849.141819
1325.506636	-1982.737209
1322.719299	-1993.916489
1330.930363	-2052.964765
1332.452645	-2015.747054
1333.687114	-2095.028972
1336.815151	-2072.959953
1351.900132	-1943.519602
1365.777095	-2060.336213
1368.255750	-2088.902249
1376.924408	-2021.979640
1384.793188	-2029.368414
1390.492664	-1995.169427
1395.883461	-2066.983922
1398.057047	-1970.197056
1401.674647	-1995.533389
1403.155852	-2054.345949
1416.090237	-2035.706466
1422.626287	-2098.129430
1428.179743	-1998.205687
1430.084741	-1971.264898
1438.408318	-1934.960840
1444.003674	-1968.429128
1445.558945	-2022.273962
1448.539218	-2080.823595
1450.140964	-1998.216403
1455.822669	-1924.690428
1456.850148	-1990.138773
1460.190563	-2105.151482
1467.630381	-2032.481218
1469.661798	-2095.318416
1472.268292	-1948.927586
1474.135207	-2047.386378
1484.457728	-2054.690572
1493.988453	-1965.067592
1494.088448	-2069.231938
1499.581570	-2024.275395
1333.955290	-1958.662007
1337.418541	-2047.859617
1350.462104	-1982.230773
1351.585820	-1998.462604
1353.953195	-1928.739448
1372.848891	-1957.875086
1377.334297	-1951.750248
1386.928233	-1939.533635
1412.289404	-2088.442153
1420.001588	-1989.985384
1487.985406	-2000.945078
1496.234154	-2033.329734
1374.996607	-1925.154548
1343.552266	-1934.940928
1366.498919	-1969.646840
1474.147527	-1972.669521
1310.019344	-2294.258824
1311.892609	-2238.144834
1316.733163	-2156.830958
1318.943229	-2205.573207
1327.385531	-2171.910369
1330.720873	-2241.901790
1331.457529	-2186.286438
1335.254398	-2199.534566
1339.647371	-2239.739354
1341.903924	-2122.199645
1352.068282	-2205.880194
1349.329310	-2127.544629
1349.687528	-2214.666914
1351.423743	-2224.164529
1358.938078	-2251.486233
1361.146040	-2224.018851
1363.693559	-2184.981453
1371.686262	-2287.494798
1376.129889	-2169.380338
1378.871363	-2260.550550
1381.463004	-2207.637045
1386.444480	-2129.060196
1389.954294	-2216.351237
1390.664609	-2301.621480
1393.731588	-2246.810928
1397.649113	-2135.606657
1401.798081	-2300.135351
1409.546635	-2216.723506
1410.681863	-2287.110075
1412.102929	-2236.846718
1414.969785	-2278.174700
1421.105258	-2229.035351
1425.016747	-2275.228883
1429.158348	-2200.221904
1433.771244	-2284.216966
1432.934117	-2187.477130
1434.070746	-2125.627715
1440.804388	-2303.712865
1449.424067	-2244.323582
1453.028678	-2200.775562
1454.489718	-2128.759455
1459.452524	-2248.405134
1460.547725	-2220.535622
1461.169473	-2188.266438
1463.288463	-2292.332793
1472.582824	-2249.702046
1471.644825	-2154.832204
1489.833062	-2256.085932
1494.703245	-2139.576195
1314.848930	-2251.173987
1346.800541	-2163.527608
1364.578014	-2307.178153
1371.110379	-2231.976393
1370.553809	-2272.281015
1396.483517	-2273.597701
1398.814349	-2266.419832
1417.755197	-2260.861727
1433.364121	-2213.137636
1489.789024	-2304.286081
1341.058915	-2247.476316
1435.945883	-2153.175362
1438.711694	-2265.135739
1456.499871	-2257.416684
1352.072344	-2260.327763
1328.658748	-2265.801471
1317.487561	-2451.585270
1318.688931	-2369.962063
1326.279407	-2455.165206
1325.445829	-2495.828052
1328.995335	-2374.317309
1330.558140	-2411.026451
1334.845449	-2477.815728
1337.309900	-2346.927931
1338.983790	-2435.945561
1347.915992	-2352.404275
1356.602690	-2356.480583
1357.613644	-2330.969673
1365.386145	-2335.740869
1375.786879	-2346.239562
1378.940698	-2407.466665
1382.906500	-2385.981663
1388.455383	-2423.941962
1391.640872	-2447.233332
1395.816971	-2373.457163
1397.531308	-2351.479206
1400.600714	-2326.399492
1400.280940	-2385.601118
1403.029099	-2501.821904
1404.056974	-2334.435537
1410.349921	-2393.275189
1412.542073	-2473.729850
1413.039790	-2482.599906
1421.417072	-2406.090009
1421.959169	-2359.972637
1426.916813	-2423.290822
1429.056650	-2412.797911
1438.100145	-2503.299354
1434.337743	-2322.658183
1438.565948	-2415.239505
1444.272048	-2467.114810
1446.600278	-2337.577072
1447.776853	-2358.753396
1452.773782	-2414.142372
1454.963529	-2421.632451
1464.388220	-2418.113623
1468.587897	-2367.728083
1482.947822	-2485.175007
1486.953183	-2413.921329
1493.731025	-2453.263448
1493.132102	-2378.036939
1495.713329	-2423.065902
1496.961871	-2394.053485
1315.736174	-2445.689948
1326.926454	-2387.670548
1353.498683	-2373.763512
1355.465683	-2417.169905
1361.710977	-2426.650161
1363.536709	-2482.905953
1370.924371	-2360.797855
1378.542639	-2364.030096
1383.156948	-2398.836327
1422.500708	-2481.051819
1435.275748	-2408.004863
1465.182605	-2439.882865
1469.619093	-2336.364434
1477.103062	-2345.928436
1479.033608	-2443.536098
1321.838612	-2377.559400
1345.472351	-2400.484609
1463.719912	-2480.656338
1467.491117	-2489.532015
1493.888918	-2471.546484
1458.638689	-2460.808720
1336.435759	-2398.255595
1413.049288	-2339.205138
1311.579222	-2566.950002
1317.541327	-2632.837883
1318.194339	-2560.102796
1317.533369	-2691.050108
1321.921256	-2599.149823
1320.328926	-2538.768605
1329.137799	-2630.171816
1335.388663	-2574.244641
1333.465965	-2540.733991
1338.756488	-2596.867621
1342.572321	-2583.336878
1343.117310	-2543.986508
1355.744100	-2590.854859
1362.288326	-2559.968682
1374.318724	-2526.318430
1376.937744	-2624.684849
1381.741180	-2582.379987
1384.564267	-2660.426473
1391.442106	-2704.044782
1392.770352	-2645.311389
1398.010936	-2563.000525
1402.887687	-2677.212335
1410.604401	-2529.963010
1414.236930	-2644.569808
1413.230219	-2613.187528
1415.212588	-2686.095831
1430.391386	-2539.827583
1436.158680	-2689.797207
1438.220402	-2619.533505
1437.884031	-2565.041883
1441.145684	-2596.998688
1453.953367	-2546.282991
1449.559920	-2659.757222
1451.067120	-2677.135144
1450.667246	-2565.710583
1455.247333	-2527.009661
1455.908887	-2635.218568
1462.160987	-2569.461992
1458.633084	-2601.361573
1465.451358	-2642.145042
1478.286744	-2581.879227
1477.553475	-2616.361491
1486.411567	-2694.503411
1488.095742	-2637.915601
1488.906393	-2686.303354
1492.446090	-2648.534517
1494.513335	-2631.009831
1493.096417	-2533.975547
1315.283807	-2582.598032
1384.653575	-2533.962295
1387.869486	-2615.412536
1477.584524	-2551.577233
1479.938612	-2546.059297
1486.263412	-2668.033557
1330.570716	-2567.812915
1342.276848	-2594.973313
1388.818338	-2637.751887
1493.536844	-2610.898498
1322.426845	-2662.849418
1355.018805	-2686.907825
1428.628669	-2637.029842
1497.320552	-2663.524563
1309.769962	-2796.291579
1311.309051	-2861.058418
1317.023786	-2878.838765
1324.438617	-2722.361427
1340.991054	-2757.850654
1340.649570	-2822.362883
1352.022169	-2830.218756
1364.066081	-2828.994143
1368.759251	-2787.021693
1380.880443	-2839.656550
1383.299022	-2746.986940
1397.080911	-2874.826774
1397.309114	-2814.741357
1400.668399	-2761.178948
1409.342956	-2849.669241
1412.900699	-2792.153302
1416.335122	-2861.161527
1423.349989	-2881.890756
1424.513351	-2847.351764
1431.638944	-2837.487402
1435.221332	-2753.088653
1443.545971	-2899.113752
1458.781191	-2774.961520
1484.694298	-2877.902526
1489.465066	-2762.857410
1319.586013	-2842.049417
1342.921080	-2807.591673
1373.845207	-2743.813319
1395.683085	-2786.553836
1451.618114	-2812.169890
1473.952093	-2873.269675
1485.158747	-2855.931943
1401.466507	-2861.829674
1443.546501	-2881.447108
1485.282914	-2891.629424
1309.026174	-2843.519949
1404.104486	-2897.714296
1490.021060	-2809.428057
1476.173982	-2839.233244
1316.136690	-3089.414632
1347.614395	-3099.179381
1351.931647	-3081.638392
1353.144245	-3043.876914
1356.304743	-2990.391892
1361.507498	-3060.715181
1378.521834	-2924.971579
1385.696815	-3060.154779
1395.227077	-2921.042626
1392.700792	-3098.663539
1393.848482	-3016.100747
1404.963015	-2950.499112
1408.015534	-2989.633202
1413.837198	-3068.984743
1426.362306	-2944.058497
1430.535915	-3063.890450
1430.574732	-3071.323863
1435.786904	-3103.162298
1440.147911	-2926.267416
1458.079028	-3100.630519
1469.334273	-2926.055381
1468.813563	-3058.419539
1488.479047	-3049.798889
1336.294989	-2947.273292
1353.830785	-2929.394231
1393.617293	-3055.219511
1401.698793	-2957.420627
1403.282450	-3001.829897
1444.277116	-3015.403010
1451.411623	-3016.676702
1493.508128	-2929.898714
1367.634359	-2990.566551
1399.920708	-3082.527197
1405.695291	-2969.189755
1364.732941	-3034.448952
1458.732134	-2970.996367
1326.127900	-3191.383113
1332.619030	-3247.276330
1348.877395	-3156.600360
1353.030764	-3131.047317
1370.452348	-3279.994331
1375.352168	-3141.549297
1375.676085	-3261.741602
1389.938567	-3140.266439
1396.993029	-3177.007678
1398.270573	-3258.044329
1403.824614	-3292.801762
1404.777553	-3215.669938
1405.017122	-3229.077190
1407.492576	-3207.564839
1421.875036	-3236.747601
1427.531429	-3163.612551
1432.556583	-3227.442298
1437.304302	-3284.918003
1443.543887	-3255.229106
1445.503196	-3303.943539
1440.937071	-3178.065606
1444.050747	-3142.286325
1448.705668	-3270.158942
1452.018591	-3215.849588
1454.526969	-3194.962484
1453.104099	-3233.066555
1459.339454	-3271.699908
1462.219027	-3140.196882
1466.750183	-3150.492046
1471.566115	-3221.402766
1474.953488	-3203.820594
1485.299460	-3137.270120
1485.258355	-3278.687749
1486.643485	-3227.429584
1331.157661	-3303.910272
1424.795137	-3135.358448
1455.509083	-3297.205262
1321.711160	-3242.786519
1432.060153	-3303.055265
1453.197074	-3246.205850
1459.018265	-3252.364662
1490.557310	-3211.396952
1486.936584	-3181.578274
1320.551088	-3324.160114
1340.164596	-3399.953787
1370.412947	-3361.036584
1376.793541	-3501.446064
1389.512774	-3387.293456
1393.644181	-3450.485275
1413.228936	-3468.679416
1419.985632	-3409.395115
1440.092064	-3343.224109
1447.565225	-3384.873912
1474.521015	-3328.250273
1486.666055	-3444.034334
1500.259125	-3333.009903
1447.117543	-3500.016217
1483.455149	-3427.290489
1345.399206	-3333.141592
1512.579818	-3385.456307
1531.685890	-3382.783232
1533.812690	-3427.571893
1535.794618	-3387.807162
1547.756798	-3424.271002
1548.579969	-3384.526622
1556.431117	-3506.088562
1564.340316	-3476.462911
1611.762667	-3331.317080
1616.267964	-3362.013213
1624.997191	-3346.867246
1635.800727	-3364.562801
1636.105047	-3407.193279
1645.037563	-3328.499656
1651.867129	-3337.974917
1660.829233	-3384.017757
1669.372421	-3345.310539
1672.757250	-3367.480792
1680.438623	-3427.286274
1691.476461	-3465.462325
1688.295267	-3447.632536
1695.091474	-3327.350268
1698.138916	-3478.569335
1532.383641	-3339.619732
1621.891782	-3334.830737
1548.701672	-3452.868744
1564.984329	-3501.865550
1570.855746	-3337.077958
1525.236594	-3155.925506
1528.426198	-3172.505574
1536.056395	-3135.282114
1543.164559	-3231.659775
1552.083404	-3272.548473
1569.896769	-3220.693410
1581.267104	-3201.462502
1581.048722	-3141.859833
1590.430260	-3275.360904
1604.385801	-3243.046841
1614.021775	-3223.797600
1624.251515	-3167.773129
1627.180595	-3121.735429
1631.548618	-3194.386274
1651.974335	-3123.615131
1653.252029	-3173.658581
1656.602075	-3285.733232
1665.334302	-3219.331621
1666.688003	-3249.526258
1670.922046	-3192.102376
1690.616041	-3251.405923
1694.956971	-3136.828757
1694.609652	-3151.977255
1537.109263	-3243.846130
1634.416963	-3280.040320
1666.765025	-3150.958892
1688.991942	-3194.163676
1516.993379	-3250.527903
1571.175434	-3306.055214
1633.886198	-3288.168772
1643.187770	-3235.355511
1650.384626	-3222.317364
1516.937530	-3023.059512
1529.570742	-3017.171744
1532.427477	-3051.439794
1532.151507	-2970.472812
1535.650920	-3092.232283
1543.043002	-2961.912028
1544.313033	-3030.519954
1548.163285	-2935.925861
1546.474048	-3047.120568
1555.592333	-3036.235940
1565.371545	-2994.096268
1573.624997	-3004.488789
1579.496477	-2980.847644
1603.160432	-2934.430900
1602.841540	-3072.786943
1612.350346	-2963.967128
1612.947973	-3104.761823
1622.600379	-2989.190932
1630.960156	-3071.367222
1629.145606	-3090.486715
1639.454814	-2965.065505
1640.843255	-3064.981742
1652.991677	-2930.758670
1655.729732	-3054.759240
1658.082243	-2950.421331
1661.026398	-3067.336376
1658.734177	-3012.936511
1665.913741	-3086.930037
1669.100695	-2940.092059
1668.138197	-3037.530280
1672.181325	-2924.473672
1670.912283	-2962.651968
1689.345907	-3001.425902
1694.755264	-2930.209911
1693.635493	-2971.724514
1699.389818	-3058.299026
1550.715982	-3019.027337
1588.924128	-2969.698930
1600.220705	-3005.838970
1621.608531	-3050.900132
1542.056830	-3077.200311
1557.608028	-3103.424461
1625.170059	-3059.853681
1638.728371	-2989.951287
1674.756286	-2943.815041
1677.591188	-2991.572640
1602.896773	-2970.289816
1572.646842	-3023.003929
1518.528317	-2761.411274
1521.023366	-2842.658561
1519.351063	-2741.539241
1527.246072	-2876.800847
1534.060337	-2838.671673
1542.808200	-2783.678411
1549.937011	-2739.865298
1550.953301	-2774.177394
1553.176447	-2729.720717
1556.015601	-2823.100288
1549.750804	-2805.156224
1564.363735	-2727.662875
1567.913682	-2742.801276
1569.821110	-2758.273283
1572.294527	-2842.767189
1576.551090	-2855.037143
1592.984951	-2797.789452
1597.862284	-2890.659260
1598.102227	-2794.013130
1599.925670	-2726.064583
1599.796041	-2818.425397
1607.665353	-2841.099212
1606.597395	-2830.259918
1610.480797	-2769.290103
1621.733868	-2890.281274
1612.962667	-2745.686277
1623.938447	-2780.682554
1625.538563	-2869.903278
1628.609816	-2734.548377
1642.715538	-2753.289378
1646.279452	-2826.551219
1645.855495	-2856.960429
1663.655386	-2829.394779
1661.286168	-2782.721887
1665.978908	-2809.456727
1668.220091	-2880.917356
1666.533686	-2858.792829
1672.700861	-2722.398855
1673.014650	-2821.649893
1678.787004	-2888.390720
1677.632879	-2909.563733
1679.772296	-2735.435473
1682.376376	-2799.677670
1683.946689	-2864.204809
1684.977603	-2776.802223
1688.651561	-2737.518453
1692.172221	-2831.266758
1539.034854	-2743.798108
1578.691098	-2883.307421
1640.399482	-2904.251636
1643.038781	-2805.833518
1649.302835	-2760.745456
1665.951696	-2745.436422
1695.236575	-2854.650254
1512.788542	-2806.175026
1542.778571	-2898.419413
1558.090190	-2783.228837
1572.116251	-2807.026179
1604.570648	-2770.411721
1669.645594	-2788.520999
1668.403908	-2763.555357
1686.856650	-2846.630704
1617.715196	-2811.534897
1513.146846	-2678.585802
1516.636996	-2570.871650
1516.663200	-2626.348316
1517.818105	-2647.913482
1517.112386	-2525.734268
1516.922728	-2546.607689
1521.999926	-2677.812584
1525.323376	-2661.846671
1530.508987	-2592.921654
1535.086495	-2693.912943
1533.908765	-2614.579954
1539.192961	-2540.035372
1542.176994	-2670.281800
1541.850025	-2617.259302
1546.289786	-2704.305921
1545.640572	-2562.085223
1546.001536	-2651.309495
1547.503133	-2540.874700
1554.147178	-2543.177895
1558.377387	-2636.430011
1556.346189	-2693.334063
1560.827770	-2674.227409
1565.170787	-2572.813858
1570.271844	-2607.790076
1576.868985	-2625.717262
1580.051064	-2533.571892
1579.782502	-2683.794104
1586.689600	-2621.209578
1589.680722	-2669.551961
1594.412807	-2662.764793
1602.589970	-2584.805059
1608.658711	-2533.791871
1608.557734	-2697.834583
1612.926023	-2662.586127
1613.999372	-2559.122971
1619.702037	-2674.837324
1624.351196	-2575.397362
1628.059663	-2688.103775
1630.193319	-2621.047699
1634.802792	-2662.562857
1640.791256	-2671.484176
1647.463641	-2548.813957
1654.759861	-2695.958128
1655.973223	-2632.841683
1655.319518	-2568.004325
1659.714286	-2681.124824
1662.126914	-2541.936386
1664.650014	-2697.619988
1666.799345	-2578.459768
1677.259053	-2533.957587
1687.095646	-2556.905631
1689.890818	-2535.365853
1519.953650	-2610.165961
1604.475180	-2639.362734
1615.805227	-2592.939152
1628.576142	-2640.786605
1658.397007	-2657.229262
1552.055610	-2582.061351
1558.685588	-2550.907773
1564.955625	-2598.593519
1611.202920	-2645.115229
1676.377531	-2589.190942
1658.616502	-2557.435272
1668.218588	-2555.717454
1690.479032	-2666.846668
1512.296120	-2370.510423
1522.138444	-2372.480084
1528.391589	-2392.103396
1524.956001	-2386.197683
1529.644154	-2441.107984
1530.349957	-2423.903923
1537.039546	-2321.912258
1535.358719	-2503.336147
1552.225635	-2359.851713
1561.693158	-2439.066719
1564.481792	-2493.599873
1567.410645	-2449.121717
1568.070000	-2420.351461
1581.637615	-2348.465569
1585.205430	-2474.684925
1588.425462	-2341.839253
1592.520818	-2323.488583
1596.664851	-2455.090397
1597.818768	-2422.560039
1597.909058	-2321.325581
1601.708246	-2348.729989
1601.088791	-2407.327585
1606.330180	-2367.614988
1611.435438	-2389.515516
1615.834642	-2405.608753
1615.382013	-2473.418969
1623.895539	-2485.568699
1628.841042	-2422.639085
1632.649255	-2349.530254
1636.358248	-2394.266027
1639.954117	-2487.929967
1645.716463	-2445.500346
1647.316542	-2421.047772
1650.986484	-2360.839701
1658.318205	-2344.327590
1666.627905	-2448.964676
1674.490956	-2364.118008
1668.436973	-2388.594174
1667.606370	-2480.646274
1672.282116	-2347.444111
1671.632691	-2480.100689
1691.811355	-2457.404756
1692.776223	-2345.179810
1698.435508	-2370.783874
1699.408868	-2438.223425
1511.412303	-2450.341885
1511.874186	-2377.338074
1531.498050	-2402.259037
1537.603002	-2365.328151
1600.919165	-2481.347458
1616.825953	-2340.826539
1653.829987	-2377.719877
1658.015424	-2482.893417
1659.637410	-2406.950224
1671.269389	-2428.208863
1680.819635	-2443.690156
1683.971470	-2376.509192
1689.758475	-2494.496859
1625.950095	-2473.603997
1533.692555	-2421.991262
1612.302112	-2364.537556
1670.453433	-2504.866017
1694.934022	-2466.930550
1512.457519	-2231.947156
1512.573014	-2136.630994
1514.547540	-2269.996063
1515.210363	-2120.306596
1531.634954	-2237.549596
1546.098221	-2294.013037
1554.334924	-2286.889853
1562.734774	-2198.252307
1577.019186	-2208.561486
1575.714825	-2262.240991
1589.905049	-2255.389329
1590.845428	-2185.114595
1592.582518	-2176.406616
1599.839855	-2138.947005
1605.490367	-2154.608268
1606.403397	-2305.455237
1613.872288	-2254.260316
1609.107198	-2188.721398
1621.987466	-2191.632321
1632.938794	-2292.088331
1630.499431	-2157.538706
1638.006482	-2304.664198
1639.926384	-2276.428335
1641.757964	-2227.233697
1643.628889	-2212.821044
1649.059018	-2158.840596
1649.251042	-2261.839109
1646.229113	-2129.300987
1657.069816	-2165.992680
1662.468505	-2257.708607
1679.135449	-2137.783548
1669.456984	-2289.309526
1670.551729	-2253.988605
1676.290486	-2180.854617
1685.344531	-2181.501514
1687.748126	-2160.279485
1686.916577	-2263.969972
1691.849478	-2308.451980
1694.842990	-2135.352801
1690.510865	-2289.737268
1695.365331	-2172.421644
1518.480341	-2303.445404
1535.076370	-2300.566391
1548.826429	-2278.424040
1557.065117	-2222.480579
1562.664547	-2174.875790
1567.679731	-2122.356974
1599.813885	-2130.504489
1605.619289	-2290.935742
1625.512690	-2305.063277
1635.684486	-2198.696235
1605.612729	-2212.335664
1626.990439	-2263.156347
1630.859911	-2141.944457
1635.949792	-2272.262381
1694.911183	-2269.614255
1540.317528	-2287.963983
1694.719538	-2235.520071
1516.539306	-1943.367408
1537.062643	-2035.142585
1535.975168	-2046.852547
1539.357439	-1989.972161
1544.963127	-1953.612102
1548.346650	-2072.331156
1549.087099	-1986.895614
1556.146228	-2050.486052
1558.850713	-2080.219730
1563.204311	-1977.542625
1577.953068	-2079.717459
1579.666274	-2053.987079
1577.932305	-1942.666079
1577.793958	-1961.273941
1586.755940	-1998.862963
1587.715101	-2077.713696
1589.757802	-2050.754485
1590.434996	-1979.632405
1592.341788	-1951.044678
1592.512136	-2071.377699
1598.941529	-1962.658663
1598.993745	-2110.721600
1611.913562	-1950.367647
1610.954771	-2069.512450
1620.004586	-1989.341738
1628.425530	-2066.897989
1628.235115	-1971.096442
1630.478357	-2025.522139
1636.255979	-1992.860436
1638.577186	-1930.607122
1647.802122	-2027.214088
1649.031141	-1939.808924
1651.771699	-1929.105893
1664.618897	-2093.908387
1674.970301	-1934.586455
1675.332236	-1959.559398
1594.268157	-2088.533235
1605.178008	-1986.215918
1521.325657	-1963.645656
1623.577349	-2023.210314
1617.598205	-1951.018439
1520.740230	-1887.765409
1524.889245	-1818.403046
1530.155798	-1873.905847
1530.858888	-1864.978398
1561.610161	-1832.930858
1566.821267	-1805.442278
1626.842633	-1811.911183
1641.697592	-1832.925240
1650.606931	-1808.900855
1678.849631	-1817.232083
1683.340591	-1803.287723
1680.539743	-1822.608807
1685.285989	-1885.784604
1537.287734	-1899.734891
1550.220059	-1896.470467
1571.214898	-1884.094454
1576.090544	-1858.414610
1581.895253	-1864.292463
1630.977637	-1861.848735
1666.300887	-1883.088161
1632.796294	-1888.852316
1722.176013	-1893.713171
1725.768837	-1818.072494
1721.466418	-1799.060788
1721.526315	-1847.000994
1724.115557	-1899.439769
1731.757779	-1871.620070
1744.594383	-1905.303434
1767.608060	-1809.539936
1795.901955	-1854.244170
1800.792997	-1869.555876
1807.066640	-1826.402797
1860.926646	-1900.865260
1866.151370	-1867.506573
1872.121591	-1828.665240
1879.202972	-1860.747479
1882.484974	-1888.529917
1891.548567	-1883.049216
1899.515893	-1880.234547
1717.731705	-1854.750124
1729.672956	-1878.236117
1742.951467	-1839.181353
1761.350822	-1827.187637
1793.560536	-1838.478408
1808.358063	-1839.407340
1889.717637	-1891.387262
1775.448204	-1846.225343
1868.798639	-1886.230001
1876.758184	-1886.437582
1774.386660	-1802.312136
1886.738227	-1882.795004
1711.784173	-1940.167116
1716.874107	-1974.780488
1723.451652	-2067.456800
1722.688600	-2047.992423
1729.519845	-1930.077841
1741.540730	-2079.443967
1754.340772	-2070.743186
1757.222136	-2019.429230
1766.215379	-2047.089273
1770.899902	-2091.826303
1775.041640	-1953.085001
1775.426819	-2107.407689
1780.757489	-2025.150042
1797.416276	-2037.528785
1804.948989	-2105.049810
1808.121600	-2014.423052
1813.313390	-2055.378434
1820.576857	-2041.581618
1822.426470	-2021.518182
1822.439008	-1973.673620
1823.376683	-2094.657261
1825.780671	-2045.746065
1831.815562	-2007.223473
1832.268671	-1941.766035
1841.808801	-1940.575459
1839.101583	-1971.905415
1841.027247	-1947.701115
1846.161933	-2030.043352
1849.980747	-1942.728125
1847.726747	-1974.375927
1851.074430	-1930.239372
1851.493233	-2012.782284
1853.718154	-2032.048122
1858.999840	-1973.347766
1864.963743	-2020.778100
1863.408268	-2079.393857
1866.839428	-1964.358754
1870.319139	-1950.837853
1871.608614	-2038.163946
1878.406303	-1952.744608
1879.519284	-2065.046626
1885.042059	-1959.212260
1885.371992	-1998.995541
1889.883251	-2019.397670
1713.078189	-2006.801136
1740.931229	-2004.619215
1794.521136	-2073.066298
1811.989548	-2029.796297
1815.708019	-1972.767254
1821.603491	-1958.354129
1828.883538	-2082.783415
1828.560965	-1955.310755
1836.420955	-2093.281254
1857.519106	-2020.137809
1873.246630	-2100.303295
1889.763135	-1966.429387
1891.449480	-2106.646657
1895.219555	-1960.577648
1812.196338	-2037.854068
1843.220298	-2013.970091
1850.861094	-2002.537593
1840.262588	-1981.864444
1716.161271	-2301.566136
1730.580486	-2168.394421
1741.649392	-2254.166252
1749.978461	-2142.876364
1759.316182	-2253.772496
1753.325006	-2124.561896
1754.258063	-2148.893420
1753.665497	-2288.229537
1761.739323	-2175.046615
1772.242362	-2192.800385
1779.685656	-2150.372744
1790.055051	-2262.215167
1795.645964	-2126.956360
1798.883086	-2151.993594
1803.743312	-2142.017088
1805.934037	-2307.597492
1828.495776	-2258.950426
1847.369414	-2267.623214
1853.948248	-2281.410422
1860.856748	-2165.109242
1863.914886	-2128.203668
1867.360930	-2287.972100
1871.248599	-2199.862465
1879.431253	-2126.677110
1880.753872	-2257.768259
1880.829961	-2302.551117
1744.293291	-2293.287152
1774.052073	-2278.792637
1820.260252	-2254.320998
1835.971566	-2256.565424
1847.055026	-2217.918859
1717.745104	-2482.491536
1719.773198	-2350.296601
1733.300406	-2503.371730
1734.018453	-2479.889352
1734.187942	-2338.269034
1735.175615	-2448.416517
1738.047744	-2347.226196
1737.589724	-2432.443554
1747.231150	-2349.354546
1752.120887	-2481.515210
1751.149646	-2470.568260
1763.851959	-2431.620808
1761.365784	-2502.430838
1759.822590	-2404.749423
1761.908179	-2443.855357
1764.772828	-2415.056853
1772.571231	-2456.714675
1773.796686	-2370.416506
1776.214170	-2321.122346
1782.100613	-2368.343210
1784.859711	-2409.426532
1792.035871	-2366.917301
1792.467519	-2460.023712
1794.107638	-2385.772592
1813.559728	-2409.923172
1811.042790	-2496.362369
1812.243559	-2438.202988
1813.266216	-2377.879019
1830.022288	-2460.041231
1834.429531	-2426.871389
1834.468529	-2375.345799
1844.647843	-2420.953987
1848.282586	-2497.533186
1866.573487	-2411.479717
1886.305238	-2343.246177
1893.325580	-2483.532955
1736.630702	-2366.371747
1759.999422	-2489.576909
1768.736003	-2346.764526
1827.269878	-2478.401120
1841.437958	-2501.981829
1875.912958	-2499.260942
1727.615301	-2488.092567
1864.461641	-2448.393563
1898.654441	-2479.323394
1716.537535	-2547.754338
1721.289623	-2590.640492
1734.351977	-2649.015715
1734.982892	-2616.893793
1740.025849	-2545.496005
1746.005195	-2682.594046
1748.105731	-2547.049247
1761.504754	-2654.314524
1766.457094	-2627.279110
1774.182037	-2637.854905
1773.054750	-2590.616948
1779.908900	-2525.950996
1789.622164	-2564.999739
1800.949864	-2693.477554
1805.617801	-2552.724651
1817.095458	-2670.270505
1814.766460	-2583.056402
1818.790531	-2677.792216
1832.895663	-2697.768395
1832.982885	-2653.059477
1838.773131	-2520.068550
1843.450013	-2574.308375
1850.119546	-2644.462430
1856.527926	-2605.964940
1854.940457	-2654.334853
1874.652335	-2647.288296
1877.974813	-2570.830478
1882.161021	-2577.570527
1896.792004	-2531.060415
1735.498345	-2696.767719
1762.937560	-2621.291596
1783.933898	-2676.763843
1799.761729	-2701.456479
1812.040204	-2530.747735
1856.306591	-2627.202751
1879.290256	-2684.660632
1722.985564	-2660.288179
1774.697995	-2656.585082
1872.314805	-2689.133675
1873.055285	-2595.489651
1737.334410	-2628.354018
1885.792376	-2660.304541
1890.274847	-2666.270253
1718.391053	-2618.249757
1730.838937	-2741.936110
1744.884856	-2750.331033
1744.270483	-2812.414845
1748.234240	-2902.711010
1751.094151	-2791.281089
1764.970611	-2783.151735
1762.839037	-2767.610237
1767.830372	-2834.041387
1781.509161	-2750.468542
1785.197704	-2786.239839
1796.590599	-2847.956362
1797.364409	-2723.895591
1800.582587	-2750.712414
1803.943035	-2873.928079
1809.419642	-2755.511445
1821.983680	-2840.989360
1822.910691	-2744.715911
1835.208231	-2889.077266
1832.707744	-2791.386761
1838.299411	-2838.576284
1842.613516	-2908.275018
1845.792976	-2752.551070
1845.237362	-2892.399271
1847.469713	-2765.393525
1854.426204	-2826.570691
1854.571650	-2845.056912
1859.820376	-2769.693031
1857.376974	-2806.531716
1863.168826	-2789.863504
1863.249731	-2847.168006
1875.355827	-2858.739380
1887.075426	-2875.814734
1891.699765	-2796.041535
1893.781073	-2724.581179
1898.780317	-2839.042794
1715.662086	-2764.869889
1722.138227	-2734.912670
1737.493227	-2878.090431
1740.577672	-2770.666286
1760.252189	-2752.604139
1774.256413	-2734.112754
1781.137787	-2727.973322
1806.494028	-2771.867930
1816.471021	-2862.661319
1847.223023	-2799.439616
1873.343591	-2887.901118
1886.273841	-2741.250092
1887.556744	-2760.139026
1779.807102	-2840.158604
1815.170547	-2896.671172
1821.711875	-2865.083649
1740.409782	-2729.207854
1844.562244	-2864.441812
1870.426251	-2872.502314
1887.547191	-2836.239187
1711.411104	-2983.384523
1714.309886	-3054.007004
1714.602935	-3092.478811
1720.514118	-2965.968024
1723.230089	-3034.675700
1741.334284	-2985.957391
1743.089881	-2930.002316
1748.680538	-2943.530293
1754.262676	-2958.054567
1754.710858	-3018.045648
1748.407966	-3099.366509
1756.082225	-2997.858495
1773.638544	-2949.769213
1781.328213	-3028.309423
1778.770137	-3069.257515
1784.963033	-2943.627212
1790.497214	-2924.229567
1788.184211	-3007.282447
1792.284118	-2996.483743
1797.333900	-2981.731532
1796.356544	-2950.657382
1798.726429	-2967.039001
1798.289624	-3003.202831
1790.618966	-3101.047373
1799.337056	-3047.097430
1799.191583	-3031.231851
1814.563660	-3107.004613
1814.496103	-2995.184624
1817.204643	-2938.070084
1821.996283	-3090.335152
1825.008279	-3006.856505
1825.803846	-3019.735504
1827.280007	-2949.055571
1833.199375	-2969.800534
1839.320589	-2952.756776
1840.426833	-2935.471666
1845.354259	-3071.474438
1844.700084	-3054.253162
1848.963047	-3085.580093
1858.198454	-2949.573108
1858.481750	-3035.369548
1858.077523	-2932.286880
1868.626124	-3075.091622
1865.344233	-3101.264036
1870.734697	-3002.785101
1880.294899	-3055.483163
1887.245966	-2922.399941
1887.075869	-3035.107422
1887.822721	-3087.689603
1890.669307	-3002.071561
1889.181896	-2976.425919
1894.356321	-3053.626185
1894.281475	-2986.696123
1724.539121	-3002.326290
1772.867920	-2977.303293
1791.443030	-2973.427377
1794.248555	-3077.701282
1825.903317	-2966.518707
1825.960200	-2962.098147
1881.841920	-2932.864602
1736.936367	-3056.219719
1811.191381	-2979.931331
1831.181498	-3022.856169
1830.300336	-3094.420764
1846.486300	-3027.113233
1854.482467	-3026.486965
1773.975627	-2983.613737
1716.485756	-2923.566049
1824.855036	-2973.649481
1827.340247	-2979.921330
1862.541899	-3057.834050
1720.615726	-3130.669824
1722.878253	-3161.910521
1723.414358	-3152.654999
1724.501632	-3202.050042
1731.410640	-3140.697379
1736.667180	-3135.838081
1738.264118	-3167.940335
1740.150238	-3154.320383
1741.021675	-3302.738833
1741.502632	-3185.385704
1750.926370	-3228.056201
1753.726098	-3256.090801
1757.692181	-3208.890483
1762.935527	-3201.610984
1760.765718	-3157.087793
1769.066779	-3172.873944
1785.786909	-3156.091239
1787.834673	-3250.767163
1788.210008	-3147.924275
1792.595563	-3276.412442
1794.079406	-3182.277090
1797.795043	-3136.705318
1802.501073	-3238.187210
1806.609776	-3298.560962
1807.924642	-3146.799955
1809.098516	-3172.170261
1823.271653	-3293.389880
1823.414059	-3250.300803
1825.384565	-3122.608485
1825.280515	-3203.331560
1834.210777	-3166.137949
1835.872479	-3219.058467
1835.112195	-3250.656489
1839.731333	-3276.232580
1841.872135	-3192.060809
1844.496634	-3140.725225
1842.325615	-3239.516594
1851.261312	-3260.000994
1851.165921	-3165.117558
1858.737091	-3169.395625
1858.133192	-3222.131988
1871.001433	-3133.237774
1873.331497	-3175.951691
1871.073164	-3247.025036
1874.377744	-3305.336862
1876.143606	-3147.637640
1888.136697	-3206.579572
1883.548671	-3190.796679
1882.689490	-3274.334953
1881.425023	-3305.885100
1884.659521	-3261.771965
1764.789386	-3194.561434
1819.430552	-3152.019540
1833.558789	-3153.244953
1786.037721	-3228.310520
1858.577843	-3123.003023
1884.367649	-3150.629676
1773.712624	-3268.578473
1711.729656	-3456.496187
1710.906176	-3352.214381
1716.565680	-3370.430083
1725.308365	-3385.297944
1730.509882	-3393.801257
1737.724397	-3389.430635
1739.524354	-3334.043136
1755.687403	-3373.141772
1761.847153	-3402.951018
1772.613464	-3399.543528
1785.863736	-3325.575945
1822.573717	-3354.830326
1828.386687	-3361.062950
1829.000664	-3421.587968
1846.797916	-3405.816527
1849.127798	-3394.249644
1852.091621	-3423.145280
1870.385011	-3324.794796
1871.736943	-3421.539503
1871.870713	-3346.342305
1735.325256	-3353.228191
1930.523604	-3367.008043
1956.074078	-3355.493587
1976.360426	-3348.535477
1982.725822	-3350.200068
1996.262576	-3360.008056
1924.098561	-3330.649459
2000.315074	-3349.395754
1967.018907	-3400.418456
1915.304958	-3189.085040
1922.669847	-3157.016095
1929.925799	-3205.164398
1946.557875	-3249.649814
1945.340058	-3258.838138
1948.319214	-3139.049058
1947.675026	-3300.581440
1956.365694	-3296.435814
1955.847702	-3227.666838
1957.022458	-3213.685176
1973.397889	-3142.921036
1971.647946	-3162.852455
1984.895669	-3166.771504
1987.490345	-3239.522201
1987.669947	-3196.269565
1990.154186	-3258.893064
1993.645249	-3218.964213
2002.359481	-3182.909912
2009.986287	-3196.676669
2018.231562	-3169.238462
2022.647539	-3214.150703
2027.531991	-3150.104255
2029.429541	-3135.498814
1935.571292	-3271.139643
1947.551397	-3203.812804
1947.578268	-3270.448309
1955.032133	-3204.160165
1962.071840	-3163.868050
2025.567992	-3195.095834
2030.399062	-3179.422761
2032.159962	-3192.497978
1980.560082	-3126.777218
1981.502871	-3178.566881
1925.640101	-3305.994583
2028.694910	-3161.038304
2029.137232	-3169.544412
1911.664911	-3101.380392
1912.383324	-3010.694951
1915.591097	-3003.822693
1916.918517	-3083.960957
1916.732546	-3062.805920
1921.224055	-3027.319958
1932.044227	-2931.920999
1933.112798	-3096.812839
1937.537767	-3019.777054
1937.348129	-3039.487924
1942.677543	-2976.855553
1945.734314	-2992.929168
1948.584685	-3052.298825
1951.803927	-2944.373956
1956.892701	-2955.430284
1957.838965	-3030.801702
1965.755185	-3076.681772
1975.400724	-2931.464667
1980.246570	-3051.949577
1981.963417	-2946.036759
1982.587700	-3028.606916
1987.423326	-2990.466833
1995.205288	-2925.604490
1995.293823	-3067.927138
1995.394191	-3039.492221
1999.994797	-2958.824361
1997.757581	-3005.875535
2008.024316	-2978.867808
2011.602054	-2992.636130
2024.802046	-3013.966478
2024.249595	-3050.284383
2024.923364	-2936.152193
2026.259868	-2979.580082
2025.853878	-2954.599303
2023.064317	-2986.076185
2026.019286	-3059.250063
2025.310933	-2948.242272
2025.460353	-2966.679247
2026.329918	-3002.926447
2028.909929	-2992.728190
2025.973485	-3040.459448
2028.341915	-3070.113355
2029.410885	-3099.377911
2028.387013	-3075.902546
2029.805588	-3084.091927
2071.838131	-2939.594396
2073.733974	-2956.731262
2081.421676	-2987.841398
2081.767514	-2973.157616
2077.705897	-2965.056036
2080.905725	-2959.460790
2086.433900	-2985.511973
2087.617573	-3007.701288
2090.437294	-3018.538710
2092.955509	-3026.195516
2095.291807	-3080.236993
2097.365476	-3089.104506
2097.470329	-3107.784282
2098.055818	-3099.052398
2101.091778	-3037.081295
1928.289113	-2969.645951
1931.325668	-2999.765371
1958.247822	-3042.020523
1965.721461	-3089.594477
1980.170553	-2956.092967
1984.961104	-3082.579627
1986.368097	-3094.426373
2000.740946	-3019.001408
2084.391818	-2930.199413
2091.904584	-3060.266798
2093.816130	-3043.196694
1970.643572	-2978.902858
2025.515759	-3025.986105
1918.119033	-2980.664434
2092.982456	-2946.798467
1911.313264	-2808.828815
1921.651788	-2849.258278
1932.369979	-2833.459002
1929.737408	-2905.827440
1931.715468	-2866.464341
1936.216361	-2752.248341
1935.379135	-2784.636912
1936.276381	-2852.871761
1948.514435	-2796.453831
1946.150250	-2738.489246
1954.910683	-2825.480834
1956.920022	-2880.644759
1962.153016	-2889.886655
1964.293369	-2741.554798
1972.901845	-2835.079620
1971.256395	-2907.479993
1981.397519	-2796.402040
1975.953441	-2774.917132
1985.513419	-2740.119529
1986.449826	-2806.659763
1994.977722	-2891.871827
1994.508983	-2851.048040
1995.090797	-2863.928267
2008.514161	-2739.431680
2011.490758	-2749.234953
2015.142929	-2853.788211
2016.176905	-2826.938832
2016.731987	-2875.148117
2017.326458	-2897.201287
2017.413861	-2847.079091
2017.128843	-2838.249940
2016.654501	-2772.038732
2028.533599	-2765.184645
2034.858088	-2767.424951
2030.361280	-2771.352389
2037.891289	-2778.860163
2040.561112	-2790.441865
2045.361868	-2807.307743
2050.947530	-2841.884080
2050.167883	-2824.760278
2052.448957	-2853.598588
2054.515261	-2730.807637
2056.097484	-2865.903073
2060.786402	-2891.800644
2062.992128	-2778.182032
2068.457663	-2738.921762
2079.797405	-2760.268737
2083.947360	-2866.334547
2086.700382	-2783.559368
2086.749993	-2815.788463
1928.011847	-2805.502550
1994.403924	-2835.842973
2014.401604	-2884.777515
2015.814643	-2890.322586
2020.250955	-2806.345205
2019.354441	-2796.136125
2018.632039	-2818.800161
2022.422028	-2826.788786
2081.244196	-2889.311424
2087.781692	-2799.584488
2088.894401	-2808.233233
1976.538508	-2879.789873
2028.438226	-2747.993548
2031.952895	-2737.941416
2030.657720	-2728.399376
2073.001267	-2789.045776
2015.849795	-2863.002128
2020.827696	-2905.267037
1951.873399	-2745.614391
1955.006532	-2726.888232
2073.233631	-2752.092948
2061.507945	-2901.402320
2063.791056	-2908.674107
1924.144555	-2604.097034
1927.800618	-2622.493206
1937.341327	-2697.253290
1939.644040	-2660.308150
1943.240837	-2584.374180
1944.146692	-2687.204831
1952.678128	-2614.735989
1953.281904	-2687.586919
1954.239737	-2640.185459
1964.896637	-2706.683300
1972.531195	-2603.518018
1972.528865	-2652.218492
1981.155933	-2598.378977
1986.853784	-2544.562286
1989.674192	-2534.296734
1990.436178	-2524.850448
1995.016602	-2568.181894
1995.438767	-2604.926560
1998.367265	-2613.667418
1997.316328	-2594.037985
1998.932181	-2550.192172
2000.077458	-2585.322196
2003.980986	-2660.095854
2005.311864	-2704.455075
2006.437244	-2676.606207
2008.732253	-2531.396902
2014.584791	-2539.447422
2011.837914	-2543.052147
2013.452339	-2561.800140
2014.454766	-2620.094417
2015.854118	-2588.638330
2018.016942	-2614.209795
2024.353886	-2674.974993
2024.232216	-2691.449490
2026.289635	-2577.369923
2025.687797	-2668.627408
2051.205608	-2592.161232
2065.087110	-2642.448590
2061.859435	-2636.737776
2064.129563	-2569.509295
2065.122164	-2611.655950
2068.805537	-2690.242585
2071.404213	-2707.090567
2085.873000	-2573.249079
2090.406783	-2708.570752
1941.353483	-2672.536600
1988.765702	-2685.515860
1991.177080	-2677.325510
2017.934653	-2647.377236
2021.658406	-2662.246849
1922.620727	-2530.469159
2025.574615	-2703.190928
2027.477402	-2709.433484
2093.007446	-2592.867272
2096.602308	-2587.719886
2059.484161	-2696.722121
2002.836493	-2642.969477
1922.694275	-2362.563625
1924.014041	-2380.973718
1931.289739	-2387.624235
1941.360188	-2437.716750
1942.375062	-2372.038372
1944.501749	-2406.918213
1953.256000	-2358.299055
1963.626118	-2351.811289
1966.793282	-2328.904885
1973.458803	-2359.185670
1975.815140	-2380.954156
1979.877995	-2337.843890
1977.187571	-2391.557956
1981.806679	-2459.260133
1983.056094	-2478.461444
1983.896447	-2440.211438
1989.519511	-2502.497780
1988.053726	-2445.065035
1993.148112	-2364.606499
2001.163279	-2325.046799
2002.653812	-2340.720163
2000.801322	-2357.720392
2003.364139	-2479.326387
2003.854418	-2441.022877
2003.699055	-2493.436721
2006.655783	-2402.736066
2005.074863	-2433.362836
2011.845410	-2360.941070
2020.242169	-2454.375333
2031.179834	-2421.209791
2036.170866	-2390.203239
2069.811418	-2330.041918
2083.846379	-2460.579495
2088.605696	-2412.456576
2092.768811	-2510.935671
2093.989510	-2349.304505
2097.088073	-2454.415616
1978.640662	-2353.205257
1919.444349	-2148.117910
1918.893993	-2246.124174
1925.608980	-2122.888264
1931.311560	-2131.718737
1933.847659	-2202.311635
1932.914806	-2153.446498
1947.436623	-2127.564230
1948.880717	-2204.517561
1951.368205	-2306.504824
1952.375248	-2187.622482
1964.596201	-2149.431196
1966.802879	-2123.941499
1966.586847	-2154.616037
1974.844424	-2309.769946
1984.473805	-2152.527751
2004.539347	-2125.851601
2013.130392	-2186.833459
2016.806918	-2151.899622
2017.827759	-2181.981735
2025.044369	-2132.853137
2032.039168	-2258.672182
2036.699090	-2200.738986
2058.050455	-2280.684033
2051.718575	-2134.929051
2065.599655	-2185.452454
2068.914761	-2147.040139
2068.749419	-2258.354452
2080.337160	-2179.004894
2080.328724	-2236.962358
2085.922342	-2197.751925
2086.697824	-2180.098496
2092.270246	-2141.374876
1953.119381	-2278.820622
1960.538776	-2307.453795
1966.610294	-2301.149777
1985.992379	-2187.562518
2045.268385	-2133.758008
1953.670240	-2120.569986
1979.345394	-2303.735471
2025.129019	-2150.967664
1939.395095	-2121.226442
1911.085772	-1991.129317
1912.990400	-1960.380705
1916.310929	-2012.808084
1919.117875	-2094.774253
1922.792378	-2066.689185
1931.231320	-1955.708501
1930.655978	-2028.603741
1933.981084	-2082.955132
1935.500324	-1984.306945
1936.835879	-2107.353897
1936.534911	-1965.792712
1941.903408	-2025.193480
1941.136308	-1953.158678
1949.047780	-1953.048894
1951.519213	-2010.097689
1954.240401	-2101.514467
1952.889130	-2055.024515
1956.574458	-1948.180757
1959.116719	-1956.155067
1979.006804	-1950.529762
1979.991037	-2038.318393
1983.606922	-1973.903058
1982.416025	-2108.163813
1978.632566	-2008.889639
1984.009290	-1964.258874
1986.726373	-2084.057150
1992.204861	-1951.189857
1990.669994	-2034.101120
1993.040331	-2008.297362
1997.412618	-1949.910232
2004.318869	-2061.937525
2006.675267	-1991.102711
2009.011012	-1955.876330
2008.456490	-2007.851119
2008.066740	-2079.225861
2011.665164	-2107.038328
2015.397965	-2049.086507
2019.970659	-1955.765495
2019.708815	-2056.572274
2026.306659	-2073.313249
2026.393616	-2025.128869
2031.734236	-1954.030158
2031.655743	-1918.904812
2043.638792	-1951.600507
2044.847935	-1999.656798
2048.625156	-2101.920574
2050.009142	-2014.238377
2055.233068	-1950.159954
2060.343448	-2034.334757
2059.238565	-2099.991752
2064.186192	-2001.875008
2063.654063	-1940.996834
2065.463767	-2012.643495
2066.277761	-2048.811873
2066.630568	-2096.042439
2070.594604	-2021.901940
2069.847524	-1934.863768
2079.177598	-2035.171907
2080.385515	-2091.673915
2078.920568	-1977.310078
2082.797116	-2056.693914
2089.768580	-2083.923936
2088.989289	-1999.207674
2088.478304	-1974.765657
1952.996958	-2048.083509
1956.911989	-1981.093282
2027.037541	-2095.690877
2075.372659	-2081.867558
2082.264230	-2084.125955
1916.937570	-2006.434876
1915.376293	-2082.298968
1914.179408	-1869.298052
1937.706403	-1842.072054
1946.545491	-1837.728099
1953.164259	-1833.965445
1959.731221	-1861.472765
1961.398809	-1868.341092
1966.864290	-1857.404612
1972.383714	-1862.070866
1976.494856	-1855.276877
1975.234056	-1824.184088
1984.616246	-1867.445289
1989.660067	-1859.664013
1995.333216	-1873.663515
2002.741810	-1878.198862
2009.207063	-1881.962582
2011.221289	-1871.089035
2024.881118	-1815.619853
2035.397116	-1822.536672
2043.362101	-1797.712791
2050.815305	-1839.570484
2075.969669	-1780.714858
2081.786993	-1801.621462
2085.680072	-1843.139995
2094.710859	-1829.585318
1918.565297	-1859.115459
1925.894763	-1854.433512
1943.404656	-1852.618525
1948.772809	-1860.064660
1977.903821	-1866.044090
2058.449534	-1815.175023
2042.977047	-1784.769242
2087.002287	-1811.452968
1934.476856	-1853.854673
2120.246305	-1902.912531
2121.320385	-1801.255948
2133.890526	-1817.330909
2175.128518	-1817.943459
2207.478940	-1894.077336
2207.471847	-1792.539697
2213.506723	-1904.594875
2224.319243	-1786.272638
2225.138175	-1852.292066
2233.363589	-1844.252982
2240.259239	-1778.196979
2240.823869	-1880.911976
2246.887932	-1882.035204
2249.475597	-1792.910086
2255.538872	-1779.965125
2262.260631	-1846.068122
2266.342426	-1817.535111
2268.939538	-1858.908032
2272.642625	-1887.576495
2288.103169	-1831.014970
2293.922852	-1816.712590
2225.246031	-1859.209415
2244.039369	-1894.309163
2273.405641	-1896.275591
2135.774994	-1832.384333
2132.491040	-1841.734151
2110.480606	-1937.518135
2112.718224	-2056.323421
2116.161103	-2093.130798
2116.798382	-2039.807762
2140.873194	-1984.645773
2144.758544	-2067.436618
2149.055947	-2011.173975
2164.792596	-2042.627797
2168.073546	-1918.859847
2172.423397	-2076.706977
2198.640494	-2028.281281
2200.080518	-2048.656097
2202.400963	-2019.437371
2203.513524	-2065.476883
2215.590709	-1940.340043
2229.667032	-2013.692982
2235.622848	-2036.242638
2235.204576	-1944.732332
2235.887776	-1930.015639
2241.970161	-1974.891111
2250.338662	-2053.065826
2254.700139	-2058.471311
2265.413841	-2006.275723
2283.980131	-1951.638220
2285.400141	-1923.667544
2148.922309	-2077.692783
2150.941763	-2084.049842
2150.365454	-2061.276669
2156.367614	-1974.893744
2274.061295	-1957.089541
2275.348894	-1947.285371
2278.068595	-2053.802252
2191.177323	-2069.842377
2296.458810	-1984.356126
2161.863480	-2073.709282
2127.186730	-2229.062154
2129.922472	-2216.945470
2140.623498	-2236.367696
2155.783111	-2219.258967
2157.215156	-2150.834588
2158.682948	-2235.760068
2167.149766	-2272.306258
2185.651542	-2204.713001
2190.164261	-2182.926002
2196.189077	-2176.550760
2196.755786	-2123.622259
2200.955192	-2160.444951
2223.210109	-2281.166826
2225.859089	-2197.865619
2237.005456	-2158.910314
2244.148171	-2281.881494
2257.540878	-2245.181628
2254.620356	-2280.070884
2260.925936	-2253.498283
2257.311309	-2148.999314
2267.251858	-2208.900133
2265.138917	-2304.960313
2271.452160	-2223.217659
2273.720613	-2163.831216
2278.697899	-2298.426292
2280.093086	-2279.906932
2287.463925	-2281.872044
2126.353659	-2128.709497
2160.019092	-2190.089216
2195.211446	-2229.958268
2200.948748	-2223.662465
2215.530788	-2137.620055
2234.133867	-2125.302293
2237.027176	-2277.538238
2260.651151	-2231.991468
2251.805061	-2221.431921
2275.804229	-2276.333837
2284.503476	-2252.431437
2138.970009	-2232.105363
2125.672952	-2333.749035
2124.834432	-2442.782585
2140.381792	-2397.296396
2144.465275	-2369.576473
2147.606618	-2445.365394
2156.906345	-2401.683388
2160.326531	-2323.443160
2158.515901	-2357.390325
2163.891549	-2484.144717
2171.744110	-2378.705273
2180.117302	-2380.633326
2182.834988	-2350.524484
2188.272305	-2397.626496
2194.028904	-2378.828731
2193.485914	-2469.296907
2196.192768	-2336.323652
2200.508910	-2492.318326
2202.635634	-2425.480792
2204.141102	-2462.521467
2216.646462	-2371.407148
2221.091426	-2469.578137
2224.427378	-2332.761459
2227.052805	-2368.214044
2234.574992	-2460.016528
2241.122796	-2368.236241
2243.108152	-2474.022741
2242.311259	-2349.323549
2250.389612	-2462.875835
2253.318772	-2388.688896
2263.502874	-2423.878334
2264.471235	-2331.179988
2275.203768	-2437.942046
2283.806683	-2371.639916
2171.212581	-2430.488637
2202.450270	-2326.712612
2239.672187	-2500.234412
2251.840430	-2436.087739
2269.362584	-2386.778163
2129.599072	-2381.813528
2144.580887	-2451.016160
2156.803419	-2466.371326
2186.527654	-2335.289760
2291.793538	-2461.257366
2129.198467	-2426.680061
2113.958942	-2568.717051
2119.355980	-2620.918698
2123.664049	-2692.541602
2120.924559	-2532.335948
2129.398634	-2601.887951
2128.351532	-2670.308347
2130.901603	-2627.873012
2142.940570	-2552.884775
2142.780036	-2627.880944
2151.239020	-2607.952478
2154.842472	-2696.087734
2157.734517	-2584.413947
2158.762954	-2622.881115
2159.907317	-2531.607193
2162.897139	-2572.910768
2163.760072	-2520.010953
2176.712878	-2588.123429
2183.085563	-2542.886672
2194.089269	-2638.280173
2196.259554	-2662.551467
2197.160277	-2583.082957
2201.917609	-2592.661951
2214.487023	-2671.580550
2213.529948	-2658.821281
2215.465182	-2522.802467
2220.335808	-2622.884382
2220.446336	-2587.121094
2221.892672	-2695.029813
2225.562652	-2666.197782
2236.082280	-2663.816122
2238.545919	-2651.556125
2245.548498	-2537.874435
2244.998187	-2576.574438
2248.123095	-2558.565127
2247.587203	-2619.844762
2252.734479	-2574.080368
2258.344401	-2693.030494
2261.501954	-2546.188186
2264.152365	-2668.174461
2275.675046	-2631.304765
2286.655337	-2561.979919
2284.755795	-2641.093279
2288.922970	-2539.266521
2292.615473	-2532.787196
2131.337192	-2538.253276
2148.064879	-2540.106174
2151.325696	-2524.238458
2150.737508	-2652.814493
2261.794016	-2682.051843
2290.913993	-2671.437271
2110.976974	-2815.102549
2114.651362	-2855.536312
2116.662662	-2841.568098
2121.603356	-2786.860049
2125.688459	-2815.605357
2130.968056	-2882.256590
2131.083180	-2736.678094
2135.835022	-2765.086489
2136.016539	-2808.876006
2144.686433	-2744.808905
2140.790286	-2894.979791
2152.671939	-2804.317410
2155.662148	-2851.456172
2162.892639	-2757.361238
2167.381164	-2802.398191
2164.812645	-2827.204845
2170.907445	-2863.953327
2172.741251	-2784.850760
2173.459336	-2818.632799
2172.726194	-2726.731493
2178.768887	-2763.745465
2182.569642	-2746.870935
2187.139950	-2865.544187
2194.509570	-2729.229032
2194.006774	-2751.159422
2193.823012	-2845.583097
2195.410716	-2775.460247
2207.165367	-2839.623364
2211.396510	-2816.903010
2217.598125	-2768.296544
2222.989927	-2835.510995
2225.009907	-2759.798523
2227.284950	-2736.169099
2229.258128	-2862.437657
2234.800505	-2882.171506
2234.923530	-2790.020770
2241.570106	-2808.097992
2248.272172	-2854.424473
2247.148508	-2744.121273
2249.825800	-2899.261647
2252.807466	-2794.113578
2262.463323	-2729.222476
2263.984302	-2844.416325
2263.399704	-2762.451350
2268.182003	-2735.511702
2273.128230	-2828.006818
2277.617627	-2748.903829
2279.346077	-2895.026557
2285.485191	-2765.898839
2295.086856	-2772.075676
2220.010233	-2896.463365
2237.590970	-2762.054915
2244.915980	-2818.179216
2159.218576	-2725.798214
2162.611977	-2720.570280
2217.281829	-2825.418592
2285.144730	-2816.063880
2112.798563	-2738.534720
2165.855036	-2896.121568
2255.781812	-2773.943936
2267.819637	-2865.838167
2240.879576	-2783.095241
2242.484097	-2857.556501
2285.905366	-2806.189586
2109.314837	-3046.393112
2109.726950	-3099.268019
2114.204562	-2959.191178
2114.114722	-3071.512248
2115.120036	-3039.540338
2131.673466	-2971.203762
2132.858044	-2985.862242
2133.988716	-3036.505521
2135.554917	-2994.459762
2138.809029	-3102.367584
2142.671564	-3086.692041
2145.335814	-3069.055794
2149.536564	-2977.063479
2159.900869	-2960.011839
2169.109100	-3016.953929
2174.181671	-2974.669274
2177.168742	-3067.383206
2193.458861	-2920.277891
2205.173351	-2984.684483
2207.591902	-3013.266030
2213.022988	-3094.519605
2230.526923	-3095.426112
2233.807210	-3103.452874
2245.103608	-3042.856056
2247.840303	-2926.518024
2259.729213	-2975.155947
2258.876196	-3012.079179
2263.389870	-3026.700248
2287.225707	-3070.702016
2285.569005	-2925.168061
2295.762544	-2992.416678
2156.389089	-3022.480593
2158.455110	-3029.946047
2184.373862	-3049.453958
2228.860182	-3005.242180
2251.297413	-3087.409244
2257.703047	-3044.630110
2134.779358	-2961.067963
2152.466422	-3016.405679
2191.492561	-3065.931410
2243.588105	-3058.262206
2166.645738	-2998.617950
2198.739797	-3076.624223
2257.839391	-2941.148709
2108.859421	-3183.622211
2115.970616	-3259.757158
2123.039799	-3226.774411
2123.563672	-3167.072905
2130.475349	-3146.497128
2132.483061	-3179.613007
2134.502723	-3148.644815
2135.565708	-3245.296457
2138.876966	-3159.687758
2136.460201	-3190.955685
2142.636363	-3288.352960
2139.322215	-3265.032797
2145.020207	-3265.390022
2158.530337	-3188.768285
2163.627856	-3207.036083
2180.957585	-3126.596084
2181.505888	-3238.184039
2191.343486	-3242.721408
2188.836907	-3150.880906
2196.574338	-3247.233974
2202.048675	-3159.036760
2222.133185	-3175.619964
2223.469785	-3231.067009
2223.645351	-3197.839900
2227.162492	-3124.978338
2230.845307	-3244.234856
2236.582816	-3185.269655
2233.954331	-3230.600108
2236.741054	-3224.330382
2254.679043	-3176.239763
2266.655538	-3222.741315
2266.761559	-3135.802409
2278.009418	-3157.785105
2280.235020	-3136.654376
2283.429052	-3222.822033
2294.710202	-3273.676460
2292.997390	-3171.415921
2293.105008	-3123.679108
2293.595996	-3195.603020
2295.487811	-3300.857235
2129.998275	-3216.671207
2194.657949	-3141.410695
2202.929570	-3170.228878
2209.330683	-3272.923661
2219.089845	-3149.047133
2256.292710	-3205.196347
2264.737820	-3198.344605
2270.616002	-3279.944949
2147.594782	-3303.569430
2165.528443	-3213.982909
2175.039844	-3217.819343
2127.964675	-3203.882069
2130.069896	-3304.362075
2131.709332	-3298.420640
2134.951877	-3255.978176
2134.187779	-3201.245408
2180.531803	-3323.559318
2229.059924	-3356.404456
2261.834105	-3367.803899
2279.131542	-3353.583971
2232.295126	-3368.459044
2278.088888	-3320.450814
2278.315077	-3359.791344
2319.749636	-3362.019893
2331.837003	-3332.266830
2339.862745	-3341.134121
2374.737948	-3367.212972
2488.112560	-3362.121658
2494.603745	-3351.809430
2487.652730	-3333.579297
2354.886979	-3333.109929
2314.457533	-3197.815986
2316.692295	-3127.265885
2319.520122	-3233.847380
2323.674226	-3123.693124
2324.207525	-3199.735599
2326.878348	-3177.722403
2328.273201	-3237.333222
2374.280259	-3274.262403
2378.002768	-3206.293604
2384.078608	-3247.478855
2387.767763	-3286.137481
2402.221108	-3236.493007
2417.138612	-3256.877424
2423.353692	-3201.882799
2427.851112	-3214.239141
2437.168098	-3149.966444
2453.612902	-3225.703407
2457.381047	-3301.582161
2456.875960	-3213.316435
2473.431380	-3267.411209
2472.777181	-3143.106341
2487.521650	-3241.446797
2492.083505	-3213.888356
2493.606807	-3251.411982
2401.549527	-3140.782209
2420.693643	-3270.841667
2467.090404	-3297.722586
2381.399138	-3267.127259
2413.546779	-3194.270924
2433.009111	-3191.258679
2312.527806	-2939.698210
2321.390535	-2970.174933
2323.546116	-3009.965763
2328.822219	-3089.837665
2350.070209	-3053.859527
2351.540223	-2994.703397
2357.221859	-3069.687162
2362.522989	-3047.207720
2365.110095	-2978.486370
2390.120430	-3035.810127
2405.735591	-2969.481330
2409.015412	-2989.408171
2411.104558	-3000.599037
2419.853328	-2921.954067
2422.345508	-3021.507301
2427.517070	-2934.988241
2444.187564	-3043.141854
2446.599216	-2951.420835
2446.863938	-3009.541894
2461.027747	-3041.892114
2483.082408	-3089.983983
2489.944808	-2951.782080
2324.039494	-2963.666335
2348.194333	-3086.617143
2390.408223	-2990.397884
2447.011734	-2988.467632
2351.372429	-2939.385015
2428.260590	-3027.072807
2382.185643	-2998.339279
2465.499854	-2954.105562
2316.490958	-2738.427438
2319.796200	-2904.837062
2321.024722	-2823.969959
2323.186017	-2762.087662
2329.552542	-2906.698525
2329.706526	-2768.825552
2333.457652	-2809.139499
2330.923578	-2886.042892
2339.832762	-2863.123782
2341.543309	-2798.398736
2342.378340	-2765.428761
2344.195835	-2831.189337
2347.022180	-2776.377799
2351.015315	-2758.319333
2369.968570	-2831.861559
2374.943815	-2719.256975
2378.553349	-2897.929300
2377.556157	-2788.820055
2379.496214	-2850.016404
2388.696231	-2815.667005
2394.572798	-2887.452096
2397.501120	-2761.251652
2404.348796	-2814.540360
2407.247078	-2744.948508
2405.543358	-2856.459459
2416.815467	-2766.746396
2433.368316	-2899.063270
2446.359589	-2819.952382
2447.268205	-2837.906746
2448.095005	-2746.601039
2452.718589	-2799.780453
2476.668822	-2852.176434
2478.147902	-2901.029763
2475.227580	-2738.961821
2481.448262	-2770.794444
2487.966247	-2832.719199
2492.519275	-2764.821449
2321.786799	-2795.033598
2327.283114	-2794.534675
2348.797761	-2739.295103
2387.357915	-2787.044429
2450.432932	-2734.412663
2472.123490	-2815.906989
2473.313667	-2807.736182
2348.713943	-2865.711013
2376.688746	-2740.681935
2385.411139	-2878.892543
2390.418216	-2858.650277
2414.476410	-2874.647872
2421.024719	-2878.486247
2479.801916	-2762.232013
2407.349029	-2902.713545
2329.614052	-2777.750859
2350.376250	-2896.900208
2365.490026	-2724.430029
2411.739034	-2807.862582
2326.917473	-2576.324198
2335.413909	-2614.777149
2344.918199	-2639.825366
2351.138152	-2646.460298
2352.303631	-2704.721672
2362.613629	-2570.103560
2369.232558	-2577.665408
2369.031513	-2676.958711
2375.630411	-2533.703140
2378.000770	-2549.123002
2385.537244	-2635.246377
2385.721210	-2699.726706
2394.986022	-2649.657636
2397.451782	-2676.313044
2398.472369	-2536.582787
2400.102480	-2578.935458
2400.587812	-2612.359583
2408.182168	-2656.926806
2417.809111	-2638.637459
2437.607972	-2555.921017
2447.355854	-2686.149664
2451.481792	-2650.425398
2459.411122	-2635.036360
2461.354791	-2580.223254
2466.719828	-2694.174276
2468.498924	-2600.285866
2471.449970	-2611.221207
2483.736025	-2683.730692
2490.585485	-2651.215784
2489.928285	-2694.298107
2496.823278	-2628.893710
2313.018514	-2677.533664
2319.681470	-2590.041370
2324.930730	-2545.889558
2335.742034	-2690.896725
2343.047273	-2630.007914
2361.982181	-2635.666045
2436.277661	-2594.910300
2443.672001	-2543.903961
2370.334866	-2597.405353
2371.012245	-2604.690717
2409.562037	-2689.446735
2442.762067	-2652.690878
2474.354629	-2560.294704
2393.916407	-2524.282430
2439.723439	-2631.165945
2311.719092	-2445.729847
2316.777119	-2388.832748
2318.551429	-2326.805817
2324.535064	-2417.120641
2331.239019	-2379.597461
2333.972532	-2353.646684
2345.188036	-2394.698725
2345.105393	-2412.192022
2358.080993	-2393.689954
2360.734369	-2358.879959
2364.459897	-2332.751218
2365.501837	-2353.923101
2370.181766	-2471.559131
2375.466913	-2365.384968
2383.130453	-2357.934897
2384.274813	-2483.317793
2383.009699	-2364.517448
2387.034814	-2343.123071
2394.771922	-2422.091101
2390.985845	-2466.508824
2396.227933	-2364.540492
2395.501885	-2458.140108
2399.848642	-2414.788724
2412.318711	-2434.137298
2414.606472	-2504.402744
2417.914430	-2386.308954
2422.833810	-2357.935336
2430.245278	-2373.809212
2429.816959	-2344.042847
2432.937626	-2495.855333
2432.776767	-2398.353107
2438.142604	-2417.946364
2441.376329	-2380.096789
2444.738998	-2449.951272
2449.486301	-2480.601199
2460.279880	-2435.916829
2464.486502	-2445.403705
2472.781278	-2370.732091
2471.018540	-2468.054277
2479.680598	-2470.945752
2486.852170	-2496.693075
2334.609094	-2329.456610
2347.177128	-2320.145176
2460.203460	-2411.856507
2468.068637	-2361.819828
2491.528183	-2402.976664
2344.085913	-2454.917110
2390.206327	-2334.385502
2439.260754	-2468.948702
2444.378758	-2463.470423
2482.839152	-2448.599629
2490.891937	-2421.214841
2424.060103	-2481.370552
2366.257959	-2378.326241
2476.930274	-2411.705718
2483.677280	-2406.929559
2496.869018	-2408.016700
2315.755325	-2308.430120
2313.042533	-2150.523919
2319.757469	-2197.968727
2320.784085	-2272.329783
2322.873404	-2248.938519
2327.038351	-2219.523911
2327.793041	-2261.430791
2333.106268	-2293.234238
2334.239483	-2230.224947
2350.273323	-2208.513460
2352.538244	-2123.587337
2356.063307	-2285.807372
2360.393517	-2285.911798
2362.737820	-2258.134414
2376.691222	-2168.486079
2376.717188	-2274.799472
2381.019644	-2257.305909
2384.040906	-2120.000418
2394.140529	-2138.232276
2404.769137	-2125.043709
2409.586194	-2169.088968
2411.401216	-2194.577796
2413.314530	-2221.171436
2413.826105	-2304.060315
2418.073098	-2155.686910
2427.459794	-2282.369275
2434.830894	-2272.056717
2456.225497	-2269.296836
2465.920415	-2242.541952
2480.994966	-2268.931644
2492.512489	-2125.939560
2496.788472	-2286.527825
2341.601538	-2251.210158
2373.665932	-2296.624867
2424.938205	-2297.408425
2453.509640	-2221.761065
2410.494471	-2209.737890
2313.164496	-2212.645822
2333.135150	-2186.953174
2311.923369	-2061.738161
2314.525060	-1963.859479
2315.683890	-1988.542596
2341.729853	-1960.474962
2348.871708	-2055.204071
2356.360451	-2068.697396
2360.307415	-1934.083437
2360.580970	-1971.435144
2368.877818	-1929.307795
2380.994663	-2068.958427
2381.752470	-2013.795888
2381.386005	-2056.953870
2382.546741	-1994.378015
2381.853309	-1984.034068
2395.945542	-2020.702021
2430.820942	-1976.636494
2431.277955	-2105.280001
2436.798750	-1963.889043
2446.883888	-2030.968762
2452.759258	-1995.689603
2447.173170	-1937.254476
2471.769237	-1981.187080
2474.630253	-1961.836679
2494.286727	-1999.132982
2492.926408	-1932.842660
2498.747606	-2096.920592
2345.508289	-1997.985334
2357.414289	-2020.009124
2360.200358	-1980.793863
2398.894661	-1933.556235
2412.337052	-1938.215222
2420.925346	-1943.049162
2457.705750	-2039.645583
2324.541612	-2036.905068
2354.149129	-2033.696528
2497.657872	-2057.429039
2320.108092	-1869.107593
2321.467482	-1817.518318
2326.935925	-1851.910670
2327.434157	-1766.520127
2337.409577	-1886.477205
2343.656517	-1829.286688
2340.372884	-1868.081664
2343.313440	-1770.925560
2345.583888	-1790.707141
2348.156655	-1801.294795
2350.853582	-1824.209011
2353.487840	-1865.939845
2355.607800	-1893.038288
2361.687766	-1803.976846
2359.084571	-1886.358320
2370.346514	-1787.197683
2380.778368	-1833.086754
2379.472830	-1869.754107
2378.082492	-1763.940382
2388.621841	-1780.654101
2389.951482	-1816.380669
2395.298305	-1785.964216
2400.852983	-1818.311828
2402.540869	-1847.651985
2409.171492	-1853.054975
2417.325029	-1796.289518
2418.654607	-1828.526474
2422.476288	-1872.065770
2427.185979	-1778.858168
2435.236587	-1779.035389
2446.372248	-1781.681433
2449.468041	-1838.008088
2449.997775	-1788.982659
2454.279223	-1858.676497
2468.550863	-1800.453590
2472.837546	-1832.827249
2475.136674	-1853.809461
2476.719156	-1841.804036
2487.366574	-1789.034238
2491.144947	-1883.948570
2494.756595	-1795.898864
2332.533778	-1795.030965
2355.981206	-1859.192464
2381.070373	-1775.638733
2390.289655	-1770.523765
2409.704648	-1781.193901
2460.038979	-1877.756162
2465.240946	-1749.257514
2406.970435	-1757.438825
2512.132625	-1887.321911
2544.005660	-1858.743842
2560.171412	-1823.663359
2571.298498	-1828.946841
2573.128461	-1811.001442
2576.390037	-1873.725561
2582.917901	-1832.126574
2583.590910	-1806.131912
2584.780335	-1899.258255
2599.000454	-1814.925296
2599.946519	-1797.083542
2600.789525	-1831.016258
2622.233963	-1825.934294
2635.273546	-1794.445239
2640.963753	-1775.510350
2655.026107	-1820.365978
2658.021112	-1879.759288
2661.127753	-1776.527836
2662.325916	-1795.612586
2662.516205	-1818.033498
2667.144882	-1863.592722
2687.416972	-1816.729892
2692.730477	-1769.052667
2693.987067	-1859.695631
2520.359812	-1761.259473
2646.955629	-1858.914840
2652.488271	-1798.536887
2666.373265	-1837.941851
2663.360481	-1852.756391
2679.678866	-1855.586864
2688.496830	-1887.365040
2513.131302	-2043.661414
2529.256302	-1974.140926
2546.620646	-2025.565748
2572.399018	-2091.744399
2586.984579	-2058.593935
2586.752911	-2040.801422
2597.110435	-2083.412989
2598.246811	-1940.600131
2608.263636	-1994.894533
2613.439896	-2067.131008
2645.663205	-1988.406166
2647.712759	-1938.565198
2650.434705	-2040.892338
2653.844096	-2031.507763
2653.554436	-2067.786773
2651.669766	-1974.499676
2656.053791	-2108.527799
2665.413507	-2022.133513
2677.304621	-1999.257294
2686.153037	-1927.915650
2684.760484	-2104.484668
2686.394932	-2037.346386
2592.027759	-2012.834025
2637.476238	-1940.167004
2647.532961	-2090.700351
2535.096367	-2097.764753
2586.678869	-1924.529969
2675.519731	-1949.429681
2583.718917	-2025.585189
2515.160864	-2276.093073
2517.801318	-2202.994175
2534.135435	-2273.143741
2537.169867	-2243.224628
2540.322251	-2214.938727
2558.924426	-2246.257665
2562.261188	-2280.492934
2564.568675	-2163.646952
2565.975163	-2265.860551
2572.904812	-2163.813038
2576.086426	-2137.204690
2580.905109	-2208.607165
2592.799815	-2184.928653
2593.810573	-2254.319080
2592.496557	-2210.302971
2596.780344	-2229.850517
2608.042105	-2185.874958
2609.136530	-2269.531924
2615.411310	-2229.241739
2637.228704	-2188.723463
2641.703747	-2230.141676
2640.852216	-2257.002261
2646.860035	-2296.666421
2647.282339	-2276.622525
2646.962340	-2247.884877
2663.294193	-2270.815568
2674.800905	-2207.686819
2680.480981	-2306.007207
2618.465855	-2289.089163
2659.981177	-2298.560526
2547.025926	-2216.768531
2602.000526	-2150.638135
2629.084707	-2257.999458
2528.111815	-2300.297672
2569.776608	-2250.150932
2689.811580	-2175.434934
2524.182733	-2359.505015
2532.253582	-2404.061592
2532.184278	-2426.236525
2542.939966	-2494.775884
2546.013918	-2390.885474
2546.893623	-2487.144292
2551.138868	-2368.125969
2568.451748	-2460.955094
2574.146225	-2501.957731
2572.232835	-2422.231231
2593.367902	-2406.505800
2595.429816	-2334.926371
2596.822720	-2444.985360
2599.377611	-2373.747945
2607.938785	-2412.571330
2607.804534	-2454.884079
2611.333863	-2485.971975
2618.652221	-2472.798717
2617.971249	-2391.034450
2622.102160	-2337.967167
2627.060369	-2426.554519
2634.045531	-2408.386043
2645.832384	-2506.168958
2646.380537	-2340.615844
2658.213631	-2331.671535
2662.783851	-2375.775820
2670.900126	-2460.864431
2670.833798	-2478.690459
2689.513148	-2454.316793
2585.710188	-2488.204884
2588.733302	-2423.914000
2691.483082	-2369.280080
2597.156060	-2463.846660
2607.084952	-2433.112663
2606.272202	-2437.255952
2666.844785	-2381.403057
2523.749060	-2378.350443
2560.957741	-2392.955757
2533.007986	-2413.944432
2542.913963	-2383.365369
2658.854258	-2414.586509
2659.252587	-2401.908792
2696.620481	-2404.856003
2514.527416	-2520.594255
2549.878238	-2544.706636
2571.273395	-2535.023775
2576.363783	-2682.944957
2585.491880	-2536.752160
2587.055777	-2657.161730
2601.916712	-2681.281892
2599.487234	-2605.385948
2613.680085	-2541.825958
2622.910047	-2651.830558
2626.110959	-2612.512500
2627.984847	-2686.946807
2630.816205	-2538.811729
2634.466965	-2635.684240
2634.151055	-2559.605570
2636.918517	-2654.356466
2658.039024	-2647.431467
2665.339393	-2710.872695
2673.417267	-2554.402653
2676.277796	-2674.344239
2526.577954	-2571.843076
2556.520654	-2579.157344
2600.437406	-2642.388351
2611.506681	-2532.498382
2675.070150	-2607.106292
2516.999057	-2623.389714
2666.947399	-2557.858222
2511.520539	-2736.503648
2524.900418	-2844.766062
2549.486636	-2769.742311
2550.556487	-2764.989289
2549.502232	-2876.948170
2550.496699	-2746.882738
2555.678755	-2861.868487
2566.381389	-2804.351776
2576.205205	-2803.869251
2588.908447	-2771.554973
2597.977756	-2818.617363
2604.545795	-2876.931823
2605.070715	-2738.456142
2624.913550	-2848.102523
2638.919750	-2883.785898
2657.337250	-2838.995830
2679.322374	-2839.675342
2565.928091	-2829.237607
2570.073601	-2850.000870
2616.994760	-2799.894878
2513.241845	-2771.399394
2534.005774	-2785.229203
2598.563967	-2865.993086
2612.557214	-2837.055689
2597.200208	-2720.870071
2514.697120	-3062.451124
2524.426876	-3039.369338
2522.495688	-3014.457916
2529.356744	-2976.064542
2539.425290	-3107.710848
2553.081838	-2956.284364
2561.519998	-3033.240328
2562.550391	-3070.224756
2565.505506	-2968.843222
2567.800183	-3011.780463
2573.248115	-3079.271677
2578.440151	-3078.391027
2580.191618	-2931.112431
2582.876205	-3035.581598
2583.705471	-2941.561791
2598.392483	-3062.475440
2603.852310	-3048.252100
2607.249444	-2982.459314
2636.410707	-3109.034351
2651.135906	-3007.995305
2655.440840	-3097.819553
2665.362842	-3056.363650
2695.680087	-3097.742492
2564.794171	-3056.291970
2578.946520	-3019.615795
2660.588556	-3075.651051
2667.633354	-3006.814229
2628.029984	-3041.701760
2562.126023	-3094.509511
2687.743900	-3049.528070
2645.965238	-2976.707889
2674.342966	-3095.065784
2514.920131	-3222.139004
2526.216780	-3259.895094
2530.513003	-3195.704328
2531.576127	-3149.989727
2549.151762	-3151.813782
2552.836234	-3242.199357
2558.277992	-3276.434818
2565.819205	-3138.580310
2567.814158	-3228.811094
2581.475474	-3185.764042
2585.454943	-3203.318373
2585.693911	-3237.983833
2595.404610	-3184.011633
2609.846510	-3263.068573
2624.933107	-3293.055705
2650.175268	-3174.607418
2661.895955	-3198.640010
2686.744692	-3145.281780
2689.024346	-3240.227093
2537.861940	-3221.222260
2557.888430	-3183.608787
2603.385548	-3194.178918
2647.192514	-3148.779364
2659.412167	-3135.631391
2678.691666	-3196.624263
2516.116735	-3279.771683
2520.091994	-3185.210161
2547.489802	-3187.842943
2641.955123	-3381.901568
2679.975300	-3337.383770
2751.489980	-3429.557653
2757.441174	-3332.458164
2768.600876	-3425.771773
2827.010715	-3399.642935
2832.735210	-3447.035441
2861.301881	-3451.413683
2867.159410	-3490.824883
2867.070543	-3498.029954
2876.925573	-3500.267845
2891.961703	-3469.368754
2898.414825	-3471.741251
2846.716976	-3468.389334
2868.171966	-3506.054682
2845.652235	-3475.704721
2735.960195	-3176.505835
2744.834934	-3143.308870
2750.255084	-3270.678663
2751.653330	-3278.284282
2757.460170	-3233.037721
2770.040459	-3124.388675
2773.022919	-3179.935362
2780.883044	-3158.016502
2782.712115	-3242.454980
2789.485103	-3143.308784
2807.021059	-3289.369712
2830.903653	-3299.796939
2833.625701	-3143.555614
2837.813479	-3280.480968
2850.613965	-3223.101787
2855.602443	-3242.798032
2891.245137	-3149.000859
2892.176152	-3226.213302
2900.358198	-3284.000878
2898.891983	-3247.276419
2778.885647	-3287.231387
2711.029298	-3039.897641
2715.321148	-3093.287591
2715.387952	-3022.747699
2719.401749	-3051.450463
2735.645354	-3029.798094
2750.698437	-3066.885615
2758.428981	-3087.526315
2790.774454	-3039.296673
2792.228798	-3005.822043
2813.535932	-2957.402653
2815.261088	-2935.161127
2816.923003	-3012.279262
2818.070943	-2950.703099
2852.493419	-3020.439865
2854.279588	-2934.902399
2856.005772	-3031.456458
2869.265769	-2972.476410
2870.250617	-3029.091266
2874.417719	-2980.754839
2878.588062	-2990.679043
2876.161900	-2973.003282
2885.543908	-2972.546688
2887.316053	-3044.801805
2886.957667	-2999.538021
2888.751387	-3010.281867
2893.117436	-3018.761911
2807.732489	-2964.245793
2817.484375	-3089.824329
2846.866520	-3048.156891
2751.077521	-2981.943640
2753.922661	-3034.567887
2718.198200	-2830.064820
2727.374296	-2804.810304
2741.420619	-2903.839581
2753.035112	-2865.153056
2756.614309	-2745.563806
2762.122852	-2791.202624
2767.452483	-2906.656371
2770.033812	-2738.214176
2772.536975	-2730.491891
2776.285717	-2773.271223
2801.590025	-2869.251250
2807.142844	-2845.124029
2825.752662	-2746.052204
2826.739754	-2895.896274
2843.135329	-2768.164512
2850.529296	-2900.334031
2862.675118	-2751.214875
2865.108306	-2726.437032
2866.372416	-2820.089126
2876.172824	-2853.852634
2888.817451	-2738.986210
2890.763522	-2876.878857
2719.245844	-2849.933013
2806.373696	-2742.980414
2893.521654	-2882.262271
2896.849075	-2831.517934
2715.583483	-2622.590834
2715.684329	-2592.642093
2728.191679	-2556.651992
2732.259652	-2565.985272
2749.982459	-2548.675535
2751.696714	-2653.333606
2754.212094	-2686.135062
2758.190230	-2572.065300
2765.163944	-2594.134920
2806.142281	-2685.877286
2813.426393	-2528.184710
2820.242105	-2642.180624
2824.044495	-2593.438745
2832.187859	-2645.068369
2832.096335	-2619.991406
2884.753609	-2585.595752
2892.696367	-2621.675455
2797.930422	-2705.612721
2863.530713	-2636.085549
2738.236794	-2593.504460
2839.127064	-2661.192365
2848.887104	-2582.984717
2854.369932	-2584.974810
2727.367309	-2431.714581
2729.937270	-2371.742186
2735.283007	-2354.826311
2756.287179	-2337.384292
2776.323277	-2337.197993
2796.556578	-2425.231419
2811.932744	-2434.142685
2812.294565	-2448.819745
2817.915939	-2434.213588
2824.368044	-2362.484752
2831.770681	-2342.395928
2853.835015	-2356.794178
2882.009156	-2380.664954
2885.332694	-2433.164699
2745.809285	-2333.684441
2718.061297	-2357.841092
2717.607376	-2273.594904
2733.700380	-2257.169631
2735.411482	-2199.310028
2742.505237	-2123.054832
2746.713184	-2202.958439
2764.719342	-2185.681255
2772.142036	-2185.170989
2774.121047	-2256.529869
2780.872766	-2166.303759
2819.961544	-2149.236545
2836.941788	-2291.466616
2839.020731	-2160.702558
2893.740105	-2258.737389
2727.745752	-2226.062904
2859.410001	-2146.425606
2891.746200	-2275.786874
2720.593417	-2079.673398
2731.199325	-2035.971707
2751.624011	-1933.331893
2753.357284	-2068.018293
2780.832562	-2035.222423
2792.208028	-2057.542865
2798.539506	-1938.257102
2846.421820	-1992.933590
2737.837501	-2103.221558
2745.366338	-2048.886991
2763.393114	-2086.768991
2893.220757	-2043.636353
2751.686285	-1941.258080
2788.907585	-2063.809278
2808.413765	-2044.611014
2876.210962	-1987.120171
2716.791659	-1792.672402
2733.524722	-1784.965090
2740.004751	-1782.768122
2755.251664	-1834.576377
2764.099542	-1801.181594
2781.771779	-1842.014394
2808.215838	-1877.524342
2820.023779	-1811.070458
2865.549281	-1828.518070
2881.873947	-1784.217229
2746.836889	-1900.234762
2805.399511	-1814.035963
2805.919457	-1887.635017
2718.021634	-1777.455675
2893.916546	-1788.841954
2837.938874	-1818.933623
1305.235931	-3453.444311
1280.887197	-3315.791269
1282.799418	-3114.482259
1303.340738	-3160.796861
1189.095092	-2922.563306
1306.262359	-3056.213138
1301.171822	-3056.023609
1114.287916	-2715.157471
1259.086430	-2718.916836
1308.648591	-2900.012314
1306.541666	-2727.875710
1304.356501	-2760.074266
1314.386987	-2815.946650
1299.656531	-2750.661979
1127.158106	-2517.257991
1143.956602	-2707.987160
1303.091269	-2584.006719
1168.556147	-2313.276346
1303.065346	-2325.475171
1157.061296	-2115.325206
1199.920661	-2116.365501
1262.320875	-2119.864049
1279.985337	-2307.163935
1300.044468	-2275.642630
1237.984169	-2112.924208
1302.154910	-2163.777354
1309.698238	-2149.940728
1179.115057	-2112.860156
1307.518602	-2172.468868
1219.455793	-2112.793957
1179.504535	-1911.309691
1299.857823	-1962.456268
1304.548859	-2056.271299
1115.965945	-1818.634809
1400.429180	-1914.818799
1416.667064	-1906.919511
1505.562408	-1885.762172
1433.406391	-1911.483015
1312.282055	-2083.630662
1319.798588	-2116.573490
1453.532994	-2107.420942
1501.742186	-2042.642305
1507.476057	-1942.893316
1325.335493	-2313.452090
1334.124085	-2308.942684
1363.711378	-2317.407183
1420.043323	-2308.681852
1503.383121	-2117.929459
1505.979142	-2278.636800
1507.433549	-2168.994199
1312.151506	-2308.875822
1310.718964	-2274.148091
1310.943753	-2426.505151
1502.556620	-2334.132066
1508.054444	-2326.090253
1503.325792	-2401.294093
1486.116833	-2513.921299
1333.612642	-2714.863511
1473.926620	-2715.308950
1497.892708	-2572.792383
1501.338242	-2630.739882
1504.226253	-2550.285374
1505.726475	-2621.903696
1373.790926	-2706.301736
1508.769946	-2580.515191
1350.315651	-2916.459569
1410.328166	-2906.742804
1508.144621	-2815.034916
1504.086877	-2899.903413
1331.975945	-2912.953870
1445.040752	-3115.246421
1499.880360	-3109.690514
1501.853240	-2953.467882
1312.187111	-3014.286424
1504.722278	-3234.893957
1505.392197	-3176.364859
1508.936393	-3491.607521
1501.987535	-3386.370564
1529.246018	-3113.616002
1700.397272	-3180.729202
1704.480019	-3283.045460
1510.655867	-2980.328311
1511.663143	-2740.954398
1697.086541	-2731.603054
1705.700029	-2804.348847
1703.767806	-2767.881383
1701.008171	-2554.340413
1704.972973	-2606.451999
1707.694275	-2530.444680
1508.329544	-2705.210789
1566.075871	-2507.295329
1704.817675	-2397.180549
1509.411926	-1912.763146
1703.329202	-1857.762683
1704.934598	-1796.954331
1736.633623	-1916.090585
1899.028463	-1866.363912
1900.251040	-1850.612801
1904.933055	-1863.261696
1730.837689	-2104.791034
1900.756623	-2095.710211
1709.854269	-2481.571252
1733.703794	-2515.577751
1753.170113	-2517.006265
1793.189848	-2323.800269
1812.152972	-2511.894732
1907.038164	-2358.162580
1771.578807	-2719.755193
1904.773951	-2569.543184
1802.823417	-2712.905955
1707.851663	-2888.035071
1723.213318	-2914.001612
1904.855653	-2765.006827
1711.255909	-2897.823617
1741.999814	-2915.339456
1753.213853	-2917.869420
1770.646684	-3113.678073
1796.521992	-3111.955847
1838.454681	-3115.484850
1899.533565	-3070.154252
1711.430924	-3019.556446
1783.491433	-3316.377075
1898.690359	-3225.771703
1902.546341	-3240.700414
1905.296252	-3332.160616
1944.601746	-3316.622918
1992.934089	-3319.145724
1984.394979	-3116.913245
2098.447983	-3115.943256
1926.526935	-3108.802604
1945.819844	-2913.295419
1960.948321	-2917.815242
2020.756948	-2913.334734
1981.180245	-2913.490091
1911.607112	-2771.742408
1981.233273	-2715.913726
2008.528201	-2715.505435
2029.133212	-2714.856288
2069.592548	-2715.239548
2090.212457	-2717.400343
2056.195941	-2715.705401
1930.027419	-2706.712721
1940.006310	-2520.437847
2010.556747	-2513.717071
2093.569475	-2518.327330
2099.196961	-2629.261067
2102.248323	-2699.149256
1968.350662	-2318.970910
2102.843282	-2364.032346
1961.785409	-2322.515040
1973.798228	-2119.362863
2105.426641	-2258.835492
2100.551840	-2177.801738
2104.813679	-2098.477974
2104.706048	-2040.813664
2108.693882	-1833.167018
1910.989642	-1859.960412
2242.945559	-1911.370578
2302.108553	-1845.230086
2307.590844	-1879.890961
2300.892777	-1899.849120
2146.145825	-2113.914761
2271.813146	-1921.842284
2300.295033	-2007.918747
2310.584171	-1958.558853
2287.325884	-2117.824736
2300.224841	-2232.614811
2306.942583	-2196.324529
2304.424118	-2244.778234
2111.858403	-2511.898011
2306.493301	-2348.049449
2179.482994	-2713.800109
2185.802024	-2710.516703
2230.694454	-2712.328389
2278.777637	-2713.422308
2298.952252	-2583.420771
2308.117503	-2707.054526
2309.229842	-2652.398279
2255.069289	-2712.542562
2307.608664	-2795.216246
2308.362373	-2748.309151
2302.329466	-2893.212547
2302.304872	-2809.798831
2178.576381	-2922.391512
2191.059784	-3116.848691
2290.327345	-3115.767683
2304.274507	-3054.009132
2299.039744	-3110.707946
2109.735662	-3170.629816
2298.720190	-3126.547690
2302.111712	-3147.201310
2304.140295	-3267.881892
2307.420635	-3184.060205
2302.765843	-3132.384793
2327.731473	-3311.316167
2450.671419	-3315.115029
2485.033141	-3313.637064
2319.102081	-3115.240868
2505.497021	-3277.083990
2507.967407	-3208.346014
2506.031636	-3228.129016
2505.600861	-3133.876084
2503.491492	-3252.761223
2382.189630	-2922.101410
2505.273407	-2983.271489
2485.943376	-2914.688922
2320.149760	-2714.443262
2447.350545	-2713.646883
2499.409993	-2747.276344
2501.305037	-2794.853732
2510.513128	-2817.978175
2503.996804	-2861.852147
2505.739343	-2722.812125
2440.275358	-2720.455376
2352.386731	-2514.959123
2375.388099	-2517.439706
2435.188173	-2516.244622
2484.784096	-2514.584568
2501.175425	-2589.996223
2509.214753	-2628.914995
2498.090901	-2544.362707
2503.387875	-2570.899515
2412.164927	-2315.817441
2455.179446	-2320.643614
2502.767364	-2433.428839
2502.461256	-2368.020462
2505.021354	-2497.522369
2496.099486	-2112.963270
2324.015889	-1911.323860
2402.822641	-1913.171659
2503.113717	-1890.822672
2506.491747	-1756.641827
2507.408046	-1771.782783
2612.884688	-1925.380849
2703.605639	-1793.337232
2608.629350	-2114.852740
2558.985437	-2315.101119
2629.511526	-2511.367010
2703.089401	-2323.024909
2655.389804	-2512.189873
2686.608321	-2917.210495
2690.792446	-2719.443480
2703.746573	-3018.393469
2522.643186	-3119.403827
2590.141128	-3314.010672
2704.321659	-3266.008037
2702.639236	-3286.731058
2878.936353	-3510.170588
2892.300780	-2913.030524
2898.632539	-2735.131350
2783.645850	-2911.834486
2735.579842	-2317.506864
2900.963778	-2174.600160
