-3049.826601	2270.791319
-3014.186147	2233.430625
-3001.219998	2308.710808
-2991.986863	2259.210913
-2984.424710	2357.951470
-2978.099521	2300.502547
-2976.012447	2382.842851
-2976.107238	2294.580633
-2970.767765	2357.465490
-2964.376704	2284.877933
-2963.975927	2409.987042
-2952.473238	2369.310188
-2941.743016	2323.021700
-2934.448778	2373.660318
-2933.730331	2383.574582
-2971.675741	2403.778215
-3008.233629	2271.867440
-2936.977673	2354.072209
-3024.839733	2237.940240
-2979.397640	2283.677837
-3074.977476	2460.534299
-3069.974325	2593.464763
-3070.123260	2512.236427
-3057.437753	2561.922621
-3048.206377	2569.118912
-3035.967635	2507.453084
-3033.541956	2534.564928
-3028.178555	2498.371777
-3016.110084	2546.170174
-3015.013526	2529.015943
-3008.849526	2496.804196
-3007.641714	2528.380785
-3002.941232	2538.592105
-3002.077091	2579.733582
-2986.688362	2563.148828
-2984.593545	2500.181376
-2982.641780	2451.054841
-2972.049999	2497.053674
-2959.395097	2609.680555
-2958.855944	2571.829045
-2954.595700	2522.712291
-2947.065214	2503.705155
-2933.132263	2508.640832
-2933.357610	2434.856118
-2931.673162	2614.930133
-2925.745541	2467.569867
-2923.606686	2503.105694
-3089.695191	2604.590963
-3086.043678	2510.174774
-3065.237198	2484.606450
-3055.975872	2579.478374
-3053.872185	2540.617557
-3023.402709	2468.098947
-2993.676315	2488.019742
-2986.169809	2534.546764
-2975.896329	2587.579725
-2964.183059	2471.062132
-2943.736770	2559.833004
-2932.864698	2593.386018
-3036.266827	2593.239149
-3104.334364	2785.556736
-3099.180194	2806.546100
-3094.830912	2757.085046
-3087.514025	2771.903014
-3086.640626	2665.648060
-3069.890342	2734.364401
-3056.282249	2771.845969
-3055.065988	2641.261748
-3051.272298	2765.035389
-3025.343003	2794.593456
-3020.753447	2667.220790
-3019.404729	2724.410150
-3012.779376	2738.679164
-2997.970913	2810.091836
-2992.176172	2709.784998
-2992.943402	2657.692351
-2988.347578	2746.495307
-2972.444242	2792.976857
-2968.866931	2722.034204
-2960.206835	2694.789089
-2949.697215	2741.447150
-2949.595473	2648.110233
-2942.766389	2781.097907
-2941.088166	2667.708036
-2937.938003	2676.503497
-2930.195085	2719.241276
-2923.940659	2737.381482
-2923.777012	2626.788838
-2920.696490	2652.404426
-2921.003694	2768.773336
-3019.160398	2633.685957
-3016.880203	2809.665586
-2995.465336	2767.693636
-2962.311421	2661.100195
-2931.374819	2729.978017
-2918.883928	2777.212574
-3079.511333	2638.651953
-3015.994681	2781.739036
-2999.469798	2796.544556
-2959.923337	2706.020551
-3064.909094	2749.022786
-3064.642679	2756.668474
-3103.878661	2885.532179
-3101.213378	2850.249461
-3099.222662	2988.620894
-3095.770272	2971.063888
-3093.392686	2982.272506
-3090.302459	2893.233713
-3086.189077	2912.220485
-3087.316090	2851.479035
-3078.099877	2839.753276
-3074.747615	2933.617943
-3066.470112	2958.398373
-3056.975724	2926.543039
-3050.271147	2863.184605
-3045.706122	3001.867891
-3041.827327	2899.293720
-3041.575422	2867.249782
-3039.675388	2994.879123
-3038.399209	2969.110080
-3030.314049	2885.872219
-3024.298549	2943.885304
-3023.816141	2879.876175
-3011.715402	2981.598167
-3004.845180	2899.023647
-3001.107611	2946.596626
-2998.257060	2920.066549
-2992.408421	2974.154681
-2988.819094	2837.387280
-2984.937045	2960.094853
-2971.643163	2827.886270
-2973.696250	2977.868014
-2966.555901	2982.347024
-2955.021752	2924.513412
-2962.155929	2939.395840
-2954.956451	2997.267378
-2936.921041	2878.714752
-2938.726733	2866.338756
-2928.078652	2895.527456
-2927.413691	2993.659534
-2918.331904	2939.037625
-3100.772098	2868.894345
-3078.391900	2951.393418
-3069.883867	2855.669635
-3049.209714	2847.929339
-3016.422752	3008.488545
-2977.739910	2832.694554
-2929.301580	2966.347676
-2921.775490	2982.477102
-3049.427431	2972.900482
-2994.844214	2854.911986
-2987.282076	2986.182444
-2944.766074	2918.178249
-2935.535636	2904.238274
-3101.119704	3122.452165
-3097.071026	3155.302332
-3095.492928	3186.266867
-3092.980122	3206.578621
-3092.554059	3039.147644
-3084.495102	3041.322151
-3081.961452	3116.896376
-3073.964777	3073.247442
-3075.527674	3206.783316
-3072.068004	3160.244105
-3070.123191	3124.715970
-3069.023734	3118.423294
-3054.266582	3100.313217
-3051.373913	3169.759218
-3050.173139	3158.703590
-3051.733588	3031.355441
-3047.788937	3106.244942
-3045.649228	3184.658284
-3043.376578	3065.257289
-3043.885430	3040.959393
-3043.453784	3119.805914
-3040.661570	3140.196536
-3037.442502	3108.159498
-3022.342169	3207.156804
-3019.927085	3133.260136
-3019.800731	3044.678166
-3014.970556	3123.006805
-3013.271162	3062.046066
-3002.793905	3116.493136
-3000.825906	3083.224222
-2999.005420	3200.567831
-2998.200269	3042.640718
-2989.380498	3151.663646
-2984.377258	3056.171215
-2979.919869	3085.437509
-2975.293937	3062.199250
-2967.225033	3047.901714
-2964.373554	3105.193391
-2960.142719	3079.769092
-2958.356056	3089.486673
-2953.854453	3154.564110
-2947.412138	3162.157512
-2944.689590	3055.874462
-2935.812687	3113.315660
-2935.570322	3081.145767
-2925.719286	3075.257726
-2925.738051	3103.021717
-2921.714343	3052.309505
-3014.108740	3211.269747
-2985.593773	3038.196748
-2975.633204	3183.037222
-2952.117427	3204.703788
-2946.196397	3213.334985
-3094.687784	3163.638780
-3092.880385	3097.852425
-3068.885777	3179.212216
-3027.012425	3178.921470
-2960.812899	3157.330642
-2944.996493	3132.140627
-2940.062274	3087.000598
-3099.207444	3217.135808
-3106.621430	3381.106767
-3103.049507	3373.748974
-3090.617509	3228.200927
-3076.163880	3386.787038
-3068.286337	3391.866599
-3053.258588	3241.225712
-3042.566974	3243.667956
-3013.962454	3287.552786
-3006.610631	3242.474315
-2990.767124	3288.661188
-2974.771469	3270.095486
-2964.308739	3270.955744
-2960.302781	3243.290957
-2953.824589	3309.021876
-2931.607849	3357.840038
-2927.697746	3293.379104
-3073.483421	3372.025874
-3034.722273	3242.019423
-2921.435226	3301.171154
-2939.979791	3306.223702
-2941.181040	3264.502769
-3106.116037	3564.952776
-3104.939121	3448.240376
-3093.610191	3465.536167
-3101.629301	3589.945388
-3092.089693	3512.812610
-3098.605251	3443.389328
-3093.237771	3501.272881
-3078.253943	3432.665813
-3069.568663	3432.297593
-2952.116031	3801.603895
-2942.083289	3797.058444
-2894.273541	3733.865828
-2893.311054	3789.670408
-2891.613588	3664.216113
-2883.825069	3690.905982
-2878.261814	3753.501108
-2871.440288	3784.331297
-2868.049239	3807.433672
-2865.024486	3717.260340
-2863.532762	3785.683355
-2847.478694	3697.091424
-2847.155207	3729.559593
-2838.496729	3736.103676
-2840.501648	3752.995518
-2833.811379	3681.088868
-2831.403062	3657.811562
-2834.223256	3640.368788
-2830.801454	3803.710347
-2823.441275	3808.086211
-2817.223481	3758.531805
-2817.286708	3629.907978
-2815.431418	3658.731945
-2811.204991	3706.730928
-2804.549807	3704.098515
-2804.928550	3627.554355
-2799.342499	3678.307109
-2795.762871	3760.699667
-2783.961514	3676.954295
-2783.239775	3793.962146
-2781.992564	3814.018263
-2780.831380	3743.615047
-2780.782047	3703.270243
-2781.870075	3804.349373
-2777.308765	3787.268282
-2776.365229	3672.902377
-2770.555660	3773.875432
-2765.942318	3667.724465
-2760.818112	3657.248771
-2756.689142	3692.803561
-2740.050665	3788.887010
-2736.878262	3687.800451
-2728.246704	3746.275828
-2727.104109	3724.931013
-2726.691581	3654.999138
-2894.456273	3646.948056
-2888.331213	3795.097651
-2830.328012	3771.845853
-2900.410104	3769.991664
-2894.915756	3761.088954
-2756.988548	3716.197561
-2766.806549	3694.783954
-2889.139945	3475.025827
-2885.955430	3530.712462
-2880.952868	3442.876646
-2881.429786	3431.985150
-2862.462202	3430.011399
-2859.540926	3596.791401
-2858.702109	3610.577847
-2839.933405	3583.844387
-2831.754565	3590.636830
-2836.143556	3479.160802
-2827.655510	3467.025337
-2826.702371	3485.375650
-2820.104467	3490.785311
-2811.407997	3494.599558
-2814.115356	3589.371679
-2804.625992	3573.330425
-2786.713343	3605.580629
-2781.253663	3515.968379
-2779.432723	3567.346950
-2771.390993	3486.766168
-2764.347455	3571.057199
-2761.967804	3483.695366
-2757.837231	3531.865507
-2752.275957	3473.686965
-2753.262702	3491.541061
-2751.393927	3586.075799
-2749.492108	3545.275864
-2742.862127	3534.859210
-2742.391548	3495.692981
-2739.136443	3610.122779
-2737.954834	3557.418754
-2729.033364	3558.712056
-2720.893340	3492.039078
-2859.665958	3481.301340
-2782.303994	3585.607719
-2765.828867	3512.688200
-2756.777117	3451.574236
-2724.852438	3568.584710
-2816.531479	3532.565600
-2764.737814	3451.046868
-2724.514501	3481.530941
-2907.732122	3283.001622
-2903.209731	3398.981656
-2900.458777	3233.260742
-2875.322173	3354.729041
-2871.284293	3274.029245
-2863.067552	3232.473242
-2859.253901	3356.782111
-2849.076526	3378.467072
-2845.287533	3293.611666
-2842.777291	3239.690195
-2841.349770	3318.798434
-2836.946445	3351.276806
-2829.362469	3365.418550
-2826.984633	3388.315579
-2803.035028	3366.838125
-2795.167758	3347.789253
-2789.944566	3342.103560
-2776.360530	3246.778887
-2767.507013	3264.509183
-2748.408100	3330.297548
-2735.353210	3396.065264
-2735.392718	3354.715336
-2722.738015	3348.263027
-2720.442571	3281.187742
-2898.032082	3277.484108
-2890.320462	3271.723948
-2884.103713	3322.392815
-2876.420671	3306.603592
-2784.962929	3347.881986
-2779.476581	3230.653682
-2756.436977	3394.220341
-2752.562123	3285.481229
-2747.455379	3395.115831
-2898.620915	3310.958806
-2896.394907	3382.700165
-2855.946985	3407.947469
-2756.275817	3320.007015
-2770.432645	3226.657534
-2745.099546	3273.963193
-2736.399266	3274.616592
-2906.274219	3090.269794
-2902.350552	3072.793328
-2902.435234	3109.012896
-2898.205421	3149.564191
-2891.963531	3150.112785
-2888.400310	3057.068907
-2887.800693	3116.783103
-2883.437540	3198.593069
-2878.847206	3093.732958
-2875.732491	3084.320835
-2873.383237	3158.171144
-2872.742198	3064.950289
-2868.675122	3153.352178
-2868.023414	3119.209182
-2865.937932	3102.687711
-2857.969805	3143.302944
-2854.167859	3209.943274
-2855.627055	3121.221719
-2852.163361	3069.132877
-2849.096250	3186.751707
-2844.655187	3083.751121
-2849.505034	3037.997404
-2843.707453	3163.112717
-2840.479099	3120.718246
-2832.768641	3165.876247
-2832.455544	3153.451475
-2830.393686	3059.415214
-2827.350579	3093.168861
-2822.546795	3196.330001
-2815.285295	3064.410186
-2816.802546	3094.052634
-2811.976113	3162.400783
-2810.751191	3120.826955
-2805.215690	3070.498154
-2799.149986	3039.001363
-2797.764276	3050.927057
-2792.035538	3092.850055
-2789.528927	3030.437405
-2789.781452	3168.691837
-2789.657428	3180.307779
-2787.698284	3065.482363
-2783.469848	3040.790127
-2782.109170	3099.391187
-2777.528034	3204.801860
-2770.644123	3210.908582
-2763.939384	3055.430032
-2760.710756	3136.220063
-2758.624970	3184.422883
-2746.213702	3178.994200
-2749.169339	3031.694100
-2740.924334	3085.067172
-2742.590953	3146.507888
-2740.425617	3120.146216
-2739.822487	3194.345429
-2732.864754	3105.396565
-2732.397972	3133.677120
-2729.564104	3184.156150
-2724.353928	3030.525726
-2900.480811	3038.460256
-2817.346611	3142.213249
-2808.258596	3044.298909
-2807.027193	3025.047230
-2767.072825	3082.176196
-2758.151635	3196.058978
-2755.228621	3085.863076
-2739.094501	3179.281288
-2736.578940	3076.470390
-2799.393951	3161.585723
-2780.708683	3137.197190
-2833.111466	3041.985860
-2902.553929	2904.814947
-2898.134408	2962.657301
-2895.453505	2836.477844
-2893.136891	2842.982061
-2893.193888	3011.200385
-2891.031385	2861.263089
-2890.834940	2879.554870
-2883.152966	2976.470505
-2881.814653	2932.226629
-2877.959436	2968.534399
-2871.133930	2851.883853
-2868.398414	2869.522424
-2859.183831	2981.324423
-2866.436942	3006.099436
-2864.444383	2850.096899
-2861.200469	2890.834582
-2852.124518	2957.712861
-2851.130174	3001.016601
-2850.209401	2939.908622
-2846.978950	2919.511755
-2841.083581	2945.881683
-2836.935913	2847.341909
-2815.066432	2887.995532
-2811.843012	2977.361484
-2811.143516	2866.379755
-2807.455098	2954.200721
-2807.406847	2982.666299
-2800.476160	2972.230004
-2799.041703	3006.740205
-2799.954460	3014.275663
-2797.449938	2876.118062
-2792.985418	2994.036297
-2792.509831	2896.353511
-2780.954489	2842.029869
-2781.600234	2876.781401
-2778.434121	2992.928320
-2773.616974	2919.067666
-2771.919002	2953.445331
-2771.162048	2971.823374
-2768.228173	2896.833543
-2757.356642	2974.531782
-2753.961976	3006.541630
-2745.435518	2967.414021
-2743.854606	2927.264754
-2740.890601	2887.185722
-2736.313323	2969.754076
-2726.374003	2939.083410
-2875.013165	3012.897070
-2870.503406	2835.061330
-2864.927467	2881.654834
-2848.687878	2932.708132
-2819.971333	2996.191520
-2820.829279	2854.577952
-2812.200752	2912.062901
-2804.117000	2861.700162
-2778.295517	2833.544753
-2765.768726	2990.815064
-2750.656295	2995.664238
-2725.106621	2949.817997
-2718.307133	2896.538859
-2905.465266	2920.804923
-2903.002360	2927.749866
-2860.601982	2959.141320
-2852.371779	2847.024460
-2839.477288	2860.354692
-2813.629174	2826.669510
-2722.263477	2927.170764
-2819.623622	3009.594335
-2716.330979	2907.870517
-2897.346356	2674.785380
-2894.834893	2731.225241
-2887.179757	2716.303554
-2885.756820	2804.860774
-2878.645930	2694.714694
-2872.455307	2691.059996
-2864.264602	2759.459321
-2859.747379	2745.654001
-2856.255754	2712.863705
-2855.771056	2768.931054
-2851.667556	2792.679169
-2851.841280	2674.902300
-2848.658438	2637.887027
-2846.501164	2651.722358
-2838.335692	2802.680477
-2837.647777	2813.664857
-2838.587757	2762.272962
-2818.434910	2788.001361
-2802.832917	2765.101754
-2799.899487	2741.270693
-2794.826668	2736.562355
-2792.727950	2636.020668
-2784.255271	2684.851701
-2783.741229	2654.635925
-2781.730667	2717.370195
-2780.138998	2666.798552
-2777.510220	2782.277816
-2775.229296	2642.052823
-2774.945132	2809.801491
-2756.752852	2638.609990
-2754.420439	2728.460024
-2747.480852	2635.799756
-2738.798711	2660.512164
-2739.800991	2766.563036
-2738.767584	2811.302227
-2722.621391	2665.496488
-2898.346875	2786.667337
-2836.545529	2678.867335
-2826.976928	2742.978636
-2822.606010	2662.753900
-2802.942984	2717.436761
-2771.991804	2703.582122
-2762.198699	2682.363064
-2760.152883	2773.357710
-2728.319214	2813.066568
-2792.549985	2786.155317
-2779.100453	2761.097924
-2757.566530	2783.661819
-2721.850670	2684.011685
-2874.223357	2540.217056
-2871.237813	2440.349762
-2868.574821	2598.059031
-2862.645751	2509.599912
-2855.859381	2465.897524
-2848.572438	2503.996026
-2848.440682	2533.560383
-2848.024025	2525.234652
-2836.841355	2608.670230
-2829.582345	2503.508682
-2821.245659	2519.763772
-2812.834646	2565.083238
-2806.889351	2463.657713
-2803.962277	2601.797403
-2803.853680	2561.505933
-2779.914448	2462.775799
-2779.195979	2505.096695
-2779.665041	2438.006718
-2782.674049	2568.313387
-2773.719386	2486.410979
-2768.034475	2516.809664
-2765.944600	2557.421762
-2757.150603	2461.326908
-2746.864901	2480.531082
-2748.860917	2492.695798
-2744.058775	2511.249366
-2738.330884	2570.495719
-2737.746179	2584.551487
-2725.195265	2586.895605
-2722.705537	2482.300891
-2905.621975	2450.295284
-2816.823540	2548.123337
-2787.356220	2452.187171
-2765.917228	2591.828349
-2746.198267	2563.519037
-2737.221445	2428.738188
-2722.425156	2529.754913
-2796.910192	2520.936395
-2755.756840	2547.415024
-2733.787677	2610.777072
-2898.638560	2343.423559
-2895.548335	2358.227937
-2877.007390	2348.329878
-2863.508310	2294.266606
-2866.901965	2273.491634
-2859.564765	2356.910089
-2858.773355	2409.905893
-2857.945146	2330.789830
-2843.826457	2376.327267
-2842.318844	2352.541315
-2838.436511	2264.372176
-2838.610801	2386.309016
-2819.977253	2284.669348
-2811.500017	2396.585874
-2800.269910	2411.190700
-2791.849486	2391.573809
-2782.327605	2282.288620
-2773.645170	2304.305763
-2766.222453	2396.979199
-2758.329547	2356.360996
-2756.993699	2409.967283
-2747.638092	2387.078515
-2743.097318	2274.490006
-2731.199404	2355.546820
-2733.176767	2395.964319
-2727.781923	2306.342830
-2723.087305	2296.556465
-2717.692645	2378.480552
-2880.826572	2287.613879
-2836.361686	2331.241998
-2822.912004	2417.668984
-2785.189692	2377.572404
-2776.863877	2362.492937
-2767.247296	2295.033502
-2762.905063	2346.858031
-2753.025843	2337.847473
-2888.247909	2315.078753
-2882.341835	2326.294246
-2761.889500	2319.327351
-2891.972630	2353.174806
-2783.792443	2408.522395
-2696.394573	2361.749146
-2672.534961	2358.404710
-2666.172067	2390.608181
-2663.855949	2329.883179
-2663.701309	2381.237185
-2659.299029	2300.009932
-2655.023811	2278.052562
-2656.326968	2359.477280
-2638.150574	2348.335820
-2633.937912	2359.177507
-2633.330241	2376.190403
-2628.788336	2316.270332
-2624.996972	2410.428136
-2606.948948	2397.334152
-2610.638801	2309.861580
-2602.449904	2341.681262
-2598.808613	2380.730678
-2589.916020	2328.110791
-2591.022579	2270.054383
-2587.773231	2366.681853
-2586.947325	2309.728645
-2562.990943	2366.251214
-2560.908235	2323.523741
-2562.167289	2384.141508
-2560.036737	2263.385702
-2552.718116	2405.792109
-2548.399996	2281.038685
-2525.770760	2243.522978
-2525.005374	2304.226719
-2523.004819	2349.564364
-2689.242508	2318.598602
-2662.296515	2340.589331
-2645.852785	2399.448976
-2623.321357	2328.833931
-2540.336447	2362.485864
-2533.712065	2242.613613
-2531.876877	2317.927198
-2633.524143	2272.888814
-2629.503193	2293.298852
-2588.582184	2389.980266
-2570.697736	2296.012409
-2546.951866	2307.184569
-2657.191282	2268.089983
-2639.716914	2326.853731
-2703.938430	2538.125465
-2698.421325	2433.488599
-2697.293567	2585.615762
-2695.298845	2576.149919
-2693.877776	2608.362172
-2686.993440	2526.617732
-2689.128561	2470.201789
-2683.017052	2553.471931
-2679.240852	2564.278628
-2677.274642	2484.473219
-2674.427945	2554.606372
-2670.893389	2521.404553
-2670.896034	2441.521743
-2660.540284	2613.398362
-2657.845057	2591.544998
-2656.149595	2452.845478
-2649.163676	2456.657160
-2647.913929	2583.939614
-2645.376525	2546.916562
-2644.622586	2515.959479
-2639.863484	2610.890521
-2637.568123	2583.697480
-2636.779860	2490.123647
-2625.483940	2559.587786
-2624.403995	2449.890287
-2626.352718	2534.139863
-2619.125466	2593.072539
-2614.552963	2438.054051
-2610.636110	2487.344871
-2609.226882	2610.714627
-2603.307447	2579.181422
-2601.931987	2466.868904
-2598.578987	2541.361831
-2596.039896	2588.007100
-2581.581248	2497.653901
-2574.762673	2535.898387
-2571.166636	2548.061082
-2563.526273	2502.130376
-2559.132988	2530.534373
-2557.779493	2442.098595
-2555.239310	2558.029255
-2555.717532	2602.534851
-2557.251793	2461.053982
-2550.046830	2525.507410
-2543.773152	2494.911265
-2540.461831	2465.000943
-2539.352128	2482.778369
-2536.178228	2430.028383
-2529.181552	2489.155371
-2586.114562	2601.459449
-2578.501095	2606.368158
-2542.314976	2554.083487
-2587.022710	2487.175013
-2572.324119	2449.174033
-2694.133367	2751.764184
-2693.477785	2764.361798
-2687.056926	2687.228737
-2678.680507	2658.295308
-2674.345748	2639.447010
-2671.905232	2801.420121
-2672.725648	2652.702510
-2669.918106	2713.615296
-2666.299711	2687.844914
-2656.613279	2726.073151
-2654.345918	2702.091836
-2652.468935	2668.457002
-2645.634282	2700.850331
-2635.909808	2724.215266
-2629.031464	2658.022107
-2632.154085	2782.688587
-2614.427963	2678.166522
-2597.181783	2643.626195
-2592.255239	2687.363946
-2596.027476	2663.477450
-2580.867713	2745.453349
-2579.999687	2725.758609
-2579.813049	2692.731591
-2575.619243	2638.913890
-2574.007392	2763.127861
-2570.197982	2663.468734
-2569.320935	2740.576994
-2565.938611	2782.722514
-2562.277607	2680.873271
-2547.474048	2790.071472
-2538.753507	2769.539793
-2538.363208	2646.596263
-2537.776701	2760.290683
-2529.154585	2661.649630
-2528.496999	2713.484090
-2523.722807	2788.708060
-2519.434230	2698.480623
-2515.826680	2663.258142
-2677.936208	2690.732990
-2670.908802	2777.156762
-2666.546114	2667.878193
-2602.754529	2650.766286
-2552.809835	2762.636314
-2540.412694	2730.497469
-2651.640944	2760.506701
-2622.451643	2691.164599
-2573.864053	2709.237177
-2569.686717	2634.508958
-2543.110483	2699.969459
-2536.403724	2698.446016
-2584.004389	2655.939067
-2693.866723	2877.037054
-2689.555505	2831.818365
-2687.178573	2931.419098
-2684.744730	2868.515413
-2685.193312	2918.210689
-2674.540552	2942.489060
-2673.069970	2976.176325
-2664.509499	2915.502835
-2663.626584	2937.301005
-2661.643719	2896.350078
-2656.326203	2968.992013
-2657.420280	2936.993785
-2642.387297	2983.624019
-2631.197193	2872.483552
-2622.837671	2894.948449
-2619.585287	2883.601108
-2613.976147	2876.300782
-2611.760955	2865.328354
-2611.178659	3004.036181
-2611.499812	2903.294842
-2604.550719	2938.748944
-2604.199878	2950.297598
-2578.188729	2914.433771
-2576.334535	2983.266874
-2572.302775	2996.163873
-2569.085105	2898.386199
-2567.406264	2929.957554
-2565.511930	2876.899870
-2557.957718	2841.094818
-2553.483175	2856.275953
-2554.249900	2957.197347
-2550.916236	2831.173244
-2539.099819	2884.617895
-2540.464086	2926.968507
-2538.714788	2967.249636
-2535.420081	2872.252429
-2533.023086	2969.906144
-2522.231076	2972.087689
-2520.537503	2930.308195
-2522.281422	2939.974505
-2684.192838	2885.760437
-2670.037154	2832.132389
-2658.802406	2862.134212
-2643.657525	2853.760901
-2626.200230	2938.313079
-2593.688403	2920.081408
-2586.311566	2924.070019
-2562.228321	2986.824533
-2539.364049	2857.572402
-2646.632217	2937.316925
-2530.170573	3000.369030
-2536.528450	2843.757582
-2701.280989	3036.914976
-2695.782151	3143.149666
-2694.356277	3049.562541
-2686.120649	3178.728083
-2686.981302	3132.396401
-2683.478114	3102.584035
-2684.480390	3120.349751
-2681.134113	3083.648050
-2679.913841	3047.577047
-2664.909162	3103.247901
-2663.531788	3073.322332
-2659.543164	3144.624531
-2659.714829	3160.627384
-2654.827528	3067.457984
-2654.223581	3061.478772
-2643.676220	3104.505754
-2640.917106	3117.464399
-2640.071453	3131.950466
-2638.081042	3044.174872
-2630.853647	3145.906996
-2623.428827	3097.257065
-2624.132026	3136.087305
-2614.788450	3166.679299
-2617.913502	3071.751481
-2610.221092	3102.150105
-2608.109146	3135.469711
-2607.359772	3197.819036
-2607.257150	3163.803848
-2593.262742	3148.970299
-2590.186498	3162.693236
-2585.765148	3059.509825
-2586.323862	3174.652935
-2579.680934	3212.348127
-2576.666372	3033.172100
-2574.620021	3074.355979
-2566.074271	3172.272819
-2558.613101	3085.711477
-2559.267852	3198.158478
-2551.152551	3145.943680
-2552.275124	3060.337591
-2544.443718	3182.956883
-2540.363024	3074.978075
-2539.317530	3084.852085
-2535.043761	3060.691323
-2533.721013	3109.217567
-2533.910219	3187.301421
-2532.574994	3039.899555
-2531.920976	3146.698582
-2531.174089	3134.325744
-2525.539726	3166.632191
-2520.704957	3161.858512
-2704.929472	3069.425880
-2657.562998	3083.348508
-2600.688711	3074.139466
-2530.106246	3207.910097
-2521.955423	3209.745885
-2644.720615	3159.441011
-2551.479161	3200.016057
-2527.390334	3068.113736
-2699.365297	3382.481577
-2680.339356	3283.945768
-2664.857978	3364.940029
-2662.205358	3379.750015
-2649.776219	3227.180474
-2637.876591	3357.878177
-2635.518119	3377.077586
-2635.082366	3260.020997
-2631.155576	3266.631758
-2631.133962	3412.667890
-2622.330980	3396.873201
-2619.123469	3354.680779
-2616.688424	3286.841254
-2591.960151	3397.233604
-2591.891879	3302.041859
-2589.091346	3263.302369
-2586.301196	3406.582561
-2586.962619	3370.618484
-2575.374819	3295.049934
-2574.127375	3302.384585
-2572.059030	3319.192612
-2566.317627	3250.136891
-2565.482521	3279.309618
-2564.230517	3340.679989
-2562.400881	3400.018631
-2558.706324	3292.985833
-2557.289933	3284.377542
-2549.888314	3343.534495
-2546.558006	3235.063566
-2541.152237	3269.500401
-2530.970825	3373.818309
-2527.343207	3347.754940
-2527.201762	3229.750094
-2698.960773	3243.322314
-2687.360034	3320.561719
-2675.809971	3322.423738
-2617.542522	3378.462128
-2602.217533	3395.499550
-2556.618583	3323.683199
-2552.843381	3331.259414
-2678.559366	3349.081045
-2671.234309	3415.125517
-2631.252141	3391.024403
-2536.593321	3340.996396
-2702.732943	3533.997261
-2702.285373	3570.160597
-2692.838095	3495.887641
-2689.094298	3542.055124
-2681.095633	3520.750361
-2682.625581	3479.558336
-2656.440770	3497.476842
-2657.642375	3572.315232
-2653.104880	3457.223106
-2647.543191	3574.390683
-2649.230172	3540.823667
-2638.713746	3499.483638
-2638.789659	3544.145630
-2634.311182	3580.850913
-2634.032641	3610.809520
-2630.578305	3546.694167
-2631.534509	3567.083395
-2614.827281	3554.741132
-2608.353338	3444.369810
-2605.540505	3521.012385
-2595.483327	3526.918540
-2593.674602	3448.400568
-2581.742429	3448.655349
-2574.952716	3614.646698
-2574.136855	3492.575963
-2575.123366	3603.640211
-2570.394740	3481.688373
-2559.211517	3506.131811
-2553.931858	3583.889510
-2548.500795	3548.873882
-2547.586353	3562.824531
-2545.185875	3490.523662
-2531.794215	3522.115128
-2525.786170	3578.904460
-2674.421752	3482.857102
-2625.426048	3455.148240
-2628.303872	3502.897313
-2601.853126	3579.127488
-2593.015580	3478.110661
-2571.852872	3538.907771
-2547.955856	3592.206056
-2535.700059	3571.854850
-2614.537029	3480.752412
-2605.674237	3554.080400
-2583.601271	3585.726433
-2700.486265	3436.931311
-2619.725713	3576.449551
-2613.114170	3579.537938
-2580.249932	3435.316552
-2519.032471	3547.715510
-2702.737965	3718.018823
-2694.972185	3786.989625
-2691.612453	3801.816366
-2689.814880	3653.050672
-2682.669627	3741.446692
-2678.248930	3760.084670
-2675.714067	3663.398156
-2675.162433	3693.789242
-2677.255852	3731.479662
-2667.625950	3642.855895
-2654.627110	3779.469424
-2652.658384	3751.501866
-2650.468241	3657.039303
-2649.070560	3638.413376
-2649.809720	3807.702279
-2645.048727	3748.201713
-2647.287321	3668.501356
-2642.195232	3705.386900
-2638.425044	3714.245296
-2631.690921	3762.930875
-2630.301848	3661.554678
-2626.002016	3704.535247
-2623.437217	3760.860281
-2622.243480	3747.800905
-2621.723319	3637.070655
-2616.061850	3809.437159
-2606.787552	3786.195909
-2605.270039	3725.202856
-2604.039291	3658.962657
-2600.328350	3710.765858
-2590.889768	3760.460099
-2590.525412	3672.397723
-2587.546467	3644.561004
-2577.273809	3626.932147
-2574.650971	3677.989082
-2574.703537	3643.150828
-2571.327580	3786.581851
-2568.888843	3649.506648
-2564.608408	3713.388252
-2560.506154	3728.942089
-2548.078526	3640.131649
-2547.324151	3801.531760
-2542.632184	3629.579454
-2543.578853	3697.822589
-2540.129286	3706.739459
-2526.860189	3813.286606
-2665.992751	3728.055654
-2630.910137	3696.136589
-2610.125809	3746.651542
-2592.773115	3740.282879
-2533.378140	3722.119203
-2523.134989	3792.526752
-2539.719313	3659.165427
-2592.339850	3807.434647
-2495.897889	3713.787484
-2495.960355	3642.470168
-2495.356619	3660.634269
-2488.236461	3774.415044
-2474.939839	3753.574644
-2468.256145	3776.844353
-2467.748367	3676.443178
-2457.862225	3738.083862
-2467.921770	3789.920579
-2464.135599	3797.778430
-2463.528479	3687.863140
-2460.102073	3630.550377
-2460.171649	3673.371848
-2456.715385	3648.537042
-2451.551077	3661.217718
-2431.185451	3634.337697
-2423.314686	3722.283527
-2419.808081	3682.895133
-2419.294956	3671.539110
-2418.563626	3761.302948
-2418.367178	3652.663544
-2407.750503	3731.093316
-2404.774479	3635.185606
-2391.121991	3711.857776
-2387.181530	3810.785810
-2383.580999	3664.908362
-2384.409559	3673.889512
-2376.798807	3761.869125
-2359.346103	3806.254589
-2357.700686	3649.402702
-2358.238843	3638.242814
-2356.992587	3707.294233
-2355.580316	3690.746089
-2355.785643	3786.385220
-2351.457994	3748.832679
-2340.804621	3750.524365
-2333.744546	3651.404338
-2331.166742	3795.455852
-2324.975190	3685.921841
-2490.004944	3687.172402
-2487.385412	3783.805804
-2425.781875	3758.566192
-2419.640179	3645.512990
-2414.601391	3688.924368
-2391.188242	3652.497471
-2369.250519	3664.583400
-2357.003044	3780.768603
-2344.855251	3792.251461
-2338.698282	3644.413499
-2336.153993	3806.594962
-2418.377793	3783.460444
-2414.285485	3801.804030
-2385.288670	3735.144148
-2375.484716	3756.283278
-2319.370418	3807.485090
-2427.442413	3774.838237
-2351.686820	3675.618084
-2335.207037	3666.468275
-2319.839021	3708.586816
-2334.252390	3685.709556
-2506.170217	3454.222685
-2506.764450	3575.906097
-2497.943739	3513.912614
-2499.747372	3575.931657
-2484.459487	3513.928657
-2483.967008	3576.570616
-2483.804935	3535.715875
-2477.503387	3526.712327
-2473.450795	3616.646264
-2461.695458	3537.234180
-2465.181077	3488.837672
-2466.820637	3509.530256
-2464.904933	3564.266480
-2465.632532	3573.839808
-2452.819900	3533.639741
-2445.655523	3562.167247
-2446.884065	3604.371533
-2447.493728	3452.120125
-2439.125381	3458.909199
-2436.258757	3540.309356
-2428.563304	3572.416584
-2427.656190	3458.118018
-2421.646748	3545.963603
-2419.720162	3467.007842
-2407.093853	3496.943025
-2407.158063	3428.848437
-2406.258567	3578.320817
-2397.312065	3453.819877
-2392.336436	3549.379619
-2391.624442	3574.862777
-2391.697479	3523.435835
-2382.321755	3513.638643
-2374.025440	3515.367548
-2377.123962	3435.096108
-2357.557379	3469.824974
-2351.936172	3461.564301
-2351.376544	3588.799366
-2345.569268	3527.254000
-2344.924573	3570.290098
-2331.904287	3544.248388
-2480.275661	3588.999117
-2479.220262	3470.233192
-2472.149120	3590.154129
-2442.683958	3502.545149
-2362.237735	3436.383818
-2340.127924	3559.948600
-2329.244558	3604.813369
-2328.998472	3526.155219
-2406.700354	3544.403308
-2396.332220	3543.587249
-2322.980703	3481.382038
-2318.824572	3528.049190
-2489.560402	3505.331023
-2361.246697	3560.412665
-2343.268265	3473.656304
-2498.437313	3336.100795
-2493.301004	3302.888501
-2488.487352	3250.494793
-2488.704502	3284.647761
-2479.714594	3372.074951
-2480.282130	3350.233688
-2479.037058	3339.269151
-2477.747985	3263.199486
-2470.553196	3334.636156
-2469.258426	3300.322276
-2465.435708	3305.984254
-2453.761955	3305.741126
-2444.096058	3338.320628
-2443.241243	3244.907611
-2441.687924	3380.888559
-2430.589957	3274.384359
-2426.398349	3362.981362
-2427.890661	3339.776052
-2427.359727	3257.585014
-2426.617402	3295.970136
-2425.799618	3249.798104
-2424.638777	3287.580399
-2420.362766	3239.970481
-2416.772972	3318.059407
-2415.419341	3275.368361
-2416.362688	3310.368996
-2414.616424	3346.646264
-2403.955342	3297.097032
-2404.271228	3334.203557
-2395.443182	3346.564432
-2395.703727	3398.261153
-2395.546375	3369.833270
-2382.100994	3288.577858
-2385.723322	3257.260256
-2381.945325	3316.114774
-2373.434378	3281.534697
-2373.480780	3338.208427
-2368.593123	3407.524714
-2366.292856	3256.990127
-2362.709769	3285.005895
-2362.208843	3241.217391
-2359.486214	3352.808253
-2352.267292	3363.240730
-2341.546779	3250.113341
-2339.886116	3313.171664
-2339.326536	3391.391013
-2339.097330	3332.484717
-2330.113394	3238.929274
-2483.046517	3379.609237
-2477.188559	3279.896573
-2471.870717	3254.551199
-2445.477089	3229.903197
-2363.441992	3308.861276
-2363.218859	3231.912423
-2351.232215	3272.425911
-2353.453633	3297.683318
-2463.181750	3379.750902
-2379.507965	3228.619036
-2503.337810	3133.021889
-2495.030043	3074.147846
-2485.729274	3028.098190
-2482.481637	3197.570813
-2483.662831	3048.743610
-2485.132228	3066.462479
-2476.722480	3133.943398
-2466.085305	3108.414297
-2468.184690	3047.632809
-2463.393889	3198.258182
-2459.561913	3169.736430
-2458.462472	3127.707581
-2445.122323	3208.150724
-2446.190010	3113.895608
-2438.997256	3092.294590
-2437.936267	3055.519793
-2441.898436	3182.769190
-2426.851450	3131.858360
-2421.637041	3040.951098
-2423.233173	3105.288440
-2420.441112	3076.468486
-2420.943557	3195.116402
-2420.675303	3208.982872
-2414.540359	3035.496272
-2409.537145	3148.784167
-2404.448907	3058.560027
-2402.195441	3145.381119
-2399.465013	3182.262379
-2391.409215	3153.449852
-2381.696149	3136.799131
-2383.844366	3111.949577
-2373.273670	3158.289230
-2372.735200	3081.616677
-2369.600014	3113.629104
-2367.097784	3171.950214
-2363.236111	3055.775219
-2361.930295	3185.974718
-2353.190049	3096.189585
-2351.681021	3206.061147
-2350.405000	3196.161120
-2348.145681	3138.607146
-2346.089258	3069.964907
-2329.843643	3046.277450
-2329.383623	3153.104327
-2325.884898	3118.395862
-2324.387847	3074.296678
-2320.026108	3170.804900
-2491.269496	3105.090364
-2483.978301	3100.968744
-2467.345897	3080.961431
-2463.724831	3148.555908
-2440.595179	3068.569659
-2427.791162	3143.989056
-2412.953131	3175.138967
-2373.865430	3062.289837
-2364.819122	3065.143661
-2402.132971	3196.595451
-2386.518397	3212.163136
-2384.611716	3041.710974
-2357.752437	3039.685045
-2358.968827	3195.607005
-2328.816817	3066.872576
-2320.165050	3215.146471
-2498.547784	3173.246682
-2493.341711	3053.474323
-2499.835307	3196.987152
-2503.497368	2934.628673
-2495.164867	2959.544477
-2489.221357	2975.260886
-2483.989188	2866.520774
-2481.444624	2957.485493
-2475.315349	3008.774455
-2469.297681	2836.443614
-2463.369015	2929.503271
-2459.297002	2910.011322
-2457.327195	2997.150469
-2454.731395	2886.894790
-2450.607703	2838.850777
-2439.330513	2932.316287
-2437.448810	2832.479492
-2429.679742	2843.625183
-2427.867275	2896.908533
-2426.473596	2950.434258
-2426.558304	2878.142810
-2417.781470	2994.979498
-2416.187953	3010.242885
-2410.442627	2875.415970
-2407.840813	2843.596504
-2403.759514	2901.445367
-2400.791915	2878.825510
-2395.345709	2863.247417
-2394.297174	2946.968902
-2393.107657	3011.426491
-2383.013751	2931.108935
-2379.654600	2997.605355
-2375.152006	2894.330769
-2365.650309	2932.250210
-2352.117884	2934.499759
-2349.914610	3008.847044
-2345.223524	2981.348576
-2336.070616	2954.408313
-2332.073304	2991.924659
-2381.715376	2970.201934
-2373.524735	2876.542119
-2349.136818	2956.704737
-2331.012707	2929.713328
-2327.748458	3007.997015
-2428.549983	2934.006269
-2336.729884	2868.199067
-2507.595283	2648.549756
-2496.007790	2692.562686
-2488.914011	2745.388821
-2489.127053	2642.224157
-2488.532491	2713.280910
-2482.683169	2671.487197
-2480.673000	2791.740447
-2479.475683	2729.544693
-2476.829680	2657.167114
-2474.699011	2793.318470
-2467.519504	2760.545117
-2467.105924	2794.080796
-2465.842496	2688.281796
-2459.139101	2787.542459
-2457.644402	2667.698774
-2454.375224	2663.125670
-2447.758057	2772.779182
-2448.252194	2724.780175
-2441.897707	2704.673263
-2439.019010	2691.698233
-2431.117343	2692.790900
-2429.480612	2686.770033
-2430.314614	2805.031462
-2428.985686	2737.403203
-2426.230195	2656.626904
-2425.755470	2770.534632
-2424.475684	2641.945322
-2414.228205	2787.774815
-2412.406433	2766.510384
-2408.567774	2745.495822
-2404.426373	2655.827285
-2400.879920	2717.817957
-2395.584720	2661.299774
-2384.862375	2749.907612
-2367.000416	2768.795567
-2356.349874	2727.334803
-2360.423854	2789.312159
-2354.934937	2634.319501
-2358.830027	2710.200915
-2356.308367	2686.190995
-2354.272759	2764.448636
-2354.577256	2808.189445
-2337.190523	2776.724709
-2329.817819	2760.157868
-2323.603211	2808.081703
-2460.203548	2639.847748
-2443.100448	2656.176317
-2385.806698	2687.499331
-2375.629394	2740.377044
-2339.475181	2659.544659
-2328.849507	2631.479704
-2507.915495	2712.395006
-2480.040073	2746.622870
-2392.740792	2723.117686
-2381.847925	2663.411096
-2379.468757	2633.386438
-2488.829568	2729.588904
-2372.695493	2690.510159
-2382.127844	2705.177644
-2369.064439	2696.596360
-2336.140549	2689.266816
-2325.425289	2669.284270
-2506.143025	2559.140424
-2502.997450	2458.501285
-2498.833008	2540.685998
-2497.936437	2527.859120
-2483.088895	2563.944203
-2479.209086	2541.472779
-2476.653399	2428.129866
-2471.050113	2445.856256
-2469.347517	2568.212420
-2470.216112	2590.949078
-2465.591560	2593.803289
-2455.037164	2608.008751
-2452.219724	2558.144599
-2447.486723	2503.039013
-2444.242491	2576.430736
-2445.194883	2453.764408
-2442.805906	2586.400760
-2446.181580	2527.044235
-2438.514915	2502.303865
-2432.625775	2555.662567
-2427.908954	2497.932343
-2413.775738	2520.132687
-2406.733624	2589.137384
-2407.140587	2491.638437
-2401.346095	2501.362286
-2391.748295	2518.639725
-2384.920620	2555.855178
-2378.193033	2589.726693
-2371.652983	2501.272331
-2368.427821	2531.214545
-2364.198650	2469.868605
-2352.516189	2603.713157
-2349.497578	2443.363809
-2339.222695	2502.053770
-2334.689946	2518.043508
-2330.658598	2472.763617
-2478.402659	2487.076115
-2460.765931	2520.352658
-2415.948428	2473.982662
-2390.577424	2438.507881
-2361.993024	2565.248516
-2325.600802	2444.488522
-2502.080156	2547.667533
-2318.348173	2517.368693
-2503.573091	2297.785796
-2491.649730	2311.659202
-2486.669517	2394.388611
-2485.877568	2354.727583
-2487.243877	2301.901437
-2483.394346	2411.021955
-2475.222298	2384.660707
-2471.013129	2342.679579
-2459.629386	2390.453642
-2458.457661	2325.449656
-2455.671127	2402.378042
-2456.210568	2364.438696
-2434.912497	2294.383530
-2420.117003	2294.747671
-2411.374959	2385.442961
-2403.715642	2300.130549
-2397.484528	2343.593049
-2383.087008	2401.637639
-2382.615923	2350.956733
-2382.009732	2335.431358
-2373.986296	2400.984988
-2368.749970	2338.030943
-2356.500596	2327.838340
-2343.981274	2385.434552
-2334.936152	2341.802414
-2333.483682	2361.022228
-2332.022068	2371.128788
-2323.771255	2396.754375
-2321.668213	2386.978295
-2317.695526	2285.691261
-2502.594290	2312.730446
-2338.156819	2298.623979
-2481.458663	2378.662815
-2303.512766	2349.643517
-2286.449808	2326.119043
-2286.568237	2389.700360
-2282.136341	2414.907036
-2269.141222	2360.268436
-2265.704230	2403.067003
-2256.121713	2377.387751
-2245.855591	2394.721469
-2222.977640	2371.359461
-2215.295113	2375.050167
-2205.932593	2306.593609
-2196.902728	2362.681927
-2160.893149	2357.160993
-2159.089712	2414.003629
-2149.802509	2413.521507
-2119.709449	2402.426501
-2277.853428	2388.973515
-2185.841046	2332.239577
-2278.838321	2303.046491
-2306.761080	2564.486037
-2298.193936	2573.499955
-2298.097885	2454.860276
-2292.642312	2503.665840
-2291.442156	2615.300675
-2291.190390	2433.395314
-2285.250059	2483.850002
-2281.611647	2542.646536
-2280.802581	2462.823033
-2266.324302	2495.712659
-2264.961828	2583.158189
-2263.355124	2571.632338
-2258.878616	2459.194622
-2256.396375	2447.194999
-2251.254708	2569.286770
-2250.814564	2524.330148
-2240.849407	2608.064838
-2240.520527	2573.862586
-2235.424309	2597.773855
-2223.128474	2575.188548
-2222.999505	2509.735492
-2218.815858	2608.579647
-2209.375569	2433.952626
-2204.890731	2531.000721
-2201.103487	2492.016906
-2197.969624	2444.617466
-2191.839656	2506.867469
-2183.666360	2452.066722
-2165.149676	2545.282370
-2163.941302	2433.815900
-2154.747208	2497.759569
-2151.500130	2609.590202
-2148.413907	2538.458599
-2148.331042	2474.827394
-2135.872180	2507.811733
-2130.638217	2473.140428
-2129.060481	2524.331710
-2126.849242	2488.498503
-2127.272008	2552.894549
-2118.463659	2500.824853
-2291.299014	2548.438546
-2247.195691	2614.675808
-2212.851812	2600.994556
-2209.121304	2617.833804
-2172.983710	2533.114994
-2153.608861	2517.564428
-2145.518519	2590.517105
-2226.042805	2504.509863
-2188.720936	2443.640647
-2171.030854	2586.546402
-2265.943906	2452.474910
-2305.886164	2704.222773
-2298.784629	2702.922819
-2295.280257	2678.297504
-2285.101548	2746.695247
-2281.535483	2650.526291
-2278.966565	2733.040267
-2272.398855	2651.859321
-2268.423628	2671.959852
-2267.861649	2797.813829
-2264.632820	2814.537980
-2256.360892	2705.920538
-2256.964563	2734.212575
-2254.026782	2639.056589
-2251.039520	2658.932785
-2247.170409	2800.096617
-2247.608982	2693.001318
-2239.928618	2691.839132
-2225.968540	2679.288780
-2217.042722	2681.174507
-2217.084039	2639.525538
-2216.644155	2655.641181
-2212.107511	2737.397784
-2212.415126	2691.284312
-2207.134877	2808.634755
-2205.282847	2728.898071
-2194.414448	2652.669215
-2189.297081	2811.163408
-2187.423666	2772.229613
-2186.584676	2739.707667
-2178.941134	2726.206864
-2169.460267	2777.537585
-2165.199512	2694.980367
-2165.092512	2727.890114
-2159.117038	2659.054270
-2152.622177	2758.719433
-2154.546760	2807.204011
-2145.839384	2794.185919
-2135.677230	2641.858424
-2132.820016	2693.232605
-2127.916624	2718.889159
-2129.466116	2805.033126
-2128.293858	2769.908376
-2128.445402	2661.288607
-2126.822055	2791.342731
-2125.792853	2745.955780
-2119.829197	2692.673274
-2270.090439	2770.969638
-2206.773520	2658.671245
-2184.048440	2656.971606
-2175.762319	2676.626094
-2131.339224	2709.487277
-2127.522469	2673.868824
-2226.453075	2636.367270
-2213.859280	2764.986459
-2167.465175	2671.374652
-2122.575276	2650.557786
-2303.391116	2971.006020
-2292.560810	2991.209499
-2275.298116	2963.985348
-2274.674982	3007.822102
-2273.012201	2930.632377
-2270.127223	2991.294337
-2269.293020	2912.700536
-2263.177377	2853.313571
-2250.920580	2906.417786
-2234.758936	2850.433819
-2228.224838	2876.332858
-2227.283792	2975.177270
-2217.337919	2951.936702
-2206.038368	2872.640029
-2204.061862	2912.517809
-2198.633565	2921.718523
-2185.864229	2867.455841
-2182.513934	2997.016194
-2179.066722	2905.156477
-2170.917762	2987.245113
-2172.588474	2889.601946
-2168.140776	2836.955988
-2167.237920	2907.198520
-2146.517760	2849.302432
-2143.387640	2936.487985
-2142.058562	2977.842668
-2137.779005	2889.987999
-2134.635018	2917.803891
-2289.363454	2869.755336
-2290.227226	2901.225109
-2230.984079	3011.986612
-2229.459741	2867.488643
-2209.553783	2861.241655
-2208.510963	2977.011084
-2208.063458	2853.086559
-2200.369156	2845.081050
-2184.139566	3004.377191
-2163.061376	3006.357415
-2146.256966	2903.868031
-2126.828041	2863.253529
-2304.541534	3168.257069
-2301.786802	3114.536463
-2303.171465	3097.627103
-2304.819864	3139.535461
-2301.952395	3190.101435
-2302.050286	3203.266633
-2294.191649	3116.882584
-2287.977667	3054.137833
-2284.488204	3188.165274
-2282.147922	3108.031757
-2281.892970	3070.512198
-2278.360034	3079.572576
-2276.982770	3117.840794
-2273.442176	3149.207115
-2264.407365	3041.389979
-2263.240946	3067.612398
-2255.944371	3105.704332
-2257.049094	3195.131898
-2253.316236	3153.937405
-2252.144302	3067.905529
-2245.102931	3037.215722
-2244.012703	3204.938987
-2240.352210	3111.229690
-2231.101839	3186.168385
-2227.905422	3097.706861
-2222.115421	3159.460389
-2221.436803	3146.807878
-2211.563611	3206.794105
-2210.990413	3161.784165
-2209.305212	3049.945069
-2198.584025	3144.570845
-2198.999984	3044.600124
-2198.069430	3067.773458
-2190.207756	3206.599321
-2188.686882	3123.266146
-2186.214398	3056.044183
-2185.989028	3169.900960
-2185.099439	3196.069634
-2175.537958	3204.102264
-2173.284637	3138.128266
-2171.717322	3144.944712
-2169.924289	3099.142695
-2169.828355	3115.629505
-2167.023995	3081.440575
-2149.726951	3122.437382
-2144.507658	3094.738162
-2137.005938	3174.427661
-2136.588128	3122.246745
-2129.976097	3031.319036
-2125.537141	3171.500859
-2120.708855	3194.375403
-2297.149103	3074.366183
-2278.653665	3172.060273
-2221.565243	3069.477926
-2159.759163	3167.785510
-2126.235790	3048.346918
-2181.050310	3031.784163
-2302.287466	3290.673120
-2292.289623	3269.436438
-2290.217099	3406.890360
-2277.648811	3307.235448
-2269.620991	3358.688256
-2266.616553	3249.584349
-2266.071511	3402.626615
-2260.480056	3242.413493
-2257.282105	3311.044914
-2251.903126	3309.263798
-2251.737858	3320.329876
-2243.685369	3280.200844
-2243.459150	3335.450103
-2243.162023	3344.636566
-2241.018734	3395.866810
-2241.315606	3237.472673
-2238.360376	3247.314685
-2237.992466	3267.362174
-2235.350999	3373.691170
-2234.388387	3331.296940
-2234.403857	3406.949904
-2228.862865	3389.865648
-2225.835786	3332.912973
-2223.281492	3260.457515
-2220.926550	3373.060737
-2218.428466	3367.869003
-2216.479129	3295.703111
-2215.435836	3304.361538
-2208.937795	3322.401736
-2205.678348	3375.781635
-2201.279178	3281.162071
-2196.723344	3268.132007
-2196.892028	3258.161140
-2194.334319	3304.996683
-2193.576273	3411.509991
-2193.770075	3400.374566
-2190.521722	3373.917832
-2189.158080	3265.172060
-2186.016005	3328.681585
-2183.291929	3374.012896
-2181.923283	3238.012391
-2178.618310	3271.836136
-2171.431403	3346.971155
-2170.789583	3304.638333
-2167.879967	3325.335472
-2165.951296	3254.033207
-2166.216909	3290.237766
-2163.137859	3241.669724
-2159.183730	3274.449675
-2159.967660	3312.331342
-2156.695291	3407.157119
-2154.293451	3412.372622
-2146.733379	3365.196899
-2151.675355	3237.137998
-2149.159359	3337.320875
-2147.444081	3270.639535
-2145.032761	3228.307540
-2142.807081	3238.214034
-2141.693179	3348.425802
-2139.371932	3332.634749
-2137.166465	3296.904324
-2135.915209	3278.300065
-2135.191531	3395.929579
-2129.459373	3301.199579
-2123.459188	3232.822939
-2120.877201	3360.433800
-2284.984805	3255.041386
-2260.400036	3260.512418
-2241.454159	3311.165529
-2237.847616	3305.608768
-2217.830672	3278.925067
-2191.164241	3321.004727
-2181.889669	3337.351364
-2152.620455	3381.809269
-2138.429437	3226.351327
-2137.822412	3285.009684
-2287.482397	3357.555784
-2271.713942	3327.798604
-2228.113420	3314.342541
-2143.634756	3258.647030
-2271.487280	3351.652432
-2205.700519	3355.549220
-2304.379959	3483.211644
-2289.859686	3516.873410
-2289.379644	3593.830230
-2288.021592	3530.703409
-2289.009913	3457.720499
-2286.784383	3482.915324
-2284.201355	3496.070937
-2269.584590	3537.210741
-2270.680557	3613.402915
-2267.392667	3587.393441
-2263.397820	3456.044385
-2259.791094	3610.405395
-2259.346724	3448.745105
-2250.470611	3504.558300
-2250.787635	3430.644628
-2247.671638	3562.587616
-2246.092936	3475.205700
-2239.885133	3453.793873
-2230.900193	3602.196250
-2227.913622	3575.924283
-2221.735043	3477.582085
-2217.954521	3558.623253
-2211.597867	3481.946029
-2215.212978	3543.668015
-2215.108605	3578.760468
-2209.776813	3473.611480
-2205.849190	3460.326044
-2204.890024	3511.862638
-2201.761885	3544.604496
-2201.945504	3612.625289
-2197.492346	3495.436025
-2195.572550	3583.185159
-2190.499460	3508.541796
-2191.067829	3480.419828
-2189.150774	3601.059838
-2187.321503	3454.350521
-2186.336867	3433.101723
-2183.113319	3541.754125
-2173.417324	3576.301854
-2169.084434	3584.893587
-2166.867008	3454.663257
-2164.723729	3444.794470
-2157.213454	3573.442212
-2156.274663	3538.733708
-2154.561758	3443.348439
-2152.337454	3428.936004
-2147.906747	3590.838795
-2148.352121	3578.781087
-2146.894400	3497.589440
-2140.328359	3604.583906
-2138.639526	3445.769435
-2139.237766	3468.837940
-2139.316986	3482.048111
-2134.562402	3535.675938
-2133.614215	3519.350288
-2131.558484	3602.657209
-2130.690091	3565.899844
-2123.124903	3564.148607
-2287.640147	3450.556221
-2226.639155	3495.253438
-2198.385226	3599.244378
-2187.881328	3471.130070
-2185.756902	3462.449253
-2123.167356	3599.896312
-2266.255531	3507.644636
-2214.982720	3453.387032
-2213.456773	3458.824851
-2208.960013	3527.335355
-2196.874905	3439.040872
-2195.674525	3450.112420
-2158.892060	3603.156327
-2221.804097	3438.712565
-2130.734620	3508.413824
-2300.317189	3640.838377
-2292.102926	3654.428179
-2280.644853	3657.825659
-2280.477596	3678.492914
-2280.811663	3722.272851
-2279.383834	3796.791275
-2272.524789	3725.433910
-2272.812184	3768.186699
-2271.516834	3673.363435
-2270.026889	3696.566691
-2267.464430	3728.217258
-2262.493082	3730.679403
-2261.829795	3720.140528
-2259.811959	3699.964158
-2256.876645	3637.427208
-2257.608118	3755.960318
-2249.362995	3664.276204
-2245.899744	3645.467682
-2247.843807	3753.764682
-2240.766337	3661.182930
-2237.224573	3727.981955
-2237.113909	3794.155807
-2235.495705	3630.957104
-2233.275227	3674.031585
-2233.263866	3802.423787
-2229.348851	3687.233555
-2229.306172	3733.377449
-2220.788406	3788.224575
-2217.819709	3665.991438
-2216.055365	3717.427027
-2208.347527	3698.375585
-2205.549386	3768.695558
-2205.736642	3760.568723
-2204.612118	3714.495356
-2202.270164	3775.110793
-2200.138409	3800.079938
-2196.392210	3639.764034
-2193.704779	3773.319179
-2193.824939	3689.100778
-2190.921936	3722.397774
-2186.223327	3700.744649
-2183.090924	3658.924754
-2181.616816	3804.971158
-2182.182575	3718.429257
-2177.157691	3726.199590
-2171.715091	3739.330787
-2172.392807	3643.132084
-2172.570148	3673.208515
-2168.445277	3767.081023
-2168.122097	3811.780849
-2162.041868	3721.580957
-2159.702596	3636.105394
-2157.961016	3652.748669
-2157.319140	3683.760928
-2154.356418	3695.824882
-2145.871126	3716.890620
-2148.483083	3659.140724
-2136.711825	3718.118557
-2137.701713	3795.500958
-2136.994207	3634.249467
-2138.181402	3677.235335
-2125.392352	3630.105753
-2120.992262	3654.201428
-2118.778186	3677.460280
-2255.239735	3785.148749
-2255.231421	3795.783101
-2227.404986	3753.378901
-2198.685960	3738.815351
-2196.345032	3730.720743
-2186.941350	3747.191587
-2174.321028	3659.835818
-2167.329498	3793.306111
-2148.435846	3699.030354
-2128.126674	3744.132927
-2200.537041	3629.072406
-2130.620779	3757.503484
-2298.458610	3723.086178
-2268.576111	3740.483182
-2177.362715	3785.106430
-2137.653648	3659.923106
-2269.211975	3643.914793
-2223.415429	3773.639973
-2216.612152	3769.706101
-2163.736281	3784.964736
-2102.474820	3641.233547
-2097.825820	3633.459878
-2098.012164	3660.002494
-2085.344868	3687.346410
-2083.528133	3785.340565
-2081.584487	3746.406302
-2077.461981	3721.202809
-2073.605769	3671.853149
-2074.757114	3651.529747
-2070.560731	3784.755855
-2071.521446	3738.862712
-2066.504712	3704.158994
-2065.521108	3799.827644
-2062.594550	3808.640043
-2058.448037	3659.228914
-2056.473668	3728.814898
-2056.658902	3785.855442
-2049.617743	3638.088220
-2045.509753	3661.158936
-2039.135928	3667.239148
-2038.711205	3732.310923
-2039.490172	3760.351313
-2030.426961	3723.596385
-2028.467407	3671.607212
-2026.637511	3638.567847
-2022.750085	3709.679453
-2024.504050	3721.617535
-2020.299215	3689.721558
-2016.896667	3718.008776
-2015.726429	3754.595022
-2016.838468	3655.204234
-2012.400307	3674.582688
-2009.656919	3799.821467
-2002.085743	3639.671748
-1994.141512	3785.428864
-1988.308300	3713.404229
-1988.114558	3647.627155
-1982.896091	3754.054584
-1980.758439	3646.442931
-1975.097508	3661.698115
-1971.080333	3639.634760
-1967.346584	3690.572336
-1960.842163	3755.998734
-1959.829233	3726.144457
-1958.231813	3666.556570
-1952.672152	3722.894349
-1949.332459	3781.344933
-1945.187970	3676.856567
-1941.841058	3636.890112
-1942.539212	3711.808717
-1940.929289	3749.748930
-1938.196276	3646.152665
-1931.600934	3783.323535
-1930.464407	3676.492516
-1929.518835	3685.240537
-2104.571054	3633.132356
-2089.444939	3741.781432
-2082.554175	3796.182272
-2060.829439	3764.624806
-2058.308499	3639.148283
-2046.817643	3773.223978
-2002.371273	3654.040657
-1989.833474	3801.018553
-1964.022612	3677.926715
-2106.765912	3657.295558
-2104.790488	3704.993603
-1971.471289	3650.374212
-1953.400599	3771.675381
-1936.718002	3695.547646
-1926.519537	3748.395107
-2106.259753	3600.116711
-2105.064628	3457.848766
-2102.261814	3517.911594
-2091.656581	3513.902161
-2086.524573	3571.179568
-2079.863862	3501.403454
-2070.391975	3464.680058
-2063.673518	3441.770545
-2051.491345	3467.958671
-2056.957351	3511.623868
-2052.181172	3582.977319
-2038.803113	3609.136519
-2038.997926	3426.603041
-2035.960023	3569.209269
-2030.214415	3468.875392
-2021.212740	3595.722860
-2020.376796	3434.930636
-2013.360523	3467.848538
-2011.025415	3525.032118
-2010.670991	3429.223864
-1995.883428	3615.009041
-1994.097083	3568.880298
-1990.885902	3553.024139
-1988.880670	3601.969882
-1986.567937	3453.462213
-1979.451910	3550.391554
-1977.396392	3565.253365
-1976.415136	3599.804977
-1971.897522	3577.487754
-1971.278475	3522.240431
-1968.091343	3494.350758
-1966.370003	3559.442981
-1957.843891	3441.925988
-1955.844698	3581.386546
-1948.344541	3553.538261
-1938.534732	3492.205138
-1936.209392	3568.248761
-1938.031958	3523.628779
-1922.156137	3450.124943
-1920.787917	3430.206456
-2085.691110	3509.513817
-2060.702575	3531.080676
-2055.777495	3591.900556
-1980.113312	3576.280236
-1980.972262	3520.350572
-1947.288967	3527.638786
-1988.325804	3522.350602
-2096.678629	3267.282700
-2094.972406	3306.327266
-2094.286373	3231.487125
-2090.310540	3356.845832
-2089.940599	3285.647651
-2083.200442	3265.572296
-2081.034268	3332.103967
-2077.841484	3238.478720
-2077.290655	3261.567185
-2071.026618	3302.548422
-2069.163434	3351.902122
-2068.201367	3383.233796
-2066.284006	3397.135673
-2055.610544	3238.854356
-2051.959339	3291.734674
-2043.514896	3271.666987
-2040.924239	3345.501056
-2039.875151	3243.142041
-2039.757031	3299.601501
-2034.318232	3371.132805
-2035.145518	3391.246130
-2030.631387	3385.719869
-2032.790873	3274.298300
-2031.569689	3354.641621
-2023.639109	3327.736775
-2023.362271	3242.093805
-2018.399438	3309.394813
-2019.188818	3230.429252
-2014.189387	3389.457054
-2002.588022	3370.725566
-1996.771388	3321.959710
-1995.297777	3391.165325
-1994.608734	3299.118942
-1992.223969	3335.469995
-1987.855663	3263.687945
-1984.479442	3355.431277
-1980.674035	3344.028265
-1978.050664	3300.938537
-1965.496193	3343.446435
-1964.595613	3278.378469
-1953.804122	3331.944691
-1949.345242	3298.929854
-1949.406303	3238.221297
-1936.341178	3234.131563
-1933.137037	3342.049688
-1928.168877	3248.724499
-2013.838952	3278.356453
-1941.366500	3348.589285
-2083.211983	3373.689480
-2077.721533	3303.263836
-1954.510882	3347.587120
-1943.062989	3305.702657
-2100.579735	3396.250730
-2092.738469	3393.849922
-2062.216112	3327.134345
-2060.100078	3334.889407
-2061.288579	3269.701255
-2102.477894	3089.260839
-2097.583679	3170.673673
-2096.557040	3153.906288
-2093.226337	3165.131398
-2092.414945	3212.217608
-2090.970718	3187.303095
-2075.244975	3166.414573
-2077.287226	3081.401814
-2076.992137	3099.905115
-2074.019295	3124.513488
-2073.008713	3196.365500
-2062.300631	3207.498775
-2064.588548	3086.473864
-2057.608687	3124.459897
-2055.865383	3184.582965
-2056.167440	3138.346203
-2054.077754	3068.698182
-2052.722159	3074.275811
-2046.816616	3160.507420
-2040.966966	3120.840040
-2042.487655	3086.701300
-2040.404651	3100.813723
-2037.090019	3193.905541
-2036.642149	3046.747110
-2032.496694	3206.469820
-2030.353521	3099.837007
-2031.650545	3176.609614
-2026.217382	3166.464953
-2025.736782	3146.141600
-2021.045775	3047.976571
-2019.454696	3137.921122
-2007.930653	3082.380466
-2004.822898	3075.000191
-2001.910092	3139.706121
-2001.658071	3105.152524
-1995.371510	3059.324771
-1994.010333	3155.764869
-1987.829816	3037.771544
-1981.525598	3137.965250
-1980.628269	3127.685546
-1974.954504	3061.915372
-1972.453881	3150.084752
-1964.210521	3205.361363
-1962.507046	3161.021957
-1963.053518	3081.206218
-1948.201730	3089.645075
-1943.836771	3067.781795
-1940.241398	3046.299271
-1936.967341	3109.485943
-1936.849030	3086.362886
-1934.902544	3145.851103
-1933.063885	3125.074526
-1925.649247	3188.054567
-1922.108909	3110.581256
-1921.321944	3093.633887
-2077.349081	3182.343850
-2068.876295	3055.154174
-2009.567023	3162.935218
-1979.272271	3188.503064
-1963.756393	3211.881840
-1945.415219	3107.345341
-1933.806715	3205.610331
-2100.524136	3145.880497
-2049.883666	3053.302799
-1962.671953	3141.424301
-1945.895526	3032.921310
-1924.272120	3087.577415
-1922.587227	3180.586273
-2030.175655	3135.590021
-1953.624943	3081.109094
-1929.564917	3051.628949
-2095.539652	2931.416497
-2092.328464	2888.846035
-2093.111941	2860.171037
-2088.637696	2844.995075
-2079.603242	3010.556905
-2074.486012	2850.246049
-2074.526101	2888.799707
-2066.836397	2894.407931
-2064.467787	2931.048751
-2058.988985	2872.231264
-2058.960534	2990.561291
-2058.105271	2918.627175
-2051.882393	2962.473762
-2047.329764	2845.373847
-2049.102056	2907.844781
-2047.902821	2832.643764
-2041.014783	2956.065012
-2035.366438	2980.942669
-2032.864357	2845.363465
-2027.919919	2830.346150
-2024.637175	3008.759462
-2021.365557	2904.762715
-2015.127951	2932.480838
-2016.196882	2942.401805
-2005.995750	2856.034054
-2001.432188	2882.084264
-1997.758521	2909.811338
-1995.311918	2952.233619
-1995.047217	3003.865950
-1984.676750	2887.939811
-1979.114670	2900.168358
-1976.589222	2940.707258
-1970.633866	3003.713715
-1968.602886	2860.982124
-1965.268547	2983.723747
-1951.372599	2940.698503
-1952.572350	2828.983904
-1950.256561	2928.946512
-1948.051710	2995.231565
-1946.512339	2904.344173
-1947.540734	2891.578511
-1935.945681	2873.815398
-1934.723620	2834.590330
-1929.326278	2973.325452
-2099.562670	3002.862538
-2084.494095	2953.618521
-2030.295019	2922.329467
-2013.894918	2922.831271
-1974.355434	2869.492070
-1955.208096	2912.134392
-1958.947144	2984.297862
-1960.424256	2940.272151
-1956.666462	3009.742592
-2103.317279	2950.214616
-2025.695470	2948.387746
-2005.699479	2986.681409
-1958.963081	2899.944921
-1940.310415	2953.753364
-1931.091869	2855.240800
-1922.981724	2834.408074
-2013.874365	2854.803227
-1986.553994	2876.451362
-2105.825007	2809.745162
-2103.914296	2720.552175
-2094.480495	2690.146413
-2090.848481	2634.539832
-2089.393562	2737.414571
-2083.087003	2769.028775
-2080.389359	2786.032784
-2071.873727	2728.267604
-2070.839875	2647.987622
-2063.010479	2748.483291
-2057.470615	2732.524435
-2056.877446	2683.261884
-2042.521906	2705.585639
-2027.002536	2638.834951
-2016.915847	2739.593934
-2011.500764	2694.128032
-2003.759595	2747.096413
-2002.162185	2663.894326
-2002.183397	2786.766852
-1995.983779	2718.968623
-1993.346015	2685.618267
-1992.363780	2650.526614
-1984.776280	2780.923379
-1984.594753	2639.018982
-1986.232717	2744.249429
-1980.281085	2663.103782
-1967.687610	2697.135485
-1966.205905	2738.320178
-1954.273202	2694.973328
-1940.042254	2643.360842
-1937.422163	2773.086150
-1930.520821	2724.777102
-1929.713266	2625.830223
-1927.632301	2782.313182
-1925.270977	2647.376214
-1925.134908	2801.901365
-2089.476569	2657.643178
-2055.832176	2790.798586
-2041.535769	2780.802884
-2042.238788	2635.491100
-2031.449844	2714.836858
-1998.903416	2763.770897
-1957.412492	2685.013109
-1958.073522	2774.849712
-1954.301295	2707.396826
-2032.317609	2668.128302
-2015.953035	2684.565851
-1919.103622	2698.313789
-2034.553410	2782.819305
-1955.328664	2678.107345
-2103.094976	2608.167713
-2098.967374	2486.746249
-2096.402549	2537.382271
-2094.341623	2548.244799
-2082.641651	2550.912231
-2067.924192	2585.073679
-2063.958452	2458.992892
-2053.999085	2501.395934
-2053.133767	2595.174387
-2052.935794	2529.162796
-2054.458920	2475.899964
-2053.396776	2550.488470
-2045.661681	2501.878778
-2044.236847	2565.689016
-2034.191984	2507.582677
-2034.208594	2475.418618
-2027.698031	2516.667422
-2022.178391	2463.963113
-2008.108183	2467.647326
-2011.275265	2529.816058
-2005.547739	2504.246804
-1987.793268	2480.056793
-1984.489739	2515.622603
-1981.057352	2455.687416
-1984.911496	2491.382802
-1977.696140	2581.482199
-1957.207438	2467.586824
-1952.893123	2446.119399
-1948.235767	2489.111360
-1940.506789	2547.659832
-1937.117216	2480.202763
-1922.302055	2555.797639
-2081.498641	2436.134631
-2060.520960	2519.980004
-2028.168219	2496.471230
-2013.575320	2580.119979
-1986.017817	2437.472691
-1980.321976	2503.553128
-1965.482073	2481.811263
-1937.885554	2456.671173
-1922.394079	2589.541095
-1922.049583	2579.247670
-2012.167140	2606.809198
-1985.877767	2573.278191
-1940.628802	2442.909284
-1944.180270	2433.178821
-1958.296205	2443.789349
-2093.441178	2316.835173
-2090.724323	2310.444279
-2089.492014	2362.222355
-2089.676053	2396.467009
-2085.174885	2346.470157
-2085.066533	2371.066997
-2082.896470	2394.118354
-2062.979218	2312.739855
-2061.967893	2358.676540
-2058.020191	2399.498996
-2023.705391	2315.423804
-2009.781827	2352.851577
-2006.918934	2378.596290
-1999.064529	2346.907788
-1986.369049	2388.463435
-1982.999142	2372.453463
-1981.374157	2338.110254
-1974.681008	2378.012314
-1963.483506	2348.372657
-1949.811783	2277.887420
-1935.052566	2363.845805
-1932.355791	2253.533939
-1929.100574	2312.302440
-1927.592110	2276.944064
-1924.664011	2324.952828
-2043.670657	2361.221087
-2038.931309	2392.136409
-2029.001034	2397.440796
-2010.356042	2328.811956
-1958.936261	2370.770146
-1938.455355	2326.252274
-2048.166347	2396.959147
-2042.776350	2317.309893
-1946.617174	2037.091810
-1814.016493	2181.378134
-1803.391401	2177.159581
-1788.708839	2205.411714
-1904.447786	2233.900050
-1893.976119	2319.966204
-1886.101270	2384.990842
-1884.508165	2362.426518
-1878.635218	2262.439341
-1877.121054	2330.399977
-1870.380431	2393.008796
-1853.642352	2388.512865
-1851.344427	2407.620718
-1848.090783	2351.088755
-1832.757242	2346.829046
-1827.898957	2386.418419
-1823.215797	2362.284029
-1823.818826	2278.440284
-1820.264024	2381.931308
-1804.270797	2305.242892
-1802.721312	2337.964383
-1783.182361	2269.479162
-1774.022957	2281.710000
-1761.369671	2394.167574
-1758.784991	2342.509164
-1747.035802	2254.985297
-1745.355041	2397.358999
-1722.128575	2296.407361
-1892.664931	2247.362818
-1862.453682	2333.612367
-1840.949500	2319.622088
-1834.672215	2330.120093
-1787.978187	2288.783412
-1743.379687	2350.973137
-1721.040178	2362.254924
-1872.902581	2301.760875
-1817.398459	2290.583390
-1767.932670	2340.204512
-1754.527843	2318.217389
-1779.559191	2294.871965
-1778.003644	2379.155909
-1897.627110	2294.265004
-1903.975237	2576.016228
-1899.720881	2550.996182
-1897.973923	2524.526479
-1896.915039	2457.457007
-1894.506685	2611.134083
-1890.769320	2592.435169
-1886.393678	2507.400250
-1885.936683	2452.536783
-1875.756441	2473.024587
-1878.547127	2533.141644
-1875.164730	2442.052473
-1863.701004	2509.091103
-1855.758669	2530.567837
-1851.993959	2429.873691
-1841.693924	2491.325191
-1839.981708	2545.325092
-1836.523181	2498.848072
-1832.805179	2562.545710
-1828.908590	2438.423696
-1829.751385	2464.545209
-1829.461427	2520.702193
-1827.161948	2590.332743
-1825.954623	2565.987567
-1817.949469	2516.236418
-1814.961977	2476.871507
-1812.574429	2454.292209
-1803.566054	2550.522959
-1795.491494	2615.977472
-1793.951180	2593.955712
-1793.419771	2587.720097
-1786.680957	2496.226234
-1787.248686	2540.456018
-1783.096136	2586.797223
-1774.110508	2445.190311
-1770.301473	2543.576461
-1768.180473	2588.181687
-1764.480020	2473.384346
-1755.259310	2518.202449
-1754.911977	2600.082755
-1752.855759	2438.421789
-1748.125038	2584.746280
-1748.505755	2460.547096
-1744.766082	2492.693662
-1741.223662	2541.481514
-1737.910345	2523.858660
-1724.490154	2592.710100
-1868.978296	2607.264654
-1829.984045	2511.928281
-1758.148989	2608.479802
-1787.572868	2473.619986
-1768.817271	2481.762542
-1751.954327	2454.173636
-1853.081154	2584.444571
-1903.589358	2785.603744
-1900.517815	2771.713463
-1896.227788	2800.891172
-1880.074671	2655.052583
-1882.122540	2799.349140
-1875.592196	2707.474348
-1876.285451	2717.294788
-1869.401703	2770.855773
-1860.868667	2678.555859
-1858.045613	2636.665456
-1853.775355	2798.050746
-1850.697285	2649.185003
-1842.154599	2785.538607
-1840.041669	2691.301453
-1837.215665	2659.514254
-1837.732892	2779.971808
-1832.126290	2763.263571
-1825.542454	2714.768799
-1818.564275	2648.315472
-1815.256769	2698.846095
-1805.197551	2680.996225
-1800.208773	2795.900504
-1794.551099	2659.295156
-1794.300575	2735.378633
-1794.063984	2701.198421
-1788.873413	2703.723680
-1789.922370	2771.762930
-1787.067413	2777.218814
-1771.273980	2634.100455
-1766.344298	2660.322302
-1766.320847	2759.166561
-1762.611346	2723.688207
-1760.029011	2813.523067
-1755.949050	2751.801113
-1752.990473	2765.943650
-1753.343993	2792.362592
-1737.301447	2652.807116
-1734.761010	2701.865497
-1729.456382	2648.315167
-1903.886548	2713.497525
-1885.898896	2790.251209
-1874.977056	2782.908821
-1841.213505	2708.590650
-1829.346307	2695.800224
-1828.871807	2728.227661
-1803.852582	2651.031407
-1787.254722	2752.859850
-1744.130975	2654.437739
-1730.623482	2791.311887
-1838.969571	2727.893689
-1787.265633	2812.234827
-1753.814496	2760.478408
-1857.793774	2627.416157
-1898.515047	2847.888253
-1897.125503	2961.896061
-1893.729656	2917.437523
-1892.346507	2883.070783
-1890.038830	2999.508231
-1879.649323	2859.914309
-1873.200605	2956.615229
-1876.769910	2883.864996
-1869.072118	2997.244548
-1868.413030	2935.998958
-1865.722620	2975.763823
-1859.338329	2963.295502
-1858.867845	2985.709678
-1850.620054	3015.257946
-1848.492143	2854.524536
-1843.608143	2911.830410
-1841.194361	2971.236627
-1841.579739	3014.226183
-1841.090961	2962.292531
-1835.816224	3006.377088
-1832.622138	2833.659614
-1832.333382	2955.413420
-1823.318067	2979.516841
-1820.714990	2836.107694
-1819.867178	2925.007533
-1819.057369	2882.322909
-1810.731647	3000.023795
-1804.218161	2904.801082
-1801.582806	2999.750634
-1784.691049	2983.664998
-1782.780359	2887.614669
-1773.015699	2956.477682
-1753.677574	3012.662455
-1751.798861	2911.809806
-1752.031983	2870.181808
-1737.138205	2947.961022
-1728.495922	2911.910209
-1725.870201	3001.926702
-1721.850807	2874.451067
-1895.670210	3011.159131
-1895.798800	2936.875513
-1871.195149	2912.040921
-1868.062548	2881.588206
-1810.646545	2864.046974
-1767.600899	2844.921317
-1765.039992	2980.013617
-1733.889863	2831.655947
-1723.753057	2926.637198
-1731.083058	2970.650970
-1901.974863	2854.059629
-1804.527419	2900.507080
-1898.625996	3180.087059
-1898.229050	3067.994968
-1895.967873	3114.916502
-1891.542318	3197.635812
-1887.920167	3100.425207
-1887.080877	3144.362767
-1877.179705	3039.025228
-1877.725127	3130.759148
-1877.550013	3165.462927
-1878.502306	3081.098417
-1862.579449	3128.561407
-1854.552676	3041.881849
-1851.257846	3202.319497
-1847.468969	3176.648560
-1850.168574	3163.464957
-1848.317050	3051.978763
-1842.311856	3110.409362
-1839.818932	3135.964285
-1838.592336	3074.734001
-1837.763787	3127.563408
-1833.527486	3093.322910
-1827.900009	3124.184407
-1827.597909	3098.093017
-1820.116657	3042.704634
-1821.962963	3206.304115
-1814.164037	3189.206798
-1807.728138	3068.540234
-1793.343203	3068.492382
-1793.541101	3106.456073
-1790.469885	3041.024577
-1787.225965	3208.573002
-1777.168028	3073.264762
-1778.052056	3206.535024
-1774.053863	3192.929140
-1772.718934	3165.526620
-1769.726374	3149.860466
-1769.477738	3112.766121
-1766.288305	3159.541734
-1736.088575	3181.192777
-1732.334917	3142.404888
-1727.666031	3121.294118
-1901.920043	3096.770422
-1899.615832	3033.393347
-1895.484455	3039.637768
-1877.274513	3122.916694
-1839.255561	3142.989007
-1770.077349	3044.745863
-1750.371895	3038.325278
-1737.424402	3190.945398
-1731.703007	3051.390780
-1860.157340	3122.405998
-1737.729519	3096.833543
-1783.157354	3068.660224
-1895.955540	3385.146906
-1892.800318	3258.125856
-1883.440016	3273.117307
-1879.243333	3230.420526
-1874.628877	3242.979828
-1872.823039	3372.060218
-1861.966956	3247.502349
-1861.127965	3305.630253
-1856.394362	3381.151634
-1853.455068	3294.249892
-1845.301685	3382.349309
-1839.696733	3304.287537
-1831.882519	3265.333327
-1830.118051	3382.290958
-1815.956350	3255.567756
-1808.820119	3277.046204
-1804.993286	3329.258493
-1805.660673	3378.852946
-1792.509789	3399.787457
-1788.622374	3372.664532
-1784.491830	3394.319435
-1770.846671	3294.078540
-1769.913293	3272.089706
-1757.252048	3383.172672
-1748.735621	3274.566555
-1749.074117	3361.445538
-1744.394196	3384.731511
-1741.860818	3412.984046
-1729.759744	3375.635237
-1726.137650	3351.752580
-1726.512707	3385.825304
-1721.854280	3258.889230
-1819.329011	3311.079578
-1792.284975	3291.359448
-1903.967409	3250.533812
-1818.205572	3280.950924
-1732.025162	3412.660794
-1732.771427	3297.668291
-1723.820219	3283.801211
-1907.420792	3515.983669
-1895.970238	3465.742082
-1891.537985	3514.071556
-1883.442035	3471.255962
-1886.270887	3579.521438
-1883.751140	3508.530467
-1873.463782	3501.281784
-1871.967697	3551.367862
-1870.929432	3577.876886
-1867.869760	3559.401463
-1864.805630	3504.208352
-1859.998431	3473.280819
-1855.765960	3584.079581
-1847.778642	3502.132619
-1843.105438	3436.215339
-1832.557921	3582.655669
-1817.717509	3449.305024
-1814.843619	3470.246158
-1814.345435	3525.988179
-1813.711702	3548.265323
-1806.166446	3569.072888
-1803.173440	3591.602998
-1800.638984	3554.083609
-1798.255190	3616.462689
-1796.027845	3599.706374
-1788.259765	3599.262080
-1783.012645	3459.567367
-1780.950322	3599.570940
-1775.778798	3486.773305
-1773.590176	3600.192902
-1773.262203	3509.100532
-1765.518985	3602.985929
-1768.457038	3549.920679
-1764.393313	3610.464276
-1764.763811	3506.971777
-1763.343011	3433.977852
-1759.972908	3492.999881
-1742.626083	3465.371952
-1742.333989	3577.505899
-1736.633849	3613.019495
-1730.529627	3583.045557
-1730.528425	3491.034429
-1724.252807	3466.064177
-1722.192053	3543.610185
-1868.891752	3474.811709
-1830.723799	3450.039029
-1831.493821	3598.905880
-1906.800957	3789.150769
-1904.725565	3627.033307
-1901.765351	3637.573587
-1885.821238	3720.680558
-1885.593259	3643.117292
-1881.838184	3782.532106
-1880.072273	3649.211679
-1877.290882	3635.977967
-1876.638132	3716.625508
-1871.626719	3789.573671
-1871.531116	3651.096269
-1867.078596	3745.540443
-1853.164844	3792.928528
-1853.278322	3699.560480
-1835.575167	3698.287478
-1823.103263	3666.945673
-1818.919763	3739.750475
-1813.648099	3788.060972
-1810.648539	3742.911742
-1805.180108	3729.117811
-1804.138309	3737.790287
-1799.194808	3650.732745
-1796.533035	3800.859275
-1792.533193	3722.227924
-1789.534125	3682.698900
-1778.294014	3806.359090
-1777.925842	3720.641017
-1775.030283	3692.127591
-1770.327571	3628.140041
-1766.649571	3641.731529
-1765.989228	3724.429798
-1761.221986	3709.255441
-1746.442593	3655.354149
-1747.818482	3635.359098
-1742.085883	3806.282098
-1736.741924	3712.375493
-1736.218255	3676.978065
-1733.061870	3630.957004
-1730.767906	3769.984901
-1721.475006	3767.779427
-1718.321756	3797.858544
-1891.236253	3782.106453
-1856.064584	3664.350299
-1850.284386	3632.783671
-1820.490071	3771.757500
-1809.844514	3629.270559
-1788.548607	3632.825072
-1786.995630	3721.684166
-1767.639032	3657.094806
-1763.268216	3743.411708
-1733.762627	3730.058679
-1878.746701	3670.925823
-1797.710443	3640.220809
-1797.027143	3702.737188
-1789.681270	3645.234769
-1779.291647	3786.692532
-1751.279726	3716.160480
-1850.259894	3715.481318
-1758.303766	3699.097022
-1735.216919	3688.493010
-1849.557449	3798.709731
-1847.774166	3759.650594
-1726.052530	3642.891179
-1705.261921	3733.813262
-1702.969725	3639.740173
-1703.487215	3769.693707
-1700.081884	3779.259766
-1700.404203	3707.511912
-1693.380475	3702.102866
-1692.956720	3683.182063
-1691.736698	3644.355377
-1693.575153	3630.254215
-1686.536173	3685.956405
-1688.130171	3746.020047
-1681.198597	3633.835617
-1681.478297	3717.962579
-1680.720319	3787.043112
-1678.528538	3771.383440
-1672.440869	3669.382873
-1674.005051	3781.122630
-1669.852141	3741.870394
-1662.124407	3725.241130
-1660.645064	3811.262985
-1660.570789	3736.048335
-1657.872237	3645.287001
-1656.018536	3695.176945
-1650.334704	3669.946702
-1633.481645	3707.096991
-1626.348891	3739.404749
-1614.528796	3751.781697
-1605.073123	3710.568564
-1603.874017	3745.435411
-1600.619976	3765.081755
-1600.043231	3772.786842
-1588.843558	3694.776433
-1587.961526	3631.544236
-1583.220640	3740.460919
-1583.014795	3674.336489
-1579.381716	3633.862406
-1580.884267	3645.295310
-1576.528225	3704.798794
-1570.473604	3700.133629
-1566.799650	3752.978926
-1557.447890	3701.849962
-1547.871484	3647.536697
-1540.995203	3646.355971
-1540.797530	3723.624975
-1538.650425	3688.276265
-1538.098114	3702.765288
-1527.636637	3692.301461
-1530.205662	3735.315869
-1529.258276	3653.620031
-1529.673208	3769.063363
-1526.837059	3811.808874
-1661.421068	3687.796485
-1596.914828	3735.247368
-1572.887004	3650.314355
-1559.303390	3749.498695
-1571.240327	3632.309038
-1521.074046	3682.488611
-1538.888003	3712.694551
-1533.739127	3710.965022
-1693.652501	3473.806991
-1692.023826	3512.711710
-1687.433827	3540.687274
-1673.240009	3485.340425
-1663.751621	3570.888441
-1656.487919	3581.600459
-1656.127915	3450.151577
-1653.986715	3497.124522
-1652.534452	3506.423946
-1647.945010	3594.894790
-1642.834882	3574.276898
-1645.423948	3520.236573
-1628.687959	3518.311390
-1630.957187	3539.693106
-1625.978934	3569.504632
-1619.859931	3523.185622
-1613.473025	3478.865756
-1612.584435	3542.573913
-1609.829529	3550.830882
-1598.792407	3439.978181
-1597.461177	3473.014328
-1592.327801	3548.150627
-1579.991887	3534.237837
-1576.461019	3459.446855
-1576.731548	3484.054766
-1568.651535	3483.230420
-1563.960434	3612.269038
-1564.029238	3522.678419
-1559.077631	3593.578267
-1559.488089	3441.924608
-1558.784961	3577.521835
-1553.364896	3551.699738
-1551.922015	3527.527444
-1550.643807	3569.332604
-1549.422505	3591.654958
-1543.822781	3440.089607
-1540.688614	3509.864061
-1538.528489	3530.302786
-1536.454918	3438.005432
-1526.166450	3522.693090
-1524.204356	3591.435190
-1523.174260	3498.952473
-1616.912556	3565.199148
-1585.851776	3488.404664
-1582.750254	3563.292537
-1554.807724	3500.893139
-1669.341524	3611.554641
-1562.570538	3504.713988
-1655.685355	3536.412781
-1655.919267	3522.283528
-1578.403971	3449.222634
-1573.227400	3445.866726
-1701.410042	3355.967179
-1693.377474	3311.925036
-1681.868866	3354.879759
-1679.788092	3305.338926
-1677.093818	3254.771527
-1676.031282	3395.520212
-1670.974158	3304.032358
-1660.018799	3301.644675
-1657.599083	3400.424873
-1653.466301	3252.338731
-1653.009855	3365.675145
-1645.271667	3245.266730
-1644.516652	3384.287710
-1633.543927	3272.344292
-1625.387624	3356.143479
-1622.448634	3292.178232
-1617.167840	3342.633214
-1617.126923	3407.885170
-1615.393794	3329.366925
-1602.285680	3252.301216
-1595.096553	3379.684152
-1596.502548	3239.951054
-1585.774970	3287.981936
-1581.842877	3305.325844
-1577.999632	3251.044357
-1562.902135	3382.039641
-1550.728280	3394.256570
-1542.295258	3275.991366
-1536.886757	3410.053711
-1537.870888	3338.633557
-1535.665556	3283.131480
-1526.726427	3258.538765
-1519.525939	3362.311943
-1656.577512	3374.247014
-1640.866308	3336.501199
-1633.562598	3331.852228
-1629.445860	3331.902654
-1623.807031	3386.514438
-1615.327889	3389.935187
-1609.569583	3288.389638
-1577.139465	3350.106581
-1558.192545	3313.872334
-1540.588981	3325.425136
-1526.274199	3392.964375
-1688.739085	3378.492950
-1657.723048	3234.071442
-1558.673061	3346.439867
-1557.648492	3398.255420
-1554.286787	3276.734365
-1596.274830	3283.751957
-1588.492477	3280.322020
-1702.861333	3091.405110
-1692.083318	3191.790613
-1688.013723	3203.404355
-1683.491011	3177.207452
-1677.244624	3128.034279
-1671.967669	3208.127542
-1664.034230	3162.472632
-1661.252058	3061.236809
-1660.441635	3187.274074
-1657.351643	3035.109484
-1656.661725	3094.947825
-1644.737595	3053.878310
-1642.469483	3156.056720
-1646.078140	3110.019522
-1639.261150	3073.521926
-1638.924147	3147.027295
-1633.175996	3047.567001
-1631.135983	3153.477291
-1631.077570	3181.232886
-1629.525428	3027.711634
-1626.942168	3049.667263
-1624.411116	3036.591410
-1624.953935	3068.738464
-1620.944426	3121.139460
-1614.419962	3198.967426
-1612.493469	3078.973024
-1611.293575	3034.947848
-1607.479431	3084.214371
-1601.317646	3036.596080
-1604.571587	3059.220114
-1603.730777	3146.090817
-1602.794109	3092.770197
-1597.256241	3167.925850
-1596.437953	3190.526755
-1593.259957	3045.557653
-1590.691560	3040.324736
-1586.015243	3105.585835
-1583.544227	3204.065771
-1581.884332	3127.152734
-1575.759656	3031.008756
-1570.639603	3152.168178
-1568.036794	3113.400709
-1564.680555	3081.694357
-1557.328662	3191.266710
-1556.683708	3118.167794
-1552.854987	3038.685353
-1552.183784	3152.052585
-1548.700005	3066.390175
-1548.450985	3132.118985
-1541.661364	3098.384792
-1536.303881	3073.505742
-1532.032794	3046.272279
-1526.860847	3136.356482
-1523.532177	3129.331775
-1662.014605	3085.580790
-1605.926785	3074.587388
-1591.871563	3097.759787
-1589.155774	3060.728104
-1696.504334	3013.464947
-1697.508795	2852.309862
-1698.830605	2965.026917
-1694.575173	2836.797872
-1692.692662	2978.744036
-1689.795963	2910.985692
-1685.433919	2931.828318
-1680.061039	2914.964402
-1674.282282	2831.075470
-1669.426810	2984.969202
-1666.198840	2933.566179
-1660.444068	2954.538039
-1664.243040	2858.574648
-1663.568698	2905.009867
-1658.393485	2912.231682
-1656.572925	2985.811476
-1655.719639	2840.865175
-1653.100647	2929.698953
-1652.935787	3006.617950
-1649.711634	2913.635087
-1638.627128	2978.330718
-1623.557098	3001.394332
-1618.710970	2889.778425
-1618.507203	2913.069221
-1614.092489	2963.144332
-1611.310956	2868.782170
-1611.355587	3014.949635
-1603.535078	2948.861523
-1602.449019	2994.750922
-1600.039752	2841.078499
-1601.167827	2915.841426
-1599.884498	2932.660510
-1589.924005	2827.510310
-1583.590637	3010.705469
-1581.652345	2988.469381
-1580.019682	2871.721339
-1580.810626	2955.050455
-1565.216433	2884.742581
-1565.160653	3009.904261
-1560.046206	2988.740387
-1551.032806	2908.962161
-1547.703005	2969.624493
-1544.501673	2843.687142
-1546.092904	2886.418344
-1545.452445	2976.475359
-1543.105866	3005.855398
-1541.869240	2940.838258
-1535.532119	2947.560155
-1529.631201	2944.387421
-1525.680615	2891.458363
-1525.883557	2885.068992
-1525.619507	2863.671517
-1522.317655	2971.224137
-1693.350347	2994.661617
-1646.331506	2987.276233
-1620.889303	2947.088460
-1537.761439	2915.370633
-1534.839272	2974.753207
-1558.227235	2933.499903
-1555.330125	2929.128705
-1556.721298	2863.241923
-1536.352780	2960.015131
-1560.246174	2879.331748
-1702.236775	2765.387541
-1700.570885	2797.080161
-1697.001381	2646.170897
-1691.915715	2627.021170
-1681.891436	2725.083653
-1678.495589	2760.443304
-1675.460706	2814.515818
-1673.206741	2701.402172
-1672.133009	2648.558793
-1653.258239	2642.566829
-1655.893897	2695.003133
-1654.047522	2718.754240
-1654.454957	2671.271751
-1650.411979	2811.202043
-1649.697163	2799.554093
-1643.032183	2737.084666
-1637.657451	2814.755430
-1633.252445	2783.850372
-1632.335890	2720.935130
-1631.145161	2632.177820
-1628.537426	2698.132660
-1624.731884	2737.633184
-1624.029441	2802.621174
-1622.305938	2767.954425
-1619.060379	2676.334527
-1618.429303	2664.688079
-1613.326369	2742.401308
-1612.027294	2643.044660
-1590.961851	2734.485555
-1584.910931	2756.031738
-1577.353552	2806.352929
-1576.119633	2677.529065
-1562.080006	2642.098648
-1559.431764	2759.149513
-1556.227625	2697.418247
-1556.826210	2681.373555
-1555.002946	2647.941096
-1553.937518	2736.633403
-1535.459783	2781.344431
-1534.719842	2815.714838
-1532.215906	2693.303919
-1532.996051	2804.695295
-1529.897882	2726.433160
-1530.245208	2675.474953
-1526.932439	2816.911477
-1701.215658	2692.455636
-1673.675039	2641.758828
-1669.733744	2782.379001
-1636.049258	2666.078223
-1606.619447	2706.983790
-1594.347494	2799.439478
-1574.313165	2649.863632
-1567.466071	2762.350974
-1550.525651	2708.305107
-1525.776468	2660.942270
-1603.874131	2686.860059
-1545.824305	2811.267075
-1536.901788	2633.584539
-1682.734194	2496.395172
-1670.672001	2489.193268
-1644.731706	2499.755555
-1619.468430	2465.019306
-1620.177228	2432.184262
-1615.762716	2577.561330
-1594.465287	2572.946631
-1552.987545	2506.265237
-1546.953558	2493.110150
-1540.272047	2515.266199
-1530.812264	2595.516487
-1527.639407	2570.789692
-1523.381784	2613.395251
-1570.708282	2566.807348
-1543.341058	2608.444774
-1527.838691	2495.139395
-1679.548519	2430.326914
-1565.328171	2523.509930
-1704.083140	2407.556860
-1699.566807	2314.386053
-1695.072395	2259.671491
-1693.226667	2353.838354
-1679.734772	2279.423930
-1647.164263	2308.806384
-1637.003028	2329.160677
-1614.354412	2369.926305
-1607.566423	2335.273173
-1591.540240	2396.760483
-1572.456053	2347.266255
-1566.965340	2338.524663
-1565.756754	2388.080508
-1557.208209	2374.890927
-1541.550545	2315.465941
-1539.851719	2340.616386
-1539.574432	2364.215255
-1528.747504	2393.790732
-1623.873254	2384.932009
-1599.418808	2325.909902
-1579.486494	2354.747840
-1551.706541	2318.667801
-1531.534528	2293.678078
-1564.092895	2410.351554
-1529.975803	2334.550128
-1653.337782	2303.120636
-1536.996474	2391.359968
-1496.812267	2370.008274
-1488.985166	2355.992942
-1482.798310	2388.099908
-1467.551755	2351.530770
-1465.457942	2406.940032
-1374.600422	2370.528895
-1391.626581	2371.065954
-1495.363801	2456.391839
-1492.183539	2604.464038
-1488.680730	2566.925155
-1490.290256	2479.814316
-1485.103262	2582.847023
-1480.929382	2456.774718
-1481.381006	2616.428277
-1476.330574	2515.569838
-1478.724340	2555.279580
-1468.708247	2505.441021
-1446.318827	2584.497949
-1431.475605	2609.504434
-1426.258638	2590.319083
-1419.566879	2464.782297
-1415.999223	2548.902658
-1397.361870	2601.984592
-1391.306060	2597.238485
-1381.141706	2539.078758
-1379.580778	2451.277155
-1367.103259	2613.312577
-1362.346774	2472.741064
-1356.400090	2520.731446
-1355.659874	2559.434387
-1339.517509	2494.197943
-1328.865167	2455.787045
-1330.435550	2579.102969
-1330.384180	2507.202485
-1318.336475	2475.387536
-1419.010693	2531.722679
-1399.938111	2547.195622
-1451.534541	2491.364871
-1432.600918	2473.881987
-1417.981563	2505.143818
-1382.007320	2596.606595
-1340.717141	2460.766626
-1326.149286	2593.085401
-1474.986520	2460.481016
-1502.986408	2682.805549
-1500.912504	2636.896169
-1498.999439	2675.049884
-1497.926830	2725.338030
-1494.501913	2639.259704
-1491.268115	2776.496131
-1484.214602	2701.148974
-1483.737723	2733.933326
-1483.632936	2791.859187
-1482.952608	2642.141123
-1475.343095	2773.316930
-1472.305750	2657.681961
-1470.831207	2814.927629
-1469.619484	2798.012931
-1465.382328	2685.121368
-1466.944091	2771.631555
-1462.096088	2750.248444
-1456.895617	2776.411515
-1451.904096	2729.518945
-1450.161566	2685.217275
-1446.545194	2647.158841
-1441.465485	2713.518027
-1433.046029	2677.615762
-1434.747342	2812.042143
-1428.814418	2771.718974
-1426.242967	2791.499453
-1422.790374	2705.108698
-1417.544362	2799.499616
-1414.966421	2768.450504
-1407.145486	2715.884122
-1404.424418	2795.542189
-1404.387580	2650.688390
-1389.800009	2805.505472
-1389.993429	2726.086300
-1390.050654	2659.336446
-1382.606318	2634.828968
-1382.881802	2727.069647
-1376.065928	2667.612983
-1380.228711	2789.472038
-1379.095413	2780.351629
-1359.184484	2791.851422
-1359.922469	2735.396114
-1359.837546	2681.010906
-1359.316030	2708.127341
-1347.548547	2734.024480
-1342.180600	2756.870810
-1339.044258	2751.236648
-1339.153739	2728.843560
-1339.279770	2803.799436
-1337.527107	2631.100128
-1333.081449	2689.176005
-1324.330413	2724.177190
-1472.268267	2723.432270
-1464.639860	2717.128702
-1373.042244	2641.053715
-1400.809245	2817.380645
-1376.336276	2735.859430
-1368.386851	2741.643485
-1353.121904	2777.365776
-1487.204252	2647.862946
-1369.133020	2730.634177
-1337.992026	2675.174900
-1320.043928	2749.037753
-1502.676963	2953.776790
-1498.598200	2933.408896
-1483.835143	2906.258514
-1481.149628	2972.422499
-1480.570647	2936.691406
-1475.909949	2959.535951
-1472.912966	3011.245620
-1473.395898	2988.952194
-1473.999989	2879.755437
-1469.483431	2911.090163
-1463.267041	2831.113023
-1461.639942	3009.716065
-1455.702692	2892.609496
-1456.005595	2916.990419
-1455.470631	2845.178205
-1455.462190	2942.406440
-1454.636433	2866.315368
-1440.599351	2878.761112
-1440.375604	3000.312329
-1439.368303	2845.535176
-1439.311133	2938.070452
-1435.338953	2921.184430
-1434.143691	2964.825939
-1432.786723	2911.627997
-1430.044935	2948.509511
-1427.420508	3005.437452
-1426.436793	2848.320646
-1422.016193	2952.848999
-1413.048143	2941.683787
-1410.167434	2960.722788
-1406.154130	2998.167606
-1407.216402	2932.179510
-1406.367085	2861.282542
-1401.691241	2844.431465
-1402.224688	2882.558361
-1386.926255	2868.812134
-1384.511688	2889.951499
-1380.788377	2974.652535
-1372.271681	2924.444192
-1373.702148	2863.975229
-1373.906861	2906.454754
-1364.023336	2864.477824
-1363.281099	2949.042122
-1362.058130	2887.065172
-1362.927710	3014.980650
-1361.215163	2967.126695
-1354.950875	2981.576074
-1352.447013	2845.267115
-1348.541053	2954.405018
-1344.004038	2901.006712
-1340.865481	3005.103462
-1334.520436	2975.451496
-1336.691206	2869.224689
-1338.070449	2888.162627
-1335.160678	2958.367535
-1332.421609	2906.371317
-1325.853414	2895.375605
-1319.210323	2829.431495
-1423.999113	2886.303695
-1401.783759	2961.895797
-1396.023583	2921.832547
-1390.633740	2899.759914
-1380.973412	2964.392669
-1379.950506	2883.458604
-1360.455933	3001.740188
-1350.468051	2937.059187
-1434.647781	2957.140406
-1395.095943	2928.954835
-1385.491402	2986.629675
-1490.481708	2861.840311
-1417.370981	2960.550636
-1501.239851	3039.494995
-1491.058576	3061.461518
-1478.795065	3032.307438
-1477.013544	3063.442544
-1470.520381	3074.911784
-1460.789787	3203.665544
-1456.816135	3116.573592
-1456.061165	3149.658788
-1447.127327	3185.615237
-1447.265518	3053.624749
-1446.826632	3082.675849
-1441.084973	3202.818288
-1440.945266	3138.157993
-1442.388563	3152.494276
-1437.174575	3168.873821
-1433.921484	3174.312929
-1432.722809	3056.086108
-1432.821744	3077.135678
-1428.495767	3164.931099
-1426.327225	3144.514631
-1420.163279	3088.313810
-1418.861251	3117.624975
-1414.978961	3027.390659
-1410.335065	3146.760580
-1408.870549	3115.965258
-1406.815607	3155.567704
-1403.764651	3201.930483
-1400.575485	3079.871563
-1399.643460	3026.064434
-1396.885689	3091.005319
-1391.430528	3056.787906
-1389.823326	3094.255274
-1390.175594	3202.266763
-1382.910705	3047.167227
-1383.643552	3152.986795
-1383.417468	3093.341969
-1370.791100	3111.484428
-1369.105405	3063.164145
-1367.605631	3070.176796
-1363.344090	3202.830722
-1363.063372	3161.934777
-1359.326783	3076.952365
-1352.980736	3123.534020
-1351.596847	3179.223113
-1339.662272	3029.755601
-1333.442273	3124.725902
-1331.113994	3036.348025
-1329.748612	3168.445606
-1328.928401	3131.351972
-1329.730987	3087.158343
-1326.650194	3109.661820
-1326.082401	3055.236466
-1324.211746	3145.954387
-1324.393879	3184.853716
-1322.114109	3068.622717
-1506.394406	3058.716037
-1368.098879	3096.948570
-1338.501622	3048.968407
-1506.259958	3106.956424
-1505.489702	3386.025085
-1504.808993	3372.756055
-1497.055357	3337.363389
-1494.839295	3304.521307
-1490.130370	3407.360658
-1486.132352	3342.405285
-1485.871729	3382.451396
-1478.723362	3404.195227
-1468.402438	3337.114096
-1467.132089	3379.968064
-1452.089961	3291.148490
-1450.303214	3327.808026
-1447.010578	3257.271251
-1449.155481	3278.188634
-1436.155371	3278.839265
-1430.481190	3351.036540
-1424.462249	3408.327201
-1424.594995	3293.628799
-1418.310425	3390.393039
-1420.927918	3365.009717
-1418.624595	3331.849910
-1413.222320	3348.601840
-1413.907302	3365.130738
-1408.268089	3332.091594
-1400.124993	3355.140713
-1397.951965	3405.422660
-1397.387025	3362.700440
-1389.224000	3256.531321
-1389.971172	3234.461643
-1374.080940	3302.860579
-1375.066117	3411.530963
-1374.491890	3324.925127
-1362.171910	3323.954203
-1365.747263	3270.815610
-1360.159722	3353.572771
-1363.629125	3384.569627
-1357.378425	3253.552076
-1352.382869	3234.353899
-1339.335881	3402.509712
-1338.827184	3367.404425
-1332.477821	3230.841206
-1328.578078	3397.355173
-1328.006472	3267.287376
-1326.677491	3243.821293
-1477.388728	3359.616987
-1414.952913	3308.219066
-1412.287869	3249.812627
-1405.360355	3267.380323
-1429.909915	3239.595918
-1420.167061	3242.998328
-1503.394217	3529.938507
-1500.993328	3448.596594
-1497.667411	3584.362563
-1495.061083	3494.473353
-1489.928343	3581.381964
-1488.887408	3539.851694
-1483.680914	3439.386200
-1482.972629	3518.618189
-1476.718085	3450.930578
-1474.023394	3573.837222
-1463.040776	3457.541248
-1457.108408	3492.390530
-1454.992141	3452.079614
-1447.068207	3559.720244
-1446.297444	3594.362193
-1442.577813	3585.453712
-1442.020424	3468.717608
-1440.381629	3573.562209
-1441.105887	3430.147401
-1431.961667	3552.275573
-1427.726777	3490.536832
-1416.600478	3491.271131
-1417.566853	3484.698531
-1416.079051	3611.851031
-1409.060803	3506.787571
-1406.115194	3512.845733
-1403.064149	3472.393328
-1399.394773	3598.794031
-1402.483085	3454.055808
-1397.323590	3574.796623
-1395.572596	3531.909149
-1390.747640	3434.485391
-1385.429939	3468.313847
-1385.967947	3557.009533
-1384.495671	3506.291633
-1379.539015	3460.160170
-1373.484279	3605.407977
-1370.418779	3559.425127
-1371.384392	3440.827818
-1370.691540	3456.399222
-1358.358930	3448.501941
-1359.707218	3439.362991
-1356.086936	3603.602166
-1355.217967	3463.577653
-1353.182892	3582.887830
-1351.455995	3485.054873
-1349.467583	3496.908979
-1349.237357	3436.946558
-1337.853985	3433.875495
-1338.676619	3510.948508
-1340.516010	3611.737275
-1336.502951	3528.617330
-1331.961758	3457.089122
-1326.581506	3589.519757
-1325.451022	3560.036028
-1323.104137	3459.883461
-1320.620021	3539.872189
-1318.961007	3529.882286
-1469.106841	3549.291827
-1451.951945	3471.676549
-1365.547933	3544.510923
-1357.237490	3520.133824
-1487.720930	3452.014790
-1504.990603	3678.329367
-1498.235922	3653.326334
-1495.940276	3687.307383
-1492.339450	3680.041269
-1490.703520	3660.216818
-1486.677121	3746.876841
-1479.844023	3708.822666
-1475.959825	3697.867337
-1468.467446	3727.927490
-1467.402022	3767.326789
-1463.740920	3745.974943
-1463.603206	3779.893511
-1459.084108	3752.570290
-1459.121026	3709.420404
-1456.226335	3718.347450
-1455.108077	3725.481116
-1450.858199	3728.998475
-1450.056337	3767.834365
-1449.548503	3668.688048
-1444.136632	3653.432443
-1437.832870	3769.780162
-1434.679800	3645.880397
-1425.900739	3792.371513
-1419.288608	3767.087000
-1414.949241	3670.678150
-1412.808609	3806.928910
-1411.858395	3719.560123
-1407.473075	3659.466696
-1398.069035	3803.392389
-1379.121069	3754.495843
-1380.879140	3634.047885
-1377.721994	3777.799794
-1379.148548	3700.861526
-1374.500218	3785.315461
-1374.691329	3763.652160
-1368.790030	3799.537349
-1369.032726	3724.313146
-1367.267393	3674.317822
-1358.046680	3807.090707
-1350.711484	3739.094704
-1347.606069	3752.661405
-1349.464140	3803.800068
-1341.580281	3807.004098
-1339.400636	3729.468471
-1333.785523	3756.940986
-1327.368751	3784.869945
-1321.358997	3736.465285
-1502.097560	3722.546039
-1486.463157	3761.779604
-1468.917099	3677.370879
-1450.733720	3684.329669
-1446.925445	3659.029580
-1440.469418	3631.340818
-1432.696252	3680.952482
-1417.376206	3646.653928
-1376.034803	3717.234744
-1339.626584	3814.695283
-1334.370980	3701.376062
-1329.747210	3710.316286
-1319.681795	3714.532124
-1464.411545	3693.436250
-1423.797994	3680.842486
-1407.490671	3756.185091
-1406.915143	3786.051040
-1333.729781	3635.051832
-1328.201836	3732.884654
-1329.992218	3678.177769
-3106.832895	2587.781318
-3106.661825	2572.281441
-3047.108336	2621.918794
-3039.591953	2620.446422
-2911.998675	2788.719077
-2919.157863	2802.818639
-3081.263747	2819.509724
-3061.173348	2819.018809
-3040.470305	3022.448855
-3019.187156	3018.607782
-2996.705489	3022.283280
-2976.574306	3022.149627
-2916.052396	2896.823610
-2913.134024	2950.571810
-2919.467244	2909.133836
-2918.995676	2876.489926
-2914.598236	2959.974667
-2910.666852	3111.817076
-2911.606158	3046.035244
-3101.215553	3420.587821
-3093.433141	3422.029214
-3048.187784	3223.868974
-2917.892365	3285.499615
-2913.278742	3231.083355
-2912.214027	3284.721760
-3108.692328	3361.664700
-2970.830344	3814.405181
-2913.087255	3703.799633
-2752.381596	3621.614784
-2723.490454	3619.826857
-2714.861346	3669.246112
-2712.298647	3762.123365
-2763.097444	3420.640418
-2712.325759	3524.023844
-2716.647058	3608.405317
-2712.831300	3592.751616
-2822.722871	3418.980994
-2714.582862	3495.794686
-2711.110603	3358.600777
-2708.943757	3348.437239
-2713.523612	3273.121647
-2737.277525	3025.905408
-2714.519973	3090.599899
-2713.344442	3107.746423
-2710.640108	3044.585542
-2709.741172	3155.977320
-2905.108213	3208.336569
-2814.701903	2821.088446
-2733.076586	3015.980400
-2720.276314	2879.814781
-2713.896624	2996.654338
-2709.880853	2969.758222
-2905.515053	2821.889222
-2706.233838	2938.989199
-2909.424396	2721.827004
-2907.086906	2620.952369
-2717.523904	2697.395314
-2865.242723	2418.974054
-2837.739096	2425.291462
-2830.074362	2421.784195
-2716.878729	2448.852394
-2714.646337	2484.815255
-2711.158182	2520.529585
-2710.849570	2592.209328
-2906.406899	2456.814313
-2738.635053	2416.768201
-2708.677046	2279.165000
-2708.128753	2348.197124
-2510.007915	2329.410841
-2507.457938	2410.416237
-2698.650854	2621.486143
-2512.464313	2537.614735
-2516.900564	2512.345774
-2514.574101	2473.935297
-2581.653903	2617.199951
-2522.704964	2621.712656
-2649.342802	2819.751709
-2629.722259	2821.431533
-2525.002345	2820.068144
-2510.593644	2778.740208
-2653.805784	3023.381800
-2577.238606	3015.734599
-2516.510634	2877.206005
-2515.632871	2997.492780
-2511.421145	3007.990666
-2512.611055	2954.086387
-2666.205015	3221.605890
-2532.439807	3221.320445
-2512.763454	3059.127203
-2515.142491	3195.041503
-2514.602386	3408.715906
-2514.187088	3240.109093
-2638.993354	3622.248323
-2618.580050	3618.755130
-2576.528702	3621.269733
-2518.089435	3566.674138
-2513.229006	3576.915380
-2508.601623	3504.474928
-2678.747884	3814.575890
-2510.687048	3719.355372
-2509.686093	3731.697941
-2568.579014	3816.277696
-2443.289218	3621.053984
-2316.010306	3670.853425
-2314.932188	3720.916365
-2308.230859	3694.909422
-2375.727142	3623.291993
-2317.058763	3713.275053
-2345.378131	3615.027038
-2315.837210	3454.800608
-2311.808054	3528.904295
-2311.287623	3568.106352
-2310.501653	3556.671863
-2391.852122	3416.533472
-2346.634375	3221.417831
-2318.484957	3327.074577
-2316.609739	3307.121976
-2311.333596	3372.589755
-2312.340873	3343.782349
-2309.890556	3353.870985
-2478.212703	3220.947119
-2307.593658	3299.381821
-2310.829966	3227.398594
-2448.478600	3212.342622
-2406.395194	3215.838085
-2317.422767	3208.027231
-2315.296917	3102.283664
-2463.323977	3018.855653
-2510.254382	2974.129912
-2439.359254	2820.408192
-2357.629574	2822.584688
-2313.476293	2903.753422
-2313.624076	2894.638639
-2318.272658	2887.078291
-2313.296679	2835.130539
-2499.493897	2828.344550
-2336.038330	2821.006205
-2510.582715	2678.404111
-2375.433102	2624.586412
-2308.183975	2638.634994
-2458.929628	2622.922743
-2313.058981	2664.579854
-2445.986167	2425.774131
-2315.977288	2543.515056
-2311.725268	2468.108279
-2313.380601	2577.854973
-2309.175327	2517.548857
-2315.925596	2368.107768
-2311.311792	2287.397349
-2195.405971	2623.751176
-2110.107548	2570.748021
-2280.533778	2823.333289
-2172.042170	2814.968567
-2143.847509	2826.047541
-2120.083456	2753.383355
-2299.451599	3021.242202
-2255.917906	3019.279898
-2222.023234	3022.136592
-2169.666660	3017.523142
-2306.284800	2884.095664
-2216.733704	3220.575181
-2275.672852	3419.291940
-2186.239658	3422.081708
-2124.855880	3422.193413
-2163.657747	3423.547728
-2287.899013	3622.840033
-2190.046910	3613.491492
-2203.894412	3618.240378
-2307.049664	3790.182767
-2307.250874	3744.270337
-2254.238158	3624.070852
-2112.224588	3712.888083
-1916.363373	3747.746695
-2001.918014	3622.452540
-1986.346034	3423.154473
-1916.808386	3517.805605
-1923.457809	3420.480448
-2106.282822	3221.113935
-1921.082001	3364.320677
-1914.158038	3304.087830
-1912.823463	3250.107859
-1988.208594	3220.792019
-1922.211069	3220.795477
-2107.676789	3027.256257
-2035.314275	3018.328825
-1994.726509	3218.301629
-1938.383834	3019.841763
-1913.913950	3212.288879
-1987.331789	3026.144242
-2107.324921	2941.996323
-2052.583589	2819.187540
-1911.446699	3007.069979
-2015.353293	2621.542750
-1981.657963	2620.546451
-2107.524686	2456.725622
-2083.742083	2617.235453
-2048.861409	2424.449387
-1967.550014	2614.011474
-1911.641135	2592.703476
-1912.796344	2471.206295
-2106.976896	2375.243968
-2104.800750	2414.541676
-1913.689213	2321.856134
-1905.751413	2320.764700
-1887.090881	2421.224135
-1858.300763	2416.659528
-1830.601780	2417.228338
-1790.154167	2424.417853
-1715.258708	2243.049421
-1715.422769	2266.313431
-1709.592072	2457.027206
-1715.388281	2475.358777
-1736.379603	2820.595493
-1715.172820	2638.108026
-1776.480807	2825.902221
-1724.080769	3015.736101
-1713.112806	2920.872777
-1907.314412	3115.424253
-1817.913715	3217.383270
-1711.777294	3192.799446
-1710.484032	3064.769192
-1711.447684	3036.999953
-1707.570542	3402.172373
-1874.623690	3623.338326
-1708.994631	3594.573984
-1717.249698	3607.783691
-1712.019867	3686.106480
-1740.266910	3627.446697
-1706.250714	3747.869232
-1696.228941	3814.150298
-1571.793559	3619.969316
-1514.307494	3770.709761
-1512.718118	3750.642120
-1512.090275	3645.404827
-1511.717543	3734.821113
-1521.730550	3639.108832
-1710.612946	3513.992227
-1534.989444	3615.453487
-1518.376699	3460.471892
-1514.538089	3497.994529
-1690.745441	3222.307604
-1512.295044	3270.000781
-1580.270092	3222.514979
-1537.772810	3221.467095
-1512.190763	3376.014922
-1644.420182	3026.672297
-1519.519682	3111.525599
-1517.106652	3059.800247
-1515.999266	3088.425746
-1513.681941	3158.683355
-1566.573659	3018.420873
-1517.568850	2920.395647
-1509.681082	2889.821382
-1509.194700	2837.128619
-1706.731491	2665.430329
-1514.071997	2807.628506
-1520.094056	2585.229461
-1515.348641	2371.835206
-1510.796538	2405.903569
-1483.320609	2419.316042
-1485.452671	2818.883115
-1436.730332	2824.937475
-1350.505416	2821.328103
-1321.016490	2716.196292
-1508.937755	2975.777459
-1381.554630	3016.467121
-1489.229953	3221.111081
-1471.219081	3219.988757
-1458.652655	3033.640560
-1453.489248	3026.699166
-1399.876050	3221.572617
-1328.464808	3214.277359
-1507.623144	3250.309362
-1480.604881	3226.791123
-1364.325234	3620.163074
-1507.620856	3788.769107
-1443.844270	3816.597262
