39.14074074	38.46913580
37.32359081	88.39874739
36.48106061	142.08712121
37.58241758	177.63598901
49.93128964	221.16649049
42.16707022	262.80508475
38.81779661	289.11864407
41.91711230	358.50401070
36.83985765	412.66548043
40.64124783	535.16117851
33.05524862	580.56353591
35.43333333	623.97083333
30.77586207	666.15517241
41.56437390	683.25925926
35.52463054	734.92610837
32.98540146	758.42335766
37.75675676	768.00000000
44.07990868	779.81278539
40.96381910	831.77185930
36.49024390	1067.78780488
37.01211073	1155.72145329
41.05336427	1188.07424594
37.37370753	1297.41802068
45.77749790	1386.97229219
39.05574913	1425.69918699
40.87813885	1498.43796160
36.01503759	1610.02631579
34.38701923	1661.09855769
48.86711522	1731.88393608
42.30221519	1759.44620253
32.86092715	1798.54304636
37.74461538	1816.15692308
35.38904110	1839.93424658
49.17667436	1907.57967667
32.41780822	1948.02054795
33.71497585	1968.72463768
37.00000000	1997.39432990
54.40337711	1124.93558474
44.98841699	1363.88030888
45.34036145	1938.65963855
44.30616740	1347.82599119
58.59295775	1591.93380282
49.98611111	2012.50833333
46.32476636	480.46495327
47.18932039	964.47572816
53.30048077	975.66826923
61.90162102	1546.26551146
65.80718623	113.22570850
63.07438795	456.99811676
50.98934281	1959.14564831
47.79130435	435.77391304
52.20560748	719.56448598
53.60762332	758.41704036
52.33932584	1207.10112360
55.84427481	1171.43816794
53.90583554	1031.17108753
56.08367347	1331.27551020
62.16376663	1869.02558854
55.43975904	799.60441767
63.75287356	1771.77298851
53.70700637	1981.05414013
52.65497076	744.98830409
68.00791139	493.43908228
59.51785714	146.70129870
56.74107143	921.08035714
55.84759358	82.85294118
59.22087746	176.85779123
67.95182139	394.42361927
53.88311688	905.69480519
78.11358921	943.36151452
59.57374101	1802.52697842
58.60063391	651.96513471
64.90434783	1647.00086957
67.20306122	1279.81734694
57.27327327	1310.62162162
54.99000000	627.15000000
66.36776860	1081.75826446
70.86155827	1422.61622666
57.62048193	683.24096386
68.64576271	1061.05762712
66.78925620	431.22107438
65.94145199	1363.25058548
73.50591017	733.30378251
66.89473684	1472.19450801
74.52012882	765.10144928
75.94843618	1687.92561285
85.61832061	258.77162850
72.46843177	1192.01221996
72.68924303	1975.16533865
75.80764163	44.48880105
72.94398682	903.82866557
70.34013605	352.59523810
76.06106870	862.55572519
73.63428571	987.15047619
68.37719298	1213.33333333
69.47101449	675.84782609
73.30402930	688.38461538
75.46536797	1943.06926407
96.44067008	1893.93718008
86.30019881	605.33134526
81.94824708	1238.20116861
74.31111111	639.63888889
83.87450980	793.56339869
73.83281734	1027.47678019
91.40849421	1350.44710425
86.22794118	2011.63725490
82.97597598	1320.77177177
83.29906542	1797.96988577
91.54770318	1733.43374558
77.82747604	1833.54313099
77.79879880	656.98198198
84.99555556	1131.69000000
81.18481848	1044.32343234
84.96226415	1627.76843911
99.71285838	829.00043440
83.50967742	887.96451613
99.81798084	1851.10169492
84.98473282	1207.91984733
90.23333333	1379.99166667
96.86884058	205.12536232
90.76645435	1504.77707006
86.20320856	1520.82352941
94.93859649	144.85588972
89.80894309	426.00813008
89.75692308	1004.71384615
94.28769018	504.54771784
93.68057785	539.90850722
88.84300341	1596.03412969
88.06550218	1660.12663755
94.91095890	447.44977169
99.84737485	770.43956044
97.61042945	965.89570552
94.13207547	1944.01257862
98.30990991	685.94414414
99.76178660	745.39205955
109.94400000	1642.53714286
95.53784861	1826.52988048
99.81751825	42.41423358
108.14129111	1169.33495737
105.45466491	898.02233903
99.17827298	1281.22005571
105.29050279	981.65642458
103.46131805	1093.69770774
101.01111111	1666.27407407
117.55465587	669.30364372
114.53012048	342.34569045
104.47698745	1695.73221757
114.78876404	312.10786517
127.98310454	375.38806758
111.70982143	566.58705357
105.12413793	643.48965517
106.51851852	1001.32962963
106.38613861	875.98019802
107.02877698	950.07913669
114.09356725	1561.18830409
116.00965517	2003.77931034
118.22085890	631.90950920
119.87124464	927.42060086
109.53103448	409.15862069
116.29119639	1058.22347630
116.69397218	1271.49149923
119.57269279	1946.81289507
118.97667638	1430.76530612
116.46410256	432.51538462
121.47538200	1455.74193548
116.78728606	1704.99755501
116.73401535	736.05626598
116.64054054	154.97027027
127.70098039	1117.42352941
128.18365696	51.05582524
131.16710875	959.15384615
123.77403035	1081.73524452
128.32669683	1906.01809955
119.15428571	118.64571429
120.00649351	107.73376623
128.05740988	854.55807744
120.44217687	943.76190476
128.47899160	258.35630252
118.77205882	1001.02941176
126.24427481	1157.77099237
128.92932862	1314.30388693
132.91091954	1656.73132184
141.65338645	511.29823563
132.17870722	471.53802281
129.04291845	209.72103004
139.85552764	1629.19095477
134.15110357	1336.41426146
146.15811966	705.94444444
139.63464141	1412.05818674
153.28666667	751.56844444
138.51201201	1197.03903904
147.14671815	1855.02831403
138.93823529	985.42647059
147.01918159	147.09974425
135.69491525	160.66949153
146.48641975	590.65432099
138.17899761	619.86396181
135.28571429	1378.36405530
150.73125884	218.22206506
140.74696133	1058.02872928
147.44405286	1769.37797357
149.72733918	429.53508772
142.61097852	1240.75178998
151.42857143	1698.00756859
137.47368421	1362.76023392
136.07317073	336.43902439
142.22562674	2009.00000000
137.88000000	1031.21600000
142.05974843	1816.66037736
155.53304904	316.00213220
157.51426760	1729.04755866
158.59871245	180.52575107
155.58711567	872.96290874
149.18803419	1159.62393162
145.52181501	1946.52356021
155.17414530	252.52991453
143.43644068	1504.66949153
150.31608133	1468.17190388
152.95323741	1550.20503597
154.68918919	1224.19691120
151.47321429	1295.55803571
156.38940092	1527.33179724
154.43222222	675.78000000
146.04854369	1130.44660194
156.16803954	1348.62932455
149.05027933	1372.34078212
158.49620637	1433.13201821
160.97676162	50.18815592
161.02207637	1896.19928401
150.43801653	1827.10743802
171.59379310	613.93724138
168.58059468	1799.20109546
162.48497854	1615.82403433
162.09036145	1627.43373494
171.52864157	1120.52945990
172.59710586	1067.39070830
173.82866741	119.16909295
173.07500000	145.25576923
169.88372093	1828.34672304
173.15721649	1650.27190722
178.08907741	499.64475080
173.45719844	1028.71400778
174.21176471	1456.31294118
167.49070632	1475.59107807
186.58246657	332.97251114
172.28571429	1940.20519481
169.17647059	1236.66386555
179.52395672	472.49613601
178.56690998	1298.24452555
184.08288482	93.14854682
184.62157534	1249.64897260
189.87406217	378.54501608
176.23448276	1365.13103448
196.55130785	35.42454728
184.76681957	677.78669725
183.74097331	973.88383046
181.49681529	2014.25477707
188.22540984	163.90163934
194.34227129	234.22318612
190.86121673	275.62262357
198.42136945	1178.47479308
190.58923230	1627.27018943
189.18549223	1746.81968912
188.91836735	523.02210884
183.86414254	1962.87527840
195.25552608	1147.40406720
193.25806452	950.68035191
185.58503401	1230.01700680
189.24545455	56.50000000
184.58893281	307.26482213
197.92323944	420.00633803
192.97249509	209.13555992
185.27007299	889.95620438
187.41078838	909.75933610
189.17159763	1677.66272189
192.90773067	756.60349127
204.73558801	1279.35357417
208.30084034	1659.71512605
199.41325536	547.73879142
205.16889429	898.89185905
200.06493506	805.50649351
202.95031056	1573.96687371
213.28967972	1986.58291815
199.00778210	1950.30350195
204.89644513	609.32302937
214.21190131	1341.95936139
217.73182781	1795.45518701
209.69517241	487.03724138
201.84911243	1532.34023669
205.08650519	1122.56401384
209.69362364	116.59097978
210.50078493	567.26687598
217.32610659	1072.83649503
222.59158576	970.25954693
212.37354086	160.24513619
214.19778189	1005.90018484
220.63754647	1247.69052045
216.23558484	466.18121911
210.45915493	1460.79154930
208.44444444	1903.55555556
212.28287841	56.36972705
217.70497427	1711.12692967
214.00000000	761.52297593
215.18309859	1943.40241449
219.38006757	850.06587838
216.60422164	1878.42216359
223.92830882	250.52941176
217.75708502	1550.01619433
226.60548523	343.36497890
220.69298246	383.44736842
228.67187500	37.59570312
239.16529725	219.28177864
217.71698113	512.87735849
222.04658385	584.13354037
223.94726166	1823.64503043
226.93486590	720.96168582
229.24818841	780.07789855
229.35221239	1164.80353982
238.34919417	907.47582502
230.85227273	992.90530303
231.30934150	1429.79479326
248.26075269	299.29731183
226.64397906	1763.13612565
232.83760684	359.88888889
237.99692780	877.94777266
247.32811388	63.53167260
247.18485059	98.60945101
235.08113590	1123.12373225
233.59468439	403.01328904
242.22222222	1517.41580756
245.76740377	1606.22850123
237.44019139	555.51196172
247.74524248	648.88152241
241.24028269	1046.63250883
236.78964401	1268.55016181
243.06695779	1667.56768559
246.66539051	1750.94333844
234.33561644	145.87671233
236.87606838	1498.29059829
240.60187354	385.44028103
235.18954248	578.83006536
237.05732484	1096.03821656
237.62424242	506.79393939
236.54166667	838.20416667
245.14673913	1190.71376812
253.36846276	1827.39778130
246.13135593	1008.86652542
260.84241706	1435.97748815
241.39801980	1332.41188119
250.77816492	709.65969803
248.65535248	324.65274151
247.89649682	473.98089172
257.83071161	1289.24269663
243.59722222	1806.03472222
250.55172414	1982.38871473
244.98290598	851.93589744
247.75964392	1072.14391691
256.90017986	1350.89118705
251.40957447	1399.25797872
256.29136691	274.13669065
251.51265823	826.61708861
256.78383128	937.94727592
255.34715026	1709.74525043
251.01459854	1167.45498783
254.69329897	1931.90721649
264.45414847	809.61681223
256.74193548	1228.84562212
264.35501355	371.79042457
268.26951673	836.79925651
262.31596639	136.79831933
264.52827381	1630.89285714
257.58695652	886.56521739
256.94395280	975.95575221
262.42603550	856.98816568
278.02083333	413.24531250
264.17153285	1947.72992701
264.46938776	37.10544218
269.89655172	1056.61609195
265.64757709	924.66519824
264.36526946	1392.71257485
264.81165919	1088.83856502
277.67938144	1165.09175258
267.15527950	1192.97204969
279.02224053	471.69439868
270.25479452	788.23561644
281.57410714	1308.28482143
280.04646018	976.48672566
279.67714286	875.25428571
268.05517241	908.73793103
285.88095238	1853.95079365
278.18274688	181.82179342
286.94856379	252.62057448
272.44843049	896.80269058
289.98665893	1734.34164733
271.58778626	121.83969466
277.70976253	1076.83641161
273.11065574	1470.34836066
270.19540230	1486.69540230
278.00000000	586.12189616
273.97474747	686.18686869
275.99601594	739.51792829
289.13405797	2011.89855072
284.28274428	605.04781705
276.14248705	624.20466321
280.04781705	1656.52390852
279.95951417	523.18623482
280.58450704	1372.50000000
279.65375303	1530.20096852
280.78414097	915.13215859
282.38230088	1403.76637168
287.94090909	1917.27045455
285.97384306	852.31187123
288.79619048	938.10857143
286.58389262	1100.25369128
290.28850488	1344.43876784
292.29699248	62.32706767
289.37853107	1618.01271186
279.14285714	1638.63025210
285.09729730	1705.64324324
295.42058450	38.26937738
285.35168196	1185.71253823
286.96938776	1782.73469388
287.37866667	1458.14666667
291.90743551	1592.62063733
295.58095238	137.96428571
288.44621514	780.34262948
301.76727273	897.21963636
288.22222222	1668.46969697
297.20733652	796.98564593
310.65479783	1695.80024140
290.68932039	365.68932039
311.75589837	1428.86615245
300.60000000	1508.99542857
292.56854839	1800.59677419
301.72069465	337.30969609
295.16993464	1943.46405229
294.17938931	621.63358779
291.79047619	1067.68571429
299.95155709	1901.10380623
300.44655582	1476.20902613
300.92420538	308.47677262
295.37988827	583.04469274
299.02083333	1075.33333333
299.29220779	595.48051948
304.15502959	660.71242604
302.03024194	987.01209677
318.54608523	635.78097126
306.26892950	78.50913838
305.54703329	769.17655572
302.44421053	184.33263158
316.25865447	1135.47811888
305.60336538	116.30769231
314.56753927	1810.85549738
311.50225734	705.80248307
307.53421053	1783.44210526
317.19874214	1972.90817610
321.80749449	743.84202792
315.68500949	243.12144213
309.49446494	1945.12177122
317.36018237	162.78419453
316.09737249	377.10819165
316.08122363	1593.97046414
310.34662577	1861.13803681
313.08294931	397.28571429
316.55128205	827.38888889
327.21891686	1352.56521739
318.98218263	1464.15144766
316.80059524	1671.52678571
337.36412593	1762.23777962
322.30153322	416.85349233
323.94160584	1077.70802920
316.89473684	976.49473684
319.89285714	52.42857143
335.46645768	513.90219436
333.95954845	1208.55597366
334.79040667	1109.09384776
326.94930876	845.85253456
321.16666667	272.98245614
320.59633028	69.03669725
321.45132743	876.48672566
331.66472303	962.96501458
324.54089710	1868.03957784
328.91908714	673.74066390
329.09090909	1658.26493506
338.23324630	440.87641427
333.01375246	1396.01768173
328.17679558	1227.63535912
329.73002755	1828.19559229
335.89751553	910.98602484
348.82213115	126.86639344
334.07803468	1299.94797688
337.56060606	657.14545455
335.33202358	696.75834971
343.85309278	720.76159794
337.18060201	1024.39799331
341.99275362	1620.49130435
336.56134969	86.73312883
339.87577640	1498.63975155
339.33157895	1889.37719298
342.42105263	70.37426901
333.10878661	242.61924686
346.54060705	163.95734208
339.48571429	1594.40504202
353.29271709	309.29411765
352.82758621	1979.73727422
361.37264151	371.39858491
361.85130435	1336.27652174
343.14625850	1834.06462585
344.55027933	1865.84357542
348.21227197	936.68988391
359.51356784	981.68944724
369.51358234	2008.33701188
358.28548644	638.78468900
370.29379921	1667.40748031
358.90360046	1309.91637631
355.24919094	1541.42556634
361.11244541	675.79694323
352.23886640	696.09311741
354.62973761	887.82798834
362.18967334	1589.95574289
352.61092150	1388.78839590
355.70333333	91.58333333
357.69482289	229.25340599
366.71163245	490.36265885
351.74242424	1644.77272727
362.20341880	737.14529915
360.15263158	763.89736842
358.51219512	1881.18815331
361.80191693	1266.44089457
360.07886435	1493.15141956
376.89886296	71.95930580
359.03816794	1375.28244275
368.74306839	108.76524954
364.66534653	1440.07128713
379.34308349	1805.74344912
368.02893309	1862.94213382
368.95862069	1191.40827586
377.64137931	172.60948276
371.91131498	1278.14067278
371.85869565	1506.78913043
368.30555556	1636.47569444
393.94950690	1932.64654832
376.57427056	1080.82493369
374.21468476	1235.60255387
376.07792208	1618.44318182
381.96161898	258.88834613
383.93035619	451.21158958
374.11421911	1151.53146853
370.84782609	423.12681159
388.73719880	1107.85466867
392.51900739	899.05227033
382.84422658	1711.53703704
383.98254122	1975.08632396
383.38283063	328.63109049
378.97262774	1480.69708029
391.07789474	1420.12561404
394.43828017	288.19694868
392.55682685	766.88863463
378.58659218	626.81564246
391.66923077	728.91384615
385.65664160	125.97243108
394.76688633	828.81878089
394.37016129	971.07741935
394.98362720	1730.77959698
389.91239515	395.94408201
385.07443366	645.04854369
401.28715084	1069.62569832
384.50719424	1180.31654676
383.20289855	1956.84057971
392.94483986	874.59074733
391.66971429	1863.15657143
384.86274510	300.51960784
388.28543307	1594.12204724
392.19122807	1199.67192982
403.86824645	43.18672986
422.93330123	209.13436070
393.42204301	1039.49462366
401.06896552	800.63448276
401.44402277	311.87476281
396.81565217	625.87478261
392.56684492	1144.65240642
403.38149351	110.42694805
415.35714286	86.14565826
406.07179487	1487.38564103
394.84761905	1959.92380952
411.30104167	1441.76145833
410.36677116	864.71943574
403.10847458	1327.49152542
408.69054878	136.75000000
409.33294798	684.57687861
399.13178295	1469.16279070
409.29824561	1843.06666667
408.22916667	1269.92234848
420.48526240	1667.52911574
403.75641026	1823.07692308
408.85449735	645.06349206
412.09243697	1608.56470588
407.41281139	562.21708185
408.92576419	709.04803493
411.82470120	1585.48406375
412.04285714	1028.32571429
414.81327801	1811.23236515
412.81159420	271.52657005
416.63146998	1049.08902692
421.01158301	1461.78764479
412.54129794	1196.80825959
414.14507772	488.25906736
418.48750000	1370.79166667
414.49544073	1913.49544073
422.17571429	995.48000000
425.35939197	523.28664495
426.52639087	547.66761769
422.87878788	597.13131313
427.72084367	1562.39702233
418.55084746	1742.66101695
425.58646617	1503.35902256
430.97552743	1721.89113924
420.98744770	1762.33891213
428.29482759	673.02241379
427.87500000	308.11944444
422.49735450	568.76190476
429.99295775	850.24178404
440.30114286	1870.71828571
438.75642760	38.21921516
437.77203065	1163.10472542
431.59796807	1203.23512337
431.91832669	1620.44023904
445.87160494	339.35308642
428.35714286	1027.94155844
427.71647510	1815.51724138
433.27987897	1918.62481089
449.92018779	62.67292645
442.28654218	395.63361236
449.21576227	737.40891473
436.45602606	836.06840391
440.45757576	1366.27878788
439.68275862	490.63275862
440.84354839	1252.79032258
440.55393586	1637.47521866
447.69969040	652.35500516
443.20127119	819.63771186
457.96809681	1590.51760176
447.27860169	1772.81673729
445.80000000	1013.41196581
451.79562044	1038.29927007
440.48188406	565.66666667
441.81684982	430.39560440
448.32830189	471.19245283
439.46625767	1125.87116564
462.23312883	1325.14629542
449.97017268	915.93249608
449.49101796	1677.87824351
455.08228731	1837.04044630
460.80446927	2004.66161213
467.67582697	1484.51552163
448.97734628	126.69255663
460.51952462	689.36672326
460.89490791	1736.47778982
453.16346154	675.14423077
453.53316953	1389.42014742
456.83510638	1619.79609929
462.91932059	1919.92002831
457.99846154	308.67846154
462.68313458	632.95570698
462.79384615	861.74564103
470.52500000	545.62734375
464.52599388	804.96941896
455.48818898	1095.87401575
455.74367089	429.17405063
463.75609756	1802.55420054
462.59116022	1425.37569061
463.19690265	1564.23008850
461.64477612	112.48358209
469.74428571	208.97428571
467.79324056	1240.39363817
469.98059361	445.15296804
473.49372862	1179.87343216
482.52923448	262.39119952
480.44136461	1274.03198294
476.52229931	511.30723489
468.79268293	1942.21951220
481.60522876	166.40130719
483.47504456	1714.78609626
471.58292683	123.45853659
488.41734547	1141.24484907
471.91883117	1457.86038961
479.57251082	1546.10281385
471.67192429	1985.68454259
471.07947020	1071.14569536
472.39664804	1878.96927374
476.44374010	780.25039620
489.56417625	192.60440613
479.31182796	1678.26612903
479.36049383	418.84444444
486.21527778	610.93154762
479.51475410	54.04262295
483.00000000	1432.08805031
484.63610039	1625.67084942
486.08355438	1219.51591512
479.64361702	710.17553191
488.10207337	332.76236045
495.33992467	676.22975518
483.76991150	699.27876106
487.08070175	1695.85263158
490.93353783	982.08384458
502.59495950	537.84068407
482.70129870	1572.90909091
488.46866097	1956.11111111
486.61739130	42.37681159
487.23028391	99.26656151
485.77027027	819.16891892
487.63136456	935.62118126
489.89177489	1461.53679654
497.43666667	1884.12222222
495.39679715	315.06049822
490.40640394	1981.40394089
488.19847328	1449.27480916
502.55739130	415.60086957
491.39306358	1305.88439306
493.49318182	371.19772727
490.96078431	807.50980392
507.00709220	1249.29708432
503.14953271	1040.69781931
504.60458716	1796.99174312
497.98044693	745.53910615
503.12393162	864.14423077
495.23353293	758.73652695
501.91573034	1682.47940075
501.05429864	1735.04751131
500.20295983	835.88794926
503.31388013	1529.11987382
515.38709677	890.83169705
504.31952663	948.73372781
497.65957447	1821.50531915
503.21370499	1354.26480836
499.82474227	918.67525773
506.18750000	117.38051471
507.41369048	707.82539683
500.01626016	1443.43089431
500.60638298	1548.03723404
506.32388664	960.92712551
502.41379310	1430.22758621
512.70433145	1746.46892655
503.77647059	1962.78235294
528.21453117	1298.97496318
514.78181818	1473.85696970
523.09347826	1163.33043478
521.58742138	1330.54339623
514.51434879	932.30905077
513.53043478	1948.53260870
509.64516129	38.78629032
524.73085339	137.97483589
507.85810811	374.91216216
519.10176991	1632.12168142
521.72774869	658.32460733
516.36363636	1440.36639118
535.28109137	1775.39149746
519.67741935	789.01075269
524.02278177	990.34532374
526.86382536	1655.68399168
529.40648855	567.99713740
527.78616352	108.94654088
521.49600000	837.83800000
533.77266289	1537.96175637
521.16875000	670.93125000
518.37606838	1859.17948718
535.42857143	1602.42194404
521.75313808	1841.41841004
525.03859649	439.35438596
524.59509202	1703.59815951
524.34492754	341.15362319
532.12365591	967.73476703
532.04353562	1020.34168865
529.84218077	536.53802009
529.95222405	1821.27512356
540.34821429	383.28698980
533.16780045	755.52607710
535.62042875	698.80832282
536.72715054	422.00000000
543.02897574	1740.73787062
541.43883277	1238.96296296
543.14851485	311.05040504
546.27265239	871.28418451
547.43621399	1949.78806584
544.48992674	246.08516484
537.74345550	333.23560209
541.06315789	1054.73508772
537.14285714	1406.31954887
543.08620690	593.79094828
539.22175732	727.17573222
545.83367556	1924.84188912
543.36916836	517.44219067
542.91646192	1678.39557740
548.51096491	1004.80921053
546.57359636	1445.46585736
545.96595745	1858.42553191
545.69230769	481.87692308
544.26086957	2010.68379447
556.07837227	840.21401658
550.67050360	788.77266187
554.86644592	1397.03532009
553.30210325	1904.45889101
548.12804878	580.03048780
553.06132075	614.18632075
552.50847458	1501.23540490
559.08669656	1843.34977578
554.93152866	73.79617834
554.25970874	650.44417476
550.98461538	440.96410256
557.42206235	932.88009592
556.61162080	544.48623853
562.03426124	815.48179872
557.39278937	1987.40227704
567.68583691	1525.40858369
561.06801471	1662.78492647
570.67771639	197.47605893
562.34751773	572.25295508
560.81491713	980.83425414
569.45304937	1582.15972894
558.04291845	106.04721030
560.67898383	142.76443418
561.44117647	525.47058824
560.45035461	1061.20212766
562.78104575	1173.03267974
563.66742597	430.86788155
570.71482890	666.75665399
567.16621253	162.58583106
566.25335570	720.93791946
568.67029380	1236.77040261
566.37903226	592.87903226
565.86728395	1189.31481481
571.56730769	470.53205128
567.98028169	916.87323944
561.67741935	1809.20161290
561.06976744	1917.41860465
570.20974576	759.92796610
578.55627907	1730.77209302
579.24271845	122.02373247
574.37451737	304.67824968
570.52272727	782.50000000
595.35829343	1471.98389203
573.40625000	1679.05681818
570.30463576	1773.16225166
569.48344371	1923.80132450
580.12945591	1109.47279550
575.70650530	1317.10892587
572.12500000	1757.81547619
578.23665893	97.22273782
578.79464286	999.41785714
579.13627639	1362.38579655
585.05290323	1208.34580645
573.90967742	1693.25806452
582.75540765	221.12146423
578.08135593	895.46779661
570.10666667	1897.36000000
579.96218487	1909.17647059
589.10970149	607.08208955
586.57300885	1618.25995575
588.41258741	153.62237762
591.00097182	497.44509232
582.27368421	822.09210526
599.06540583	1019.69582348
591.40067720	323.65237020
590.08263069	771.55649241
582.89285714	1093.02976190
592.54309450	734.49844237
605.53730219	881.53579503
583.97972973	1493.57432432
597.81257707	1821.52774353
598.12638889	1844.70277778
590.53784861	2013.13545817
588.96688742	840.18874172
585.10967742	1567.15483871
598.87681159	1285.16425121
592.80931587	1531.13973799
598.96864111	791.74564460
599.51687117	1392.14723926
593.14898420	1675.24379233
590.22727273	46.03030303
603.70502092	35.85564854
599.17659574	665.57446809
601.05762712	1584.97627119
601.66555184	1909.45039019
598.96381579	169.68092105
597.88495575	1100.24483776
613.73504274	1041.53479853
601.09712230	1083.36330935
607.80104031	1437.20676203
609.83494364	1741.67632850
616.90135135	61.61418919
598.90361446	361.56626506
611.14085667	385.60296540
606.59837728	1121.79310345
605.37696335	217.88132635
613.17386723	1320.75974710
610.36637168	1938.12743363
609.37817259	1687.60913706
605.24369748	460.58823529
607.07031250	351.35156250
622.04380792	255.22240944
608.89855072	427.59420290
620.83795620	908.21605839
617.21869489	1349.74779541
607.70895522	1410.52985075
613.97947214	148.28739003
616.36565097	1994.08310249
614.78461538	316.52115385
611.80597015	1535.50000000
615.87760417	1557.57812500
621.17495396	844.01104972
620.16216216	927.88206388
620.71656051	2013.40445860
620.95847176	733.77906977
628.29365079	1095.68518519
627.80305132	1204.44382802
623.42372881	1225.52919021
633.11125741	790.08031600
616.53846154	998.46153846
621.42119565	1414.38043478
628.65879575	710.01298701
631.14645975	1838.26091174
626.08461538	1881.66923077
626.18097448	226.74477958
626.81937173	333.83246073
637.95424443	1716.65261890
627.35805627	520.87723785
632.63559322	1909.22760291
625.15699659	540.12969283
633.86696562	752.91778774
626.40055249	1117.12154696
638.90940054	1641.30585831
637.64304462	393.39545057
638.82484076	1891.88853503
630.22982885	361.09779951
624.24444444	990.86666667
628.01474926	1292.66961652
634.76315789	1798.22076023
633.21845574	661.40866290
632.88194444	1547.33680556
639.40466926	1962.86089494
626.34756098	2001.33536585
638.56820513	164.59794872
626.09230769	450.30000000
643.57421150	1339.06771800
627.45549738	1534.75392670
641.97302905	497.95643154
633.67151163	583.26744186
638.10894942	641.43968872
633.82258065	1006.90783410
639.56666667	598.86666667
651.36713001	1147.55273917
639.12121212	551.80086580
637.33548387	989.70967742
651.78129395	1036.04711674
656.75848416	1403.52205882
647.14642263	1501.90349418
641.24062500	1523.06875000
640.60392157	1985.31372549
638.83425414	917.40331492
656.82386009	248.02248595
661.91020010	298.34211811
649.36682616	348.68261563
646.55232558	537.82267442
662.29940476	836.54880952
650.95278970	728.71673820
651.42488263	1190.93896714
663.06930693	33.82178218
647.29761905	521.22023810
656.65437788	1104.69278034
654.49425287	1996.40000000
650.99319728	105.90476190
658.24517375	976.71814672
654.78851175	1845.90339426
656.94763092	414.40399002
659.96129032	803.01505376
659.51769088	873.91247672
659.25878004	1577.02772643
660.20809249	1759.45809249
667.06594324	706.00667780
669.23949580	80.63613445
660.68699187	1816.19512195
666.20481928	1873.95582329
678.41072999	1894.82937555
671.00793021	515.30769231
663.02976190	2013.50595238
663.28155340	163.50161812
667.63718821	568.69841270
664.48547718	1517.45228216
670.04873646	1629.06137184
678.55954898	1972.17336152
680.94436090	596.00676692
672.12466125	739.29539295
666.64705882	1125.72794118
683.97301136	1138.58948864
682.33622184	1115.86135182
674.65948276	48.09913793
682.33280507	1019.29318542
686.24656085	1591.27619048
686.52777778	999.13011696
686.21419009	1472.55020080
685.11666667	1562.48555556
691.08225108	555.74170274
682.85819521	929.73664825
680.29876543	979.79753086
673.17283951	1771.35802469
676.64705882	808.35294118
680.89090909	1926.18181818
679.92165899	795.18433180
685.94100295	1859.10471976
695.44340974	228.54083095
683.15425532	1663.44148936
695.85365854	447.06848030
701.71646859	2001.10016978
690.73242630	820.04535147
695.20754717	1264.01588878
701.17939609	1093.97246892
690.83959900	1813.33583960
686.99159664	1942.01680672
710.14799768	1639.67904817
695.29742389	720.66978923
698.55026455	739.49206349
696.19795222	912.79863481
710.08009709	1142.41990291
703.59801136	130.64204545
694.74770642	471.44954128
705.04139290	519.86268068
712.43552702	1298.59122525
699.69275362	968.91014493
701.79523810	1384.82063492
695.45454545	1506.72727273
708.21779141	1803.10736196
706.60798122	1912.70657277
708.70970206	306.01680672
697.68508287	1936.52486188
712.02067183	607.97071490
722.54385965	36.35897436
706.58333333	415.14880952
715.73684211	1726.97406560
706.97777778	1340.68333333
708.56265985	1484.43989770
707.11728395	475.51234568
710.45652174	1555.82173913
721.63088235	1004.22941176
719.18913481	1364.25754527
729.70773481	1680.26795580
719.89354276	1438.09249564
717.05514706	958.44852941
717.30232558	672.78139535
725.46185398	894.72436423
725.20000000	855.73263158
720.24365482	1060.63451777
732.32245922	489.57089084
728.40000000	1382.68437500
739.04664915	173.85085414
732.01286174	1265.75241158
727.92194093	363.74261603
733.91168353	731.72125115
724.50209205	1518.56903766
729.12672811	1240.40552995
729.12500000	511.90566038
727.33093525	1581.17985612
729.42067736	1095.72370766
731.91810345	1500.41594828
742.31376812	268.98840580
729.60740741	1022.08148148
733.14519427	1475.10020450
728.86547085	1916.83856502
734.57223796	657.87252125
739.12572759	967.13969732
732.89029536	1453.55274262
748.80453752	1999.12100058
759.53710247	1158.04876325
736.04618474	1787.53614458
741.06038292	207.18851252
748.70094821	1542.77753465
739.27168950	302.51598174
739.41062802	1063.65217391
744.28254438	1965.01627219
751.78778387	1104.51527016
740.40000000	1337.40487805
744.83443709	103.70088300
753.13928571	1661.07976190
753.14873141	935.48031496
752.97219464	1632.26017875
752.82666667	641.27757576
749.75137112	750.83729433
754.59802432	812.49544073
751.35203366	907.71669004
738.38823529	1013.94117647
745.15555556	1077.75555556
750.79482072	670.91434263
753.49262537	1713.58112094
749.86907021	1746.87286528
751.63449024	1895.19088937
750.27990971	1027.88487585
757.50358240	366.83111566
763.41988417	444.17953668
765.45812808	342.14532020
756.17083947	1370.94108984
750.17586207	410.69310345
753.74725275	1590.19560440
762.07182320	81.39088398
751.57291667	1043.53125000
759.07339450	1291.10825688
756.33823529	32.11764706
756.51101322	835.24669604
756.26388889	310.25347222
767.38217338	1426.51892552
759.24539877	1787.33128834
762.46024096	1347.29879518
758.35294118	1449.00534759
773.69630643	118.74623803
773.71162123	472.06599713
775.13873239	1052.12394366
758.88970588	1730.84558824
764.34080717	187.77802691
757.65833333	512.73333333
768.45037037	1203.22666667
763.60107817	499.12398922
774.65384615	409.71288014
770.93230404	534.11163895
772.68771331	725.58105802
768.30535456	966.18958032
772.25377229	1392.90672154
769.44751381	1844.65193370
775.28855721	773.51077944
778.17087156	1017.84977064
773.67783505	1564.01804124
774.35398230	1744.02654867
782.98234552	202.57503153
774.52797203	315.64335664
774.01948052	1336.09090909
783.84992101	257.39494471
788.97737069	1125.95581897
779.55186722	1372.13278008
778.43176179	1772.35980149
781.56984127	1100.63809524
795.98716303	1543.13029525
778.07222222	795.70000000
798.64388889	1703.21166667
783.94297352	1814.55804481
783.36065574	1626.31693989
782.05263158	1936.23684211
781.36521739	458.71304348
786.33967789	625.16251830
782.22962963	1327.26666667
783.71875000	1349.69097222
789.31147541	555.30679157
797.26123834	871.88379983
792.95060484	924.50806452
790.60115607	1970.88246628
785.63793103	1308.75862069
799.03955224	833.42611940
799.89612531	501.21269580
789.88372093	1484.07994186
806.35478807	1649.40502355
789.15609756	1847.06097561
805.08326030	427.28834356
794.23157895	713.17052632
793.29715302	683.87900356
797.66992188	897.97656250
791.98648649	1669.69932432
800.68103448	1916.79597701
805.14530777	1576.29667003
791.54166667	795.77916667
803.68162693	218.51051893
801.18110236	250.02099738
798.66233766	1192.14718615
800.05853659	1377.80487805
798.87500000	1398.83333333
800.88110403	1771.36730361
796.94354839	406.95967742
808.57692308	644.93186813
810.29077430	755.94233937
797.48497854	1344.77682403
801.71648352	343.20219780
802.87463557	1985.34693878
804.86792453	1448.71907757
807.13281250	109.87812500
815.41472868	600.63643411
803.92628205	1327.83012821
803.07167235	1272.37883959
809.07142857	1624.39625850
809.80503145	149.02725367
804.77664975	624.30964467
805.78716216	1170.60472973
825.20338208	286.53473492
824.66126761	1107.38873239
806.05775076	1492.66869301
806.65693431	1675.53284672
819.30760234	674.10409357
819.70212766	1230.97127660
815.93240557	1606.76938370
811.43805310	1475.57079646
817.57627119	366.09981168
812.57716049	1034.35185185
821.94840834	178.05598244
821.76125654	56.23141361
819.50434783	245.95434783
814.51372549	938.22745098
819.11363636	1758.60000000
829.72805344	1006.39026718
816.36337209	1341.93313953
822.20915033	514.56372549
818.35390947	1206.44444444
828.71563342	1454.87196765
814.10101010	1129.92929293
833.36148148	893.66444444
823.50417827	1591.00835655
822.01207729	1678.28743961
823.78964401	860.89644013
821.77227723	1424.79207921
824.28648649	224.32972973
834.34894614	1986.36533958
831.31790744	967.40241449
841.33565548	1839.21405953
843.94553377	839.16013072
839.62303665	1031.07539267
824.54782609	1321.84347826
847.99043062	39.42009569
826.92432432	929.50270270
830.56916996	1472.91699605
831.16158537	1893.21036585
840.71461450	1913.99769850
834.46212121	1201.17171717
829.29411765	348.40336134
845.50401070	2007.44919786
836.73065015	1433.41176471
839.08754864	1717.27431907
834.00253807	1336.33502538
844.06722689	1749.97358944
833.09836066	1274.48360656
836.00444444	1770.45777778
841.21647059	728.78823529
846.29405520	95.72823779
842.59644323	796.30642955
836.13612565	1504.26178010
838.88148148	525.46666667
843.87898089	918.74734607
843.19575254	1399.46999077
848.13730255	1131.28554070
849.22322900	1591.69934102
851.47325103	399.36488340
848.04697157	1238.63040791
845.25552050	1784.13249211
843.33168317	1082.19801980
858.26032190	351.31000700
849.61654135	251.75438596
849.33333333	1874.92827004
854.93870968	1189.85161290
858.03444564	1695.64693219
849.04278075	1172.37433155
853.53781513	423.45658263
853.45364238	711.49337748
853.71779141	750.40797546
857.67557252	1266.32061069
859.92000000	1331.34608696
852.46355685	1504.27405248
855.44508671	982.63294798
866.67278618	299.16846652
856.83414634	1073.28780488
863.54783951	1106.28703704
867.09009009	1086.00225225
866.37539936	1669.81150160
863.96450428	1950.83108935
869.85049505	570.19009901
872.25700935	451.79906542
865.04481132	1411.08726415
869.81409295	1448.44677661
878.30298819	61.01667825
863.13615023	697.42253521
858.77241379	903.14482759
863.49763033	952.71563981
876.56000000	1159.70142857
862.43555556	490.89777778
879.10847701	135.75215517
878.29008439	213.69303797
867.63377609	1298.43643264
867.89824561	1428.94385965
865.44505495	504.46703297
873.07477567	636.99800598
866.75263158	917.11052632
863.62179487	1173.08333333
867.25260960	174.88935282
880.79541109	380.47992352
880.61748634	818.11787666
866.98642534	1549.38461538
875.80416667	1915.95208333
870.58798283	1135.08583691
871.81227437	419.15884477
888.09746738	477.05448964
883.21707539	975.02724796
870.64516129	712.75268817
881.07479964	856.14069457
874.61698957	98.57526080
876.38912134	404.55648536
875.87567568	1003.95405405
874.10416667	1070.91145833
875.65102639	1730.37536657
877.14084507	938.53169014
879.15706806	1756.70506108
880.97250859	791.88316151
882.85100287	235.12893983
879.26839827	1870.49783550
890.47565923	184.75963489
886.00676819	547.87309645
879.57142857	1779.77976190
881.91160221	698.58563536
881.17500000	725.47500000
893.45461598	1253.91388673
887.04948454	1404.08041237
883.92558140	1423.94418605
889.80448718	1026.08333333
885.54907162	594.85411141
889.89306931	1978.25742574
890.75213675	162.01424501
889.79537954	1579.08085809
884.01659751	1946.09128631
889.09655172	41.34137931
901.62743191	440.44163424
893.53420670	294.12954876
901.68340426	1192.20765957
887.51982379	2003.54185022
899.57619048	32.92857143
890.38922156	1381.16167665
904.75575353	357.84780995
909.42590822	1134.35564054
892.45957447	1601.38723404
898.95594714	98.16593245
899.65905097	1001.02460457
897.33196721	947.53278689
914.81898148	1062.89305556
903.09090909	1364.08961039
898.52321981	1670.66253870
904.58052434	1167.66479401
912.22615132	1301.12500000
899.97127937	1513.08877285
895.58593750	1556.43750000
900.74870466	734.60362694
906.23308271	1757.14118630
896.98344371	1941.85761589
901.42521994	1996.18768328
899.72916667	578.64843750
910.86055046	602.46972477
900.06358382	1389.00000000
923.80013414	128.33333333
914.92051476	1332.09311128
903.66507177	1648.49521531
902.33246073	236.52094241
904.81136951	1439.04651163
905.88620690	561.50344828
906.77595628	896.04189435
904.49056604	1684.08805031
906.30769231	1852.52747253
902.69696970	1227.21212121
910.44172932	1878.47932331
919.15010007	303.29019346
916.67798913	983.12364130
918.04851752	1956.99595687
917.90130916	155.25780463
911.97172237	501.50642674
909.07142857	1623.01984127
912.37532808	76.72178478
922.36226931	403.37935748
911.40125392	834.31974922
910.02357564	1601.76227898
923.14412811	931.32206406
926.86634199	638.32088745
913.65952891	1029.90149893
912.34080717	1533.26457399
916.59803922	1639.37745098
918.87262873	1205.60433604
917.25833333	1555.54375000
919.62992126	36.15354331
921.53942652	1241.05376344
924.71658615	1584.86634461
926.74792703	1508.34825871
925.25937500	901.80000000
929.92784380	1994.30814941
930.90055249	1480.80248619
937.10625621	876.35054618
925.91217565	1663.66267465
926.27338129	1846.59712230
927.22222222	1907.84742952
930.53396524	517.89415482
933.93911007	1418.81615925
928.85082873	1802.20165746
936.47034765	207.12985685
930.90734266	1635.06118881
928.22826087	453.83333333
931.58620690	690.64778325
935.50371287	1718.37004950
938.48949320	178.74042027
935.18134715	1223.53626943
937.58035714	65.44005102
930.76800000	850.26400000
932.30150754	1176.86432161
949.26569038	1557.39679219
944.58559622	283.38134593
943.58227848	1461.91898734
938.54466859	1191.79250720
942.31103679	1770.06856187
944.55079007	1790.78781038
941.59009901	975.89504950
935.34482759	1209.10344828
939.58888889	821.53888889
940.81018519	1520.57870370
944.13763441	1619.81720430
941.89152542	1692.17627119
941.01144165	1152.81235698
945.64088398	1249.67034991
942.72161172	1383.16483516
938.79285714	1813.79285714
944.93898305	373.56271186
944.68371212	456.99621212
945.87447699	593.30962343
942.47333333	1535.44000000
943.85714286	1933.90756303
960.46153846	853.21865536
954.12457338	1662.68430034
952.26265060	262.89156627
952.71929825	908.80827068
953.65069860	1601.25748503
950.07470289	943.26315789
945.97560976	1893.21602787
947.36754967	1911.52980132
950.78642715	393.46506986
953.35021097	564.16033755
960.83192568	1862.71283784
960.07088989	39.72398190
968.46602871	119.57129187
952.95614035	788.23245614
950.05769231	1070.77884615
952.60431655	1233.06115108
958.98905609	1088.63064295
945.97761194	1205.70149254
946.21965318	1437.78612717
957.63905325	55.90236686
953.79749478	151.41127349
956.39049236	711.41086587
961.89688249	736.42326139
949.67768595	1052.12396694
953.82758621	1999.60689655
956.58974359	246.99679487
949.13366337	510.82178218
963.75921376	1957.92137592
962.08611111	435.56018519
960.93712213	360.59492140
963.00931099	1213.74301676
951.94827586	1162.44252874
958.12195122	1359.65853659
957.16129032	1425.88387097
960.02120718	215.28548124
961.30000000	1375.89000000
955.08376963	1479.16753927
953.41269841	1526.79365079
957.33009709	82.53398058
962.12301587	1191.05158730
961.05759162	1403.36387435
968.70674157	966.71011236
958.90090090	595.28828829
964.07423581	1285.70524017
963.59740260	1058.69480519
978.13815789	1633.88048246
965.16091954	1158.68582375
979.17221771	1537.78960195
986.14823175	1273.99623777
982.60719875	1612.29420970
967.56382979	575.12765957
984.98388721	74.92447130
981.11561383	1994.09415971
976.51764706	1415.22352941
981.16557162	297.40735874
973.73913043	1920.71014493
982.33978873	1662.07394366
989.80824742	1783.06391753
975.68345324	1909.36690647
990.40929809	390.46581586
979.26402640	1075.45874587
989.73230269	356.25142392
999.11978362	1065.34080371
986.08344031	1325.26059050
985.01719198	1428.74212034
980.87138264	1756.27652733
981.66564417	428.92024540
994.11154985	987.24975321
992.50578339	1706.68874869
991.39187228	610.98984035
982.83282675	840.51367781
1002.19957082	1154.68991416
989.15530303	1398.86931818
994.65263158	1846.97105263
989.39490446	1490.91719745
1005.70198171	1674.59375000
994.53496503	1762.81468531
993.04615385	1920.15576923
997.66818182	242.57727273
996.50000000	323.64970060
995.51190476	466.61507937
1013.94610778	420.99750499
1001.14974182	1198.88468158
1002.52325581	54.64534884
1006.34271100	108.70076726
999.55234657	1353.49819495
1007.53679318	1881.24244771
1010.28034188	1214.70085470
1005.58644068	1337.68813559
1005.72584270	1521.55056180
1008.02898551	35.16304348
1002.30316742	916.83710407
1011.20618557	800.01472754
1007.52597403	1499.55844156
1008.06349206	1479.49523810
1009.64668770	872.66246057
1020.99122807	598.53070175
1014.45120000	731.19200000
1014.50677966	260.11186441
1016.30923695	766.45649264
1008.91860465	1024.63953488
1020.42505765	1962.18063028
1024.84136722	557.85977213
1021.77786499	1376.81397174
1020.17748344	827.47417219
1021.33786078	497.83701188
1016.22580645	1433.54193548
1018.29794521	922.46746575
1017.79720280	1324.68181818
1020.19488189	975.98622047
1018.60424710	1701.38223938
1021.03818616	148.04295943
1021.46370023	887.21779859
1032.70360825	1650.57216495
1024.44809689	1231.84602076
1017.05696203	1272.46202532
1023.49648712	1345.25526932
1024.02901786	1849.82142857
1020.66810345	1411.16810345
1029.53644315	745.48396501
1036.42800000	1995.25680000
1026.40794224	1548.96389892
1028.95400341	1784.29812606
1045.84080127	1027.10490248
1025.65181058	1485.31754875
1035.59307359	1504.10173160
1033.06446281	1056.75537190
1028.91739130	41.19565217
1030.58238636	96.36931818
1034.55123675	1585.60247350
1028.31186441	1604.10169492
1034.70664506	117.49918963
1034.91193182	1519.70738636
1032.11428571	167.48571429
1033.98417266	456.83021583
1033.95046440	224.74303406
1042.72202591	1870.96113074
1042.08452951	998.30940989
1033.56292906	1428.08237986
1033.33673469	1863.27551020
1044.65266393	520.33709016
1042.50604027	1829.82281879
1041.91538462	295.36923077
1064.27662668	1127.85059978
1041.03099174	628.04752066
1043.67091295	1454.84925690
1045.72327044	1104.91698113
1048.41289199	90.76306620
1054.47919144	135.63852556
1043.67084639	239.32288401
1066.00425273	1478.79404617
1047.14680484	485.51295337
1042.83980583	813.00728155
1049.20262009	1732.94847162
1046.33805668	761.21052632
1051.87346221	945.14059754
1043.68468468	1221.01801802
1048.27878788	1331.11212121
1040.86842105	1340.63157895
1048.53783784	1759.88918919
1050.48730159	160.00634921
1042.88194444	1236.54861111
1049.50662252	713.02814570
1050.35416667	781.76822917
1053.94319527	918.03668639
1043.42857143	1608.81746032
1060.74517766	1623.57766497
1049.07234727	852.86655949
1051.56315789	205.95789474
1055.70716511	193.84423676
1055.81746032	1200.34126984
1058.04781705	1316.14137214
1061.08879781	562.37295082
1055.83185841	1298.30088496
1056.49695122	457.76524390
1058.86326194	664.00494234
1058.63205829	1597.55737705
1056.79922780	362.22779923
1060.71159420	1896.86086957
1071.00684932	1665.34589041
1070.93033510	1798.44444444
1061.97154472	595.73170732
1070.10071942	1243.15827338
1058.14886731	1225.02912621
1076.52023547	973.52685798
1071.62243902	322.00682927
1082.86637298	84.92217327
1067.88217523	342.88217523
1069.69111111	535.28111111
1066.59064327	1770.23196881
1062.19021739	1276.56521739
1069.01170960	442.66042155
1077.49878148	1076.59463851
1068.26394052	834.59665428
1069.98902821	1546.68808777
1082.13941368	1863.62671010
1068.54285714	1926.95142857
1073.02369668	639.27251185
1067.66981132	2000.83018868
1083.62679426	1910.06698565
1078.37044534	291.91497976
1091.25863454	1216.61124498
1084.67572305	1728.23225241
1087.52786475	1588.89855980
1084.84903846	1963.85192308
1087.71651376	890.53027523
1078.71557562	1281.16478555
1082.82805430	682.94343891
1084.54115854	855.99085366
1080.83157895	1028.97192982
1085.09923664	1042.65648855
1084.35695538	1356.08136483
1082.95178197	2000.04821803
1093.15824916	919.24579125
1089.97231270	949.34690554
1093.37874893	218.47300771
1092.76183432	614.81508876
1085.57024793	654.77685950
1094.28252788	1764.71654275
1083.85350318	390.40127389
1087.69337979	517.39721254
1088.01425662	787.29938900
1086.77227723	1634.99752475
1095.14723032	835.19387755
1088.98611111	808.56597222
1081.83606557	1532.68852459
1095.19444444	405.24305556
1088.46099291	532.22695035
1103.43658724	555.12375096
1111.39431121	687.02119353
1103.97979042	1297.93862275
1092.72051282	1540.95897436
1093.60068259	1704.67235495
1101.27649208	724.65042631
1097.01012658	1327.88860759
1103.65804935	298.23619271
1103.37086093	327.57086093
1103.28943089	1880.13008130
1105.85454545	267.60242424
1114.00393922	364.10298255
1109.03018868	820.59245283
1099.89743590	1131.71328671
1100.68644068	1111.91949153
1109.39233818	1449.73844122
1107.13478261	1256.28115942
1105.49357798	469.73577982
1111.80341880	36.12606838
1113.58560000	174.32640000
1120.43932322	782.42998833
1105.81341108	1627.25364431
1105.34074074	1908.78765432
1123.15023474	2001.79007378
1112.74141876	154.87643021
1113.96653543	1173.85236220
1112.65283843	1687.05240175
1107.10824742	802.24226804
1115.60481586	442.19121813
1117.31962865	1020.97082228
1110.55851064	1061.41489362
1110.76524390	1410.04268293
1113.41825902	1842.22505308
1127.53263158	997.14631579
1111.08333333	1237.56666667
1130.50246609	1079.54192355
1118.35492228	1550.13471503
1115.43181818	1665.59375000
1118.86198547	931.30024213
1121.53678930	404.99498328
1129.76745528	881.81592614
1128.34952978	103.50705329
1134.28915663	1208.47891566
1121.26785714	1510.27806122
1122.24604966	1722.43792325
1125.75161588	1754.01200369
1151.17008664	59.01276790
1124.23848238	491.91056911
1120.95454545	509.38068182
1123.85843373	1825.39156627
1140.70196576	233.97400127
1118.79761905	280.30952381
1123.71428571	537.66137566
1123.95546559	1361.19838057
1127.32851986	1421.50180505
1132.70346320	127.08441558
1125.34193548	1809.61290323
1135.96167558	1888.94563280
1124.52892562	1390.74793388
1127.04010695	465.34224599
1127.67713004	257.02690583
1152.20213363	292.00056148
1144.96836228	1335.13027295
1130.55105348	1957.53484603
1134.44725738	717.19198312
1136.72294372	1933.32611833
1128.84461153	1254.36591479
1144.14054054	322.41297297
1131.06112469	561.62102689
1129.35975610	1562.57926829
1136.79634465	340.80678851
1140.37477798	1294.21669627
1149.53440572	1406.59070599
1132.26315789	1911.65550239
1132.60509554	650.60509554
1144.24032825	1373.65064478
1146.85954382	510.14045618
1140.75933610	33.62240664
1148.27132580	147.69373073
1163.91978923	662.57611241
1146.49721190	369.61431227
1143.34772727	1862.94318182
1140.59803922	198.17156863
1145.83233533	1538.13473054
1148.32282004	1554.70871985
1146.96136364	1585.77727273
1145.59600000	528.73200000
1146.07058824	544.92941176
1147.36096257	910.98930481
1148.51988636	939.35227273
1152.77162978	463.99698189
1149.79761905	687.91071429
1150.41243863	1766.20458265
1153.10096819	1509.52282158
1148.15562914	1829.86754967
1145.69430052	566.44041451
1154.07929515	704.72907489
1165.75157729	858.40141956
1155.58278146	1846.76490066
1159.06506849	641.06678082
1164.38136646	186.70683230
1158.25707547	1233.45283019
1156.56037152	990.56346749
1173.48060075	112.71464330
1157.56299213	976.56692913
1160.07200000	1009.45400000
1161.52068127	1954.13381995
1159.96474359	835.68589744
1173.14811449	1156.66242617
1160.92553191	1655.43085106
1162.47034765	1932.00817996
1158.40886700	1872.25123153
1159.32019704	2012.00000000
1160.65301724	559.69612069
1165.06840391	1674.80130293
1176.27961165	248.65113269
1176.13832599	608.73744493
1168.89329268	916.85670732
1168.19240506	1195.05569620
1174.82521186	1806.68008475
1171.56951872	968.00267380
1171.44370861	1833.76821192
1167.06772908	933.09960159
1172.88485804	330.37539432
1171.29850746	900.85820896
1180.95785037	1499.93993678
1172.60773481	1870.10220994
1168.84920635	718.58730159
1175.95406360	1852.95053004
1184.80215054	471.95985663
1183.76994220	1017.90520231
1185.72707424	1918.58733624
1182.71809524	1120.67809524
1173.96265560	1218.24896266
1179.77617329	1246.20577617
1174.03734440	1565.75103734
1173.73076923	1774.13461538
1189.86898017	558.42705382
1177.56356736	1299.70018975
1179.93123209	1662.93696275
1179.90864198	1896.87901235
1187.92318244	2009.40054870
1196.88809311	512.20322292
1174.11250000	566.83750000
1185.90663391	1350.11425061
1180.28193833	209.96035242
1186.25688073	289.29357798
1187.23741007	1684.09112710
1180.22695035	833.09929078
1191.27878788	1607.78666667
1187.39655172	1697.81896552
1187.10303030	726.09292929
1189.06574924	1074.42048930
1195.00452830	1949.51094340
1188.08417508	1209.84511785
1182.77027027	419.73648649
1191.16386555	1277.17787115
1198.87758347	1376.32432432
1192.84375000	1191.79296875
1196.17625232	79.53617811
1192.58490566	1047.88993711
1195.27708333	1772.66666667
1198.00743494	1858.34014870
1199.75949367	430.09493671
1201.72020725	1585.47409326
1204.80658026	750.10269192
1198.32068966	1224.57241379
1201.88300493	1659.72906404
1196.96153846	416.13461538
1199.45533141	849.93659942
1199.92366412	1238.79389313
1207.43722944	1521.99134199
1207.53030303	1562.16774892
1204.24731183	1629.89032258
1203.91632653	267.00000000
1208.27704485	1806.79947230
1214.97332421	878.00136799
1215.17952314	1902.46984572
1211.53170732	912.62926829
1214.84378014	1149.00289296
1212.53795380	1327.01155116
1212.60332103	1696.15313653
1209.65714286	293.46666667
1207.21596244	1207.18779343
1215.76673428	1735.11561866
1211.01405622	1879.46385542
1212.84584178	1755.19066937
1230.10228311	107.18447489
1206.18823529	580.48235294
1206.10126582	1051.09493671
1212.53218884	453.06008584
1223.95898673	1095.59831122
1232.43212121	1402.88303030
1233.27588137	351.36821489
1216.96717172	775.40656566
1222.73830409	1032.65497076
1224.77964323	965.51206716
1222.68771331	1071.87713311
1214.83552632	1218.63815789
1220.48535565	573.32217573
1231.22647794	1672.82264779
1236.75343681	156.07050998
1226.42919075	1639.42774566
1218.58579882	1924.36094675
1222.16887417	1054.41721854
1220.21212121	258.08333333
1227.10391566	719.73795181
1221.68085106	1851.12765957
1224.20734341	277.22462203
1228.64568345	482.03956835
1222.90395480	1350.59322034
1236.00602410	1513.30481928
1229.06442577	683.09803922
1223.94017094	1550.35042735
1245.41609589	35.50342466
1232.28330523	1009.89038786
1227.30303030	1582.52861953
1228.58867925	422.16981132
1248.64486639	214.67862166
1232.22157434	1370.93877551
1235.35059761	1798.08632138
1233.64118896	459.64968153
1233.82650602	503.73253012
1233.31232877	1817.73698630
1238.53041018	1177.89816124
1231.24083770	1215.39528796
1242.16872038	244.32417062
1236.66889186	1328.20961282
1233.60483871	585.75403226
1240.42444658	919.99326275
1244.34296724	1532.57032755
1236.14641288	1753.37042460
1236.52512563	1834.59045226
1239.96607670	804.97050147
1251.97614314	833.90589795
1244.38832772	1892.94837262
1239.96564885	1357.70992366
1234.89637306	1554.96373057
1243.10294118	1991.37500000
1245.78145695	1050.06456954
1242.23173804	1135.86146096
1246.73146293	291.16232465
1245.01321586	642.51982379
1243.77458034	1441.17745803
1249.26288660	268.14432990
1238.63636364	415.62566845
1253.21805183	601.87846291
1246.59375000	664.73958333
1263.64293915	1248.97206276
1242.84037559	1305.13145540
1249.98593074	1601.87662338
1247.67280164	571.41717791
1251.74003795	772.77798861
1259.44899375	1081.32130465
1249.69914040	1574.91404011
1250.05630631	1551.64639640
1256.47589425	1726.99844479
1254.05982906	455.45726496
1256.84087363	864.80187207
1252.39256198	682.60743802
1255.75900277	540.19390582
1258.22869955	1318.55829596
1264.85714286	1348.52416756
1254.49822064	1747.19572954
1254.14792899	1835.65976331
1267.69288390	633.78183521
1253.60606061	898.72727273
1267.88165038	1678.70032573
1262.74619289	1385.97461929
1265.37275064	1794.41388175
1264.88131868	1429.55164835
1272.15148189	889.48847420
1264.96703297	1290.62009419
1264.60206186	1704.00824742
1272.10570071	143.41805226
1270.09659715	1135.90010977
1267.19130435	403.33913043
1264.66985646	478.12440191
1269.63193277	918.66050420
1266.20152091	1371.94296578
1268.22464899	1941.44461778
1280.04514107	1968.71034483
1265.51282051	1657.89743590
1278.86974359	1818.09230769
1276.65295359	273.58966245
1273.28901734	303.09971098
1273.31968296	505.26155878
1279.41392405	738.72151899
1274.62189055	1453.22139303
1271.14801444	712.91696751
1263.28125000	906.28125000
1271.51111111	1410.70370370
1271.14383562	1543.54452055
1271.01744186	756.83139535
1284.51094891	983.85036496
1273.09004739	1307.93364929
1271.78212291	769.79888268
1281.87204724	1764.47244094
1277.44150110	37.64459161
1276.18181818	688.10192837
1275.65472313	1176.38436482
1278.97979798	1632.54747475
1281.37526652	1528.07889126
1285.32636656	468.56752412
1277.18589744	1902.58333333
1281.33476395	2012.76394850
1287.72549020	1911.16246499
1282.57062147	53.68361582
1282.27152318	171.27152318
1299.04972032	226.00000000
1286.51182796	800.39354839
1281.74528302	1713.34905660
1281.86033520	1657.56424581
1288.24437299	139.97749196
1286.01630435	1513.26630435
1283.53174603	1698.65873016
1295.21383648	1934.30031447
1292.97887324	650.90422535
1294.52389381	1466.49911504
1289.50000000	1797.45588235
1295.78008299	1682.91908714
1291.65476190	689.84920635
1297.48362720	195.61460957
1302.38461538	959.83814103
1296.89920424	912.40053050
1296.13448276	1706.46206897
1299.20065253	1026.55464927
1305.92850242	1225.85700483
1306.95734003	549.06649937
1300.70900693	1053.63048499
1300.86390533	33.26035503
1306.03468208	726.71483622
1303.54157783	1638.53944563
1305.23611111	65.64166667
1310.44782251	394.79375514
1313.15631263	1386.56112224
1303.60963855	1511.34939759
1312.36886228	768.97844311
1311.47694335	1889.50461133
1313.46821844	285.33840645
1314.58987201	1286.62771285
1328.92640076	1788.39886040
1308.24545455	849.10909091
1309.11612903	1525.78064516
1303.05454545	1532.47272727
1317.58512397	256.00495868
1311.39632546	1999.08661417
1318.44052045	933.79925651
1320.18928571	1592.28125000
1311.15873016	639.11111111
1311.08196721	1950.67759563
1339.12200000	419.92640000
1319.14442413	1114.29981718
1312.31632653	1252.20408163
1318.57211538	698.62019231
1316.52923077	194.92615385
1317.72427984	611.42386831
1319.77377049	1141.16393443
1325.78378378	1048.46452703
1335.04020101	1195.06819813
1324.32161687	118.61511424
1329.18338109	311.01289398
1330.61705310	1334.07255049
1321.69753086	595.62654321
1323.35099338	1625.42052980
1322.25484765	1929.72576177
1336.98270181	1018.66803954
1324.67083333	1761.41250000
1333.88951049	1089.59720280
1331.29536680	1228.20656371
1327.83813747	1523.24611973
1341.97753370	1715.69995007
1333.14705882	1967.69485294
1331.42362525	73.18533605
1326.87318841	1907.43115942
1334.87993921	1253.68541033
1330.34375000	1361.65277778
1340.69015212	1997.28662930
1325.90588235	449.95294118
1337.67226891	501.34093637
1331.76070529	912.28211587
1338.74068768	968.92693410
1342.61244980	1673.64357430
1335.02583979	685.45478036
1338.93460925	1472.38915470
1327.36666667	1616.66666667
1337.38725490	192.00163399
1335.38538206	632.26578073
1336.23558897	217.67919799
1334.07725322	1126.74248927
1337.71980676	1420.47101449
1342.10847458	586.00112994
1347.46256684	798.38368984
1347.97986577	1302.82933845
1335.58904110	1889.05022831
1343.28264463	1931.05289256
1336.90666667	1617.66666667
1342.13402062	291.87628866
1347.25242718	2016.10679612
1338.34782609	1108.95652174
1355.43538462	384.26153846
1352.86313686	166.67632368
1355.69805195	1768.01623377
1350.47699758	1908.17917676
1344.89320388	235.33980583
1367.55244338	317.59415971
1355.11811024	455.64566929
1365.99771429	1939.44114286
1349.96825397	696.43915344
1368.65259555	1342.70051341
1365.31602374	1492.25370920
1365.16034670	1591.58071506
1369.16534041	1225.95402299
1365.87288136	1650.67937853
1357.92744479	1266.53627760
1356.03940887	245.82758621
1365.32164948	1383.52989691
1370.23581135	1553.71862510
1363.92189349	1837.21183432
1363.83514100	1693.45986985
1372.75382003	1962.46349745
1367.44790812	499.87612797
1366.95671982	1125.17995444
1358.58227848	1471.49367089
1363.61917808	1896.34520548
1371.67932489	652.62236287
1365.38509317	1067.29658385
1365.00413223	219.20523416
1362.63740458	687.90076336
1370.13984169	1183.87862797
1363.85245902	1203.65573770
1378.39361702	847.46476064
1395.03931516	364.09480025
1372.85796105	1998.41237113
1365.31192661	1803.34862385
1372.53055556	970.86944444
1370.65064103	1459.59294872
1377.83739837	1675.43577236
1378.54788419	812.78507795
1372.51149425	1290.50574713
1370.81481481	251.59259259
1375.58585859	33.24242424
1380.17362637	629.58241758
1386.61992620	559.33118081
1379.03903904	1527.94294294
1375.31707317	1610.56097561
1374.88965517	1301.57241379
1378.53968254	1273.98809524
1388.64311927	1790.83119266
1397.04040853	1743.97557726
1395.69818653	584.69948187
1386.62934363	680.03732304
1382.29738562	1064.32352941
1384.44238683	1430.79629630
1386.07427056	1203.97877984
1388.35490605	1634.09394572
1411.07155026	138.22941511
1401.42180896	221.03550296
1392.18325792	1259.72171946
1392.36044362	764.96487985
1393.70633397	1045.33781190
1389.42372881	1912.79661017
1398.45966229	1606.32082552
1400.96296296	96.62825789
1402.00408831	481.83892069
1395.43418014	787.70207852
1399.42740999	1088.27061556
1392.41324921	889.20504732
1405.11215933	1497.87002096
1391.64545455	201.16363636
1396.34084507	322.26760563
1389.92929293	1537.05050505
1396.00000000	248.63228700
1398.19495413	1342.47477064
1409.59029435	1440.26491647
1397.58936170	1183.96595745
1400.86244541	2009.65720524
1399.61872910	1066.54180602
1400.83777240	1241.68765133
1398.49364407	945.75211864
1404.57192374	1409.70190641
1407.71482531	1884.70632672
1405.01507538	805.27135678
1410.30642750	633.41106129
1406.40824742	1373.86185567
1401.99025974	1937.14285714
1403.46802326	852.13662791
1408.23119015	1021.95348837
1403.81568627	1478.63529412
1410.82047244	1956.62834646
1406.63738739	1976.95720721
1416.56177924	55.99670511
1411.09106529	537.89862543
1405.26182965	1559.58044164
1420.27646326	38.45952677
1410.29447853	1201.88343558
1411.12849873	1120.88549618
1418.59942363	1350.29538905
1413.50578035	1925.80346821
1421.87118644	283.47344633
1427.50132861	254.92471213
1423.17575083	563.16462736
1418.36380597	946.81343284
1427.92018419	996.40061397
1424.21015762	1326.04903678
1416.29107981	1574.95774648
1424.73442136	695.15727003
1420.35374150	1246.87074830
1424.76958525	1390.76958525
1427.88591800	106.53832442
1423.52093023	236.37674419
1420.59701493	1483.98507463
1433.52384501	1653.52831595
1422.46405229	783.86274510
1424.46366782	901.61591696
1433.10711610	1040.64119850
1424.24110672	1462.54940711
1433.82369146	597.03030303
1423.54716981	1077.78167116
1421.64227642	1098.78048780
1429.98893805	1370.41150442
1430.42418773	739.12815884
1428.80528053	766.76237624
1434.18338558	883.81974922
1428.37229437	1140.33333333
1428.35231317	1556.75800712
1438.61092531	1810.86399108
1437.46885246	344.83770492
1432.87948718	717.21282051
1433.50764951	1173.07232267
1435.79113019	1871.93276109
1444.26722090	818.91389549
1442.70173103	207.96937417
1434.22786885	1115.58852459
1445.67068273	1205.91432396
1446.76640625	1268.72734375
1440.07056799	2009.04475043
1454.12159175	437.05969049
1443.03371869	1719.63776493
1434.87209302	226.01744186
1451.07388137	361.27055151
1444.47122302	385.44784173
1439.89574468	928.78723404
1445.89668616	1241.80896686
1448.89743590	1992.09523810
1455.56768559	170.48222084
1441.45283019	401.03144654
1456.41773002	1327.40967092
1447.59824561	1683.92456140
1448.31485588	703.67849224
1448.63921569	745.63921569
1454.48429319	775.43979058
1461.88261351	973.78239203
1449.18646409	1897.98756906
1447.44217687	1923.77777778
1447.02421308	517.08232446
1450.31062670	659.88147139
1441.60606061	1541.79797980
1454.86972083	281.90336435
1447.08870968	483.52956989
1458.28522099	1373.07941989
1449.88590604	499.49328859
1448.73255814	329.31007752
1457.07801418	539.00709220
1457.22008863	41.50073855
1455.87452471	116.31939163
1451.51739130	1552.56956522
1460.95340502	1955.26523297
1452.61926606	615.05045872
1455.78260870	1089.82379863
1465.09185185	244.21777778
1458.77897574	1167.64690027
1465.41545894	887.23027375
1458.46948357	686.57276995
1453.19387755	1175.45918367
1456.70397112	1457.10469314
1460.49607843	1632.63921569
1460.01244813	1871.97302905
1456.21126761	921.24882629
1461.05471698	1061.16037736
1462.30434783	1152.42546584
1470.30212014	796.84452297
1463.34267241	1484.75646552
1458.39000000	1914.92000000
1459.89705882	31.00000000
1471.26152399	573.38664158
1462.84189723	1038.71936759
1483.20248204	1603.07968648
1480.65054294	150.57453110
1467.40186916	391.78504673
1474.16081871	719.49561404
1483.10778727	1130.44396961
1461.94949495	2009.03030303
1478.25125823	496.44212156
1471.20235294	698.79294118
1472.33633094	932.65467626
1473.13574661	1350.61990950
1471.46391753	220.65635739
1476.67706013	1451.84855234
1471.40264026	1278.90099010
1474.49256900	1910.59235669
1478.93881857	828.39556962
1476.79014989	1088.94004283
1481.38323353	1876.33652695
1474.07518797	1205.40601504
1503.13431323	79.84439939
1487.08702791	556.27586207
1487.56101083	1182.12924188
1481.61481481	1215.21111111
1490.96844993	1334.11659808
1493.89898199	1570.15661707
1497.46765642	1505.28525981
1491.87198244	1387.93708851
1478.93939394	1438.11111111
1483.55020080	227.40963855
1489.25157233	916.47641509
1481.52475248	1484.00990099
1486.63793103	104.14655172
1485.72010870	290.75543478
1493.05577689	1695.50398406
1495.69939271	1916.06781377
1492.77200000	422.23200000
1505.82813299	1748.93657289
1493.95502646	1354.75925926
1490.03947368	236.92763158
1495.68954248	1042.93137255
1508.17725348	261.38354507
1496.20710059	134.24260355
1499.16856492	436.99088838
1501.37878788	541.15404040
1502.53111433	667.66570188
1495.43356643	1270.10139860
1499.62280702	1677.23099415
1497.28042328	1098.62433862
1515.45501618	1797.74563107
1502.29901961	1238.78921569
1510.86829268	32.34634146
1511.67785939	517.79748164
1505.62857143	980.35000000
1507.50909091	1025.51590909
1509.69665272	1091.47698745
1503.44923858	1659.06852792
1505.21649485	124.21649485
1510.20507614	732.90659898
1515.39590444	830.86262799
1509.51022605	310.05920344
1513.38235294	863.70320856
1513.76335878	1465.02968617
1509.35433071	1637.40157480
1523.23469388	387.97959184
1511.09504132	1252.95041322
1506.68619247	2010.30543933
1516.21773142	570.96349413
1511.44474394	606.35040431
1508.94382022	1111.23033708
1510.78901734	1271.70520231
1522.44245228	1352.68941585
1516.65201465	550.41758242
1530.30155329	786.55918586
1533.22592593	1069.77098765
1518.69902913	1433.91747573
1520.22641509	340.64150943
1522.76021798	962.57356948
1521.07420495	1692.98409894
1523.73076923	2001.41923077
1532.08269525	1589.90607453
1528.52643678	224.93563218
1521.14869888	1651.45724907
1526.30490405	1669.42857143
1520.36641221	373.17557252
1541.00235571	493.67962309
1529.64495114	1124.20684039
1541.46875000	359.92684659
1529.92337165	1901.84099617
1527.90619137	1233.14071295
1534.68051118	1420.85143770
1524.84112150	320.56542056
1535.50557940	893.07896996
1537.89574760	1524.46639232
1535.47067449	1451.80791789
1532.27516779	1875.27181208
1528.10937500	532.72395833
1530.44715447	1205.80081301
1531.20398010	1251.14925373
1529.26732673	307.32673267
1531.00000000	31.57471264
1534.67924528	289.24528302
1538.46648301	729.19834711
1544.09461664	1192.75693312
1547.40912667	1850.41620771
1539.10498688	1042.49606299
1542.81560284	1781.53014184
1551.96971736	556.11305518
1540.84498480	464.49240122
1550.80916976	1133.86493185
1540.10000000	1174.21000000
1542.11160714	921.24107143
1551.28616352	1389.59905660
1554.33123570	1647.22196796
1541.86836028	317.86605081
1546.06303725	1966.66189112
1554.48275862	39.54789272
1543.53846154	595.85042735
1547.46200608	1026.87537994
1550.99523242	1366.97616210
1559.03012048	1408.42289157
1546.55374593	74.94788274
1548.44941176	1247.56470588
1552.98320896	843.50186567
1554.11764706	675.66884532
1560.06151832	1337.27225131
1559.32605905	1821.90500642
1554.20781893	1923.59670782
1567.66727605	2012.01279707
1555.25540275	1212.95874263
1572.44571429	1309.29657143
1565.85444903	234.19328226
1565.66581795	626.42775302
1552.39634146	455.35365854
1554.76579926	744.07434944
1555.94915254	1582.40677966
1575.48987854	1801.86072874
1554.47967480	893.39024390
1561.83783784	1497.16073969
1555.42682927	1566.42682927
1558.45528455	1719.19105691
1566.56612529	63.73549884
1570.66022652	310.00866089
1570.99223164	766.13559322
1563.39544513	911.30020704
1568.03166870	470.62484775
1572.62213225	1276.37921727
1566.14130435	183.44202899
1563.88620690	418.44827586
1581.47396082	869.45914955
1563.45794393	1009.86915888
1564.93488372	1239.85116279
1566.96244131	1256.76525822
1578.28317836	373.80980558
1572.62309368	1915.24618736
1568.80392157	1734.19607843
1577.83358321	1992.75112444
1574.89376443	95.41339492
1575.65539452	1216.26892110
1573.41011236	1579.58052434
1572.92473118	1540.74193548
1582.75760870	1087.43043478
1577.45945946	1137.44594595
1585.57061341	1963.41797432
1578.93750000	172.72426471
1583.44913151	808.26054591
1586.16044260	904.61964039
1584.38836478	547.11477987
1582.38850575	1193.99310345
1596.92795615	835.23805795
1585.92238267	1773.81046931
1584.43099788	1239.60084926
1580.35333333	1001.90000000
1587.63924964	1430.22510823
1583.13358779	1506.93129771
1584.41851852	987.67407407
1579.41666667	1259.73809524
1597.82496413	140.35294118
1594.24007937	1010.51190476
1595.40850277	1490.95378928
1601.02766798	1553.24011858
1600.83982301	1592.96902655
1595.83486239	1065.43807339
1607.33911535	79.93928881
1593.08301887	634.03396226
1605.89592760	1046.26809955
1603.66611433	1742.50704225
1611.68472222	195.97569444
1598.67782427	221.76150628
1596.56666667	49.05238095
1609.63496316	1679.56731413
1603.22607261	533.19966997
1607.11616515	738.24422673
1597.21661721	1267.20178042
1605.87462507	315.95260948
1606.94736842	964.50526316
1601.22672065	563.25101215
1603.25183374	1632.00000000
1604.81322957	172.78599222
1608.25044092	1808.70194004
1604.84816754	1099.16230366
1616.75413223	1351.39531680
1613.07399577	985.51585624
1620.55032926	1711.89557855
1614.07357860	1136.04013378
1606.30208333	1379.75000000
1620.48571429	353.79870130
1621.49273743	451.25921788
1617.27328244	1081.62137405
1611.17220544	1971.28700906
1612.48082596	613.22713864
1622.05429864	1217.37556561
1612.04513889	1261.10416667
1612.12152778	41.27083333
1607.94949495	415.81818182
1624.58823529	665.23045931
1611.71917808	1399.07876712
1625.13532513	1027.06063269
1614.60487805	1542.33170732
1616.75949367	1646.36708861
1624.16107383	2008.58557047
1621.40762463	1385.06451613
1623.26075949	547.62278481
1622.93269231	1827.58974359
1624.57099698	470.43202417
1620.63414634	254.07317073
1630.50350631	1471.46984572
1642.50662739	1935.26509573
1638.15451264	1969.64548736
1630.63546798	47.04433498
1637.32432432	1739.97729730
1638.77973568	317.20925110
1630.38288288	429.91891892
1641.48488513	95.54050786
1630.18134715	1062.20207254
1651.27423982	1640.05278256
1646.72137405	37.01717557
1630.23888889	1549.26666667
1631.85470085	905.86324786
1644.17005420	761.10907859
1638.90476190	703.90225564
1642.84962406	878.49323308
1642.10635155	1436.37666174
1650.85680191	198.82100239
1644.21659919	555.43724696
1647.88451777	1151.59263959
1644.81917211	1004.23747277
1647.95476190	1066.96904762
1650.86463415	463.97926829
1643.42647059	536.33823529
1647.34736842	897.61052632
1642.95154185	980.03524229
1645.90257880	914.80515759
1657.81237525	939.43413174
1651.92278481	1771.65316456
1649.54627540	1881.76975169
1648.60827251	241.44525547
1648.32246377	1707.36050725
1655.20068027	605.68367347
1654.25591716	1028.03254438
1651.78459119	1208.74056604
1659.40273973	1335.93242009
1656.05933682	578.01745201
1654.74875622	113.76616915
1649.60439560	1477.78571429
1658.04288165	1365.48542024
1653.93457944	268.64485981
1672.09339853	525.16283619
1663.63858467	687.88879528
1674.95814191	1397.58295048
1658.58495146	1499.67233010
1662.09931507	1569.50684932
1668.65714286	1899.77619048
1662.77958237	68.63109049
1672.42142142	1753.59559560
1669.62430939	1175.29281768
1673.69826087	1237.79304348
1662.32558140	1684.31589147
1659.93981481	977.40277778
1659.14545455	922.21818182
1667.19733333	1442.13866667
1665.06769231	1919.44615385
1669.77559913	2010.05664488
1666.59340659	1262.28571429
1660.56140351	740.22807018
1661.04651163	748.83720930
1666.32941176	911.80000000
1663.79629630	1007.95061728
1667.22549020	32.37254902
1668.96825397	769.96507937
1681.20630158	1491.44111028
1683.13833076	105.42272025
1676.89631336	670.10138249
1670.71428571	1215.62433862
1677.43478261	789.54451346
1681.93093093	464.09209209
1683.57246377	746.02355072
1677.99731903	898.15549598
1674.16000000	1041.52571429
1682.71217712	1830.21955720
1674.88805970	1994.82835821
1683.09032258	1778.99569892
1676.40711462	981.47035573
1675.81355932	1621.69491525
1680.38367347	1955.72653061
1680.83266932	923.14342629
1687.19152542	812.77627119
1687.05398458	491.37789203
1689.70774648	1851.95950704
1683.82352941	548.27149321
1688.87789474	581.92842105
1696.99577550	1638.90162945
1692.61920530	85.20860927
1696.20032180	1340.95897023
1698.47759563	1546.96612022
1689.30000000	1211.54166667
1702.85328346	299.11305071
1711.04876996	596.76391886
1693.33164557	945.35696203
1691.38043478	154.83152174
1700.61607143	2001.49617347
1698.38198758	440.18478261
1703.89896373	1418.80440415
1697.05263158	1440.26315789
1695.28292683	1576.27317073
1711.74179188	699.33834168
1699.06153846	1955.63846154
1699.43574297	1185.38955823
1701.74370709	60.62929062
1704.81584821	924.26339286
1707.94971264	1472.35201149
1713.60480641	1721.73698264
1707.92187500	762.16193182
1705.73498233	830.44522968
1701.63276836	1141.03672316
1714.06772009	129.03498871
1708.38202247	959.82022472
1714.58748552	990.78910776
1706.45957447	1489.89787234
1721.28446602	728.80970874
1706.95714286	1940.09642857
1715.90332031	535.03320312
1714.74180865	1121.39580603
1720.60735469	159.74733096
1720.85958904	1025.34931507
1717.37625179	336.25894134
1712.69773300	1167.72795970
1720.57986577	1204.63221477
1730.04674370	1509.45325630
1715.72851562	1063.70703125
1718.26804124	1091.12665685
1724.12751092	1862.92401747
1717.79459459	1577.32702703
1724.62027491	1433.62972509
1717.14146341	1899.53414634
1717.06564551	1786.07439825
1714.62439024	1922.39512195
1717.33576642	1698.32116788
1724.01188119	1763.44752475
1721.27605119	93.07861060
1742.12687651	360.69055690
1733.79671618	430.33385457
1724.24561404	515.19548872
1721.43333333	1626.90888889
1729.24670433	857.86817326
1720.57877814	62.49517685
1724.45924453	891.33598410
1725.04624277	1690.37572254
1730.15361891	1374.83751846
1723.66037736	1807.18396226
1722.75833333	1047.07500000
1732.73913043	1909.32850242
1723.66911765	1941.45220588
1734.02572016	2004.44753086
1724.98427673	644.87735849
1724.62637363	1347.04395604
1729.79912664	1356.01310044
1726.77819549	1537.95488722
1733.71813285	318.38240575
1728.53086420	936.98024691
1739.18963486	500.83627797
1728.85526316	1926.71710526
1728.30901288	1552.99141631
1733.10194175	1653.53074434
1732.61983471	475.69972452
1744.14717349	42.26413255
1748.67349472	754.90751086
1746.06862044	1789.87776984
1734.10357143	1480.49285714
1749.55691439	235.25587959
1744.23462415	1458.71184510
1745.57637131	105.29029536
1732.60000000	660.41739130
1741.00630915	986.00788644
1745.27753304	781.17400881
1738.16086957	1041.66086957
1747.45072464	836.41304348
1752.67099166	1630.60704356
1746.89532872	571.08564014
1751.55371901	1938.62293388
1759.40274463	1216.72971360
1743.03846154	1704.43681319
1757.86422977	928.61879896
1752.85645161	1075.00000000
1744.55971897	1550.91334895
1743.30921053	1843.00000000
1750.30535714	278.60535714
1752.49279539	1107.80115274
1752.27244582	1662.83281734
1755.72041612	614.67880364
1753.15210356	1047.90614887
1753.46929825	973.26315789
1752.94756554	1309.38951311
1759.16133333	1388.72400000
1757.68670886	690.16297468
1759.65007541	1262.18250377
1761.12801932	1325.72222222
1768.69345661	1353.62375533
1751.94174757	1180.81553398
1764.31993818	143.21020093
1756.71122995	548.73262032
1758.82043344	958.60371517
1752.38636364	1190.18181818
1764.73569702	1724.60515713
1762.78914729	1855.49612403
1760.85389610	1021.67207792
1764.53164557	1691.25158228
1760.91379310	853.97701149
1761.35820896	1088.43781095
1772.91596639	1535.54981993
1762.07594937	1955.81962025
1766.17663043	1037.07608696
1774.80164159	161.73597811
1771.29184549	1423.85979971
1777.65562500	901.85000000
1762.28000000	988.32571429
1768.63930886	1561.00647948
1772.32391304	1769.14782609
1764.35687732	1903.13754647
1770.15898618	185.38248848
1768.56751825	324.02007299
1779.42349727	445.57581967
1763.39325843	1151.47191011
1768.44038929	473.06812652
1766.04819277	669.70481928
1771.16043956	1184.36923077
1768.86734694	544.74829932
1769.13109756	1606.12195122
1770.07279693	1167.13793103
1767.24390244	1310.43089431
1770.84705882	1063.98235294
1776.70159453	1454.82915718
1767.72297297	1513.20270270
1775.87234043	1924.62174941
1774.01308901	983.58638743
1780.49867725	584.58465608
1771.18518519	1580.58024691
1781.32285369	1990.40749698
1782.19003115	643.21806854
1784.02705411	1102.92184369
1779.66593407	1471.85054945
1776.24537037	2011.04166667
1783.43686007	1493.96757679
1799.01807229	264.89759036
1780.68168168	718.76276276
1777.23853211	368.50458716
1787.10000000	1149.91343284
1783.82460733	1516.61256545
1791.90616967	1320.88431877
1795.21616162	971.08383838
1781.13333333	1026.79166667
1805.23721787	1568.48318747
1790.79217274	1224.28205128
1806.62874618	714.62568807
1786.96610169	737.27683616
1787.12618297	1602.10410095
1793.31939163	102.33079848
1790.63230241	404.00343643
1811.96809282	1165.70630892
1793.23210832	1703.34042553
1787.92125984	752.07086614
1807.53162530	61.98959167
1799.66850829	130.44613260
1793.99735450	996.24867725
1799.26792180	797.32585083
1802.64937911	1365.77647918
1792.67054264	1187.48837209
1797.54983923	550.87781350
1801.35741445	1029.43726236
1796.45000000	535.47727273
1805.89101796	1935.38922156
1805.60201149	884.42241379
1800.83561644	2014.54794521
1803.78281623	310.54176611
1799.18257261	587.02489627
1811.65739570	1685.08343869
1808.91071429	1819.27168367
1797.94642857	748.66666667
1806.74739583	347.09114583
1812.17427386	596.63762102
1808.09160305	1486.60496183
1806.64000000	1521.93090909
1815.65725289	1745.74197689
1811.52057613	226.79012346
1812.67610063	1064.05503145
1804.81333333	1791.33333333
1815.61191336	566.28519856
1814.74315789	904.92421053
1826.17138707	1858.49237473
1821.87899160	1301.86218487
1814.95522388	1773.04104478
1821.10256410	407.86763687
1813.48484848	1085.10984848
1834.88356164	533.59799789
1826.12346570	1199.71407942
1823.99431818	1329.72443182
1811.70370370	1708.61851852
1812.33009709	923.08252427
1822.26010782	831.36522911
1819.76171079	1448.17515275
1819.88484848	36.19696970
1820.76489028	306.46081505
1816.21052632	1314.87969925
1824.52500000	201.78653846
1820.98521257	800.90573013
1820.03846154	1795.68047337
1828.00000000	1141.01603206
1818.43262411	1721.92907801
1823.54887218	1125.75187970
1832.18985127	1239.82852143
1832.09870550	458.55663430
1827.09322034	113.35593220
1824.29237288	444.90254237
1839.68054692	635.51709136
1825.02822581	651.97983871
1829.82425743	676.12995050
1841.85473920	930.14021312
1832.69017981	1428.88520055
1824.89950980	1029.49264706
1829.71253823	1097.07645260
1843.04950495	1348.81008101
1839.95896465	1723.90467172
1831.83692308	56.82461538
1840.58274232	1547.02600473
1838.74390244	217.40243902
1830.09090909	1816.04743083
1832.67171717	608.02525253
1835.52502554	766.06128703
1851.46557535	696.91381801
1837.23172906	1379.49376114
1841.45218801	260.96110211
1841.55187970	581.39248120
1862.40681718	1829.33953077
1860.32179931	1783.44252211
1836.83043478	979.86956522
1841.04076087	41.96467391
1844.75963020	87.59784284
1848.52268111	307.98578199
1848.58948769	373.89487691
1843.61961722	1411.24162679
1838.67965368	841.67532468
1842.49805447	1521.67509728
1840.55704698	342.27516779
1845.63034188	1450.20085470
1838.05376344	1571.17741935
1853.56641870	1688.79383634
1845.88990826	1928.77522936
1848.42553191	827.97872340
1852.37198068	67.59661836
1861.04209800	147.10282954
1860.65756824	468.91687345
1852.50464396	857.20123839
1857.99013807	1630.36686391
1875.36263736	277.71978022
1857.27307692	981.92500000
1867.32332016	1572.21976285
1869.75051546	902.27216495
1864.62804878	1165.31951220
1863.34155364	1492.83847102
1863.66852368	789.09610028
1862.93061224	995.94285714
1856.94500000	1515.04000000
1861.04000000	403.63500000
1865.04812030	42.14887218
1874.93325292	1055.99396864
1876.35325365	496.19787517
1867.32970027	1945.05994550
1865.75367647	866.55147059
1866.85542169	413.15060241
1875.96960486	1471.93465046
1879.37767221	640.97565321
1882.38050499	531.18672930
1872.25720165	946.99588477
1883.08275058	1288.68997669
1871.37735849	1449.23480084
1878.29629630	2008.38492063
1884.83722359	1334.29668305
1877.06098742	1393.87705712
1877.56321839	1747.88122605
1872.41463415	78.80792683
1878.11182796	878.12688172
1877.21085595	776.03131524
1891.12196382	238.77829457
1886.92955169	567.89844465
1875.28571429	1704.48136646
1875.23913043	1900.81086957
1879.67983368	1964.19126819
1875.40583554	710.48806366
1877.94321767	925.34384858
1880.79487179	1596.66880342
1887.04195804	742.66033966
1885.21600000	1649.64571429
1882.95049505	1194.01980198
1884.01524390	1669.43292683
1879.50574713	1178.15517241
1885.93491124	1533.66272189
1897.46717818	197.08013640
1892.79686138	441.28857890
1887.68262411	1983.86170213
1884.48745520	64.73118280
1899.62862863	1557.33633634
1883.95510204	1923.24489796
1884.02183406	1937.36244541
1882.95000000	1430.82222222
1884.21276596	30.27659574
1892.55098684	44.30592105
1888.20918367	1725.07142857
1890.47550432	144.82420749
1888.50000000	419.61267606
1892.78167641	1155.87719298
1892.50328947	1215.51315789
1896.29475983	399.66157205
1895.22196796	769.93363844
1895.68131868	1367.10256410
1906.71405094	356.09120789
1901.08916324	1020.15500686
1906.35760369	595.08110599
1912.83987915	1266.47129909
1895.10447761	1584.35820896
1896.75776398	160.46583851
1895.94219653	1177.35838150
1898.63865546	1093.57142857
1899.68403909	1385.57980456
1905.19569472	487.16634051
1907.68275862	677.12610837
1917.12147651	1407.05167785
1906.06981520	1709.78850103
1908.29791271	991.83111954
1911.16402116	32.79365079
1910.55891239	797.94259819
1911.87385321	961.27981651
1922.07365627	142.99336430
1913.66969697	1130.03333333
1918.95876289	271.81349578
1912.60574413	319.21671018
1908.44144144	410.17117117
1908.28870293	932.57322176
1909.45573770	648.40000000
1915.01012146	298.07287449
1911.04010695	912.69251337
1910.09561753	1076.45019920
1916.62397373	1586.03284072
1911.96618357	75.81642512
1918.04519774	745.06779661
1913.47427293	1158.54362416
1914.46601942	1093.97087379
1922.34534884	1329.98953488
1940.14697543	623.15831758
1926.69261881	878.76137513
1925.21492537	1219.28955224
1916.78703704	1055.20370370
1922.95189003	1381.09965636
1922.57093426	443.14186851
1941.55706385	233.81498240
1927.92887029	1039.99442120
1929.58295282	1522.53576865
1932.28987194	375.60302678
1930.94396015	465.78704857
1921.49462366	1563.00000000
1923.89285714	903.29761905
1932.37206266	1462.66710183
1927.07692308	657.00000000
1925.43697479	850.15126050
1932.31746032	1729.52698413
1932.85714286	41.26007326
1931.32522124	1110.56194690
1934.00588235	1183.76862745
1933.59275053	836.94669510
1938.87572254	928.54335260
1935.42569659	499.32507740
1940.88046272	1999.10411311
1935.70312500	769.92578125
1947.78347407	1436.68516285
1935.92265193	1139.86003683
1931.94814815	1005.69629630
1949.10322196	1243.99761337
1941.62758621	1697.94206897
1946.73302469	1592.70061728
1950.76944837	310.09688826
1946.89946381	1000.78686327
1943.10795455	1346.77386364
1940.29329609	170.87430168
1943.61124694	578.02078240
1937.24157303	529.14606742
1939.75462963	675.08796296
1945.27970297	339.98514851
1937.24390244	1580.81707317
1950.19325153	816.15030675
1945.72769953	1814.23943662
1965.60564663	510.58378871
1947.97119342	277.09053498
1948.06766917	32.81954887
1958.49303136	183.02613240
1953.63814181	395.31295844
1954.71218796	971.38766520
1964.53178156	1305.90689346
1954.67032967	1515.71062271
1954.16384181	158.77683616
1951.54093567	1165.55555556
1949.93525180	1803.05035971
1956.91743119	1917.96559633
1956.77448071	359.40059347
1966.99930844	1886.75311203
1959.86885246	2009.93114754
1956.55381166	1129.99775785
1958.12522046	1383.23985891
1953.35338346	1400.92481203
1963.02132196	1183.22388060
1957.52311436	924.12408759
1979.45117541	1051.52486438
1961.06628242	443.55907781
1959.01666667	711.77916667
1960.56956522	51.20434783
1960.49565217	488.51739130
1960.66956522	853.90434783
1967.85928144	606.04640719
1964.13793103	266.55172414
1971.48251748	461.66433566
1967.58591549	1145.95492958
1961.57031250	33.80468750
1965.09243697	584.66386555
1973.83046238	1692.50589302
1982.81852315	1628.71777222
1973.31754386	997.60000000
1972.90796020	826.52985075
1974.97590361	1526.27510040
1972.55144033	40.39917695
1970.13675214	531.78632479
1974.75516224	1165.20943953
1969.29166667	1378.75595238
1976.83673469	1845.12653061
1977.27005348	352.85294118
1977.13550136	573.24932249
1976.44853738	918.39219935
1980.12186380	1955.94623656
1981.91924630	678.66487214
1976.67590028	884.45152355
1982.78853047	1578.78255675
1979.95125348	396.83426184
1975.30136986	483.25114155
1977.61707989	1749.53719008
1981.05839416	971.44963504
1977.39655172	71.34482759
1980.87085515	847.88481675
1980.31910112	1352.23146067
1981.64705882	53.97058824
1983.30730479	1823.89420655
1984.54285714	630.78035714
1998.78614294	123.94489907
1988.54806071	1766.32040472
1983.20093458	1545.89252336
1988.51631478	1294.94817658
1982.05109489	555.32116788
1988.18591549	723.43661972
1997.56142728	278.61201445
1988.15635179	740.73941368
2000.54308300	1269.02292490
1991.89591837	1903.04489796
2000.16297609	698.43666962
1990.79941860	1241.00872093
1997.87087912	652.77747253
1998.94806924	1466.29294274
1989.12962963	609.88148148
2000.11525974	1335.30357143
1999.01689546	1659.79197466
1998.62724551	1166.02395210
1992.17607973	79.56810631
2000.41447368	186.71146617
1993.49624060	1113.85714286
1998.07712766	332.43085106
1990.92424242	1714.60606061
1996.80658436	529.13991770
2002.08348794	360.78849722
2002.07817109	1845.23893805
2004.38441558	793.52294372
2005.78974359	1310.00641026
2000.04482759	1099.65862069
2007.43511450	160.23282443
2007.95173745	1143.89961390
2005.00800000	1123.95600000
2007.88916256	1195.18103448
2007.28006590	1694.62273476
2005.55395683	736.42446043
2005.27508091	1519.06148867
2009.21428571	1809.07692308
2009.27490040	994.44820717
2010.18677859	1043.21406086
2008.25581395	1777.72093023
2004.72592593	1960.10370370
2011.80081301	90.04878049
2004.57692308	721.80769231
2008.64795918	1387.32653061
2010.64175824	1417.38901099
2011.56675063	1732.23173804
2011.77511962	866.45933014
2012.50854701	950.85042735
2007.16129032	1675.45161290
2012.17796610	1911.86652542
2013.85227273	318.51515152
2013.69927536	1478.46739130
2014.08786611	1507.55230126
2014.91935484	723.43548387
2014.06730769	1534.50961538
2014.86153846	1671.96923077
2014.64444444	1958.12592593
2015.45588235	1887.13235294
