44.25038168	234.30534351
32.04347826	417.74637681
37.19476744	438.99418605
37.41084165	481.70756063
33.29078014	555.12765957
33.24651163	747.46046512
43.56906077	787.65469613
37.35897436	801.29487179
47.28140704	845.69246231
37.20300752	1002.12781955
44.22947368	1066.63684211
42.52052786	1741.10703812
32.40566038	1938.32075472
41.18158568	1999.44245524
38.16233766	1707.12662338
39.90707965	394.23893805
51.69073406	1647.98796631
51.10277325	330.83849918
52.76095618	414.97709163
54.86222910	1117.49380805
53.78288100	474.08977035
59.02366864	752.16370809
58.85347044	871.63239075
57.93849658	1719.69476082
61.46317512	1092.05237316
65.85939742	221.58680057
65.19867550	524.21059603
60.35679612	672.34708738
62.86363636	1772.31818182
66.98625430	921.17869416
75.14925373	2010.83155650
71.84594595	1236.74594595
80.10701956	1831.42347526
67.52432432	1637.75675676
71.28099174	692.41046832
86.06458192	480.90686608
80.79107505	245.51724138
81.60166667	1854.07666667
80.79784689	895.35287081
75.34482759	1543.47844828
72.80000000	401.82105263
74.29901961	1880.32843137
75.50746269	412.13432836
76.80555556	666.48809524
74.81818182	1113.26363636
74.72455090	1650.41916168
84.66213152	1139.93877551
89.98056995	1158.47020725
76.74789916	748.36974790
91.68161926	329.38183807
88.94695788	395.65990640
89.69182390	269.73427673
87.86617100	564.70631970
90.41359223	371.32621359
86.81481481	937.74603175
95.98415842	1177.96831683
94.39218524	698.55716353
88.39631336	1458.27649770
88.71782178	921.57425743
92.75854214	1124.08656036
91.64871194	1423.74473068
89.60273973	1981.32876712
99.11661342	519.59025559
88.92920354	871.64601770
87.99122807	1818.74561404
96.34296029	294.09566787
97.05607477	1049.27414330
103.09566787	1449.44223827
98.83746556	1997.30303030
102.56348074	900.57774608
100.62750000	1010.64750000
97.57653061	1963.82653061
105.79624665	1094.31903485
101.24657534	1701.55577299
106.56451613	237.87258065
105.50643087	441.74919614
94.53488372	2015.11627907
108.62753950	930.30248307
106.18235294	1974.77647059
107.44471154	1341.26562500
109.72812500	800.88125000
115.15081967	1225.26557377
117.14191853	1669.15900131
107.64423077	367.10576923
114.33954451	181.58592133
109.79439252	1120.34579439
108.86390533	1420.14201183
119.94718910	875.61669506
116.14204545	1529.05681818
114.73571429	1988.60357143
113.91549296	286.82394366
127.18411552	428.51504212
116.92272727	1021.56363636
119.59863946	905.37188209
119.15343915	1006.97883598
130.93388430	946.20661157
130.15655853	588.10155148
123.95140665	1302.52941176
126.06034483	1160.23275862
135.70362158	529.50997783
139.36707566	560.05623722
135.10301109	1289.01267829
128.77845220	241.07587253
124.54316547	1343.49640288
125.28861789	1088.36991870
135.12865497	84.23196881
132.71728972	1112.81775701
130.41428571	176.76666667
129.60828025	1236.76751592
144.31026786	618.51116071
133.62081784	1524.38289963
131.17021277	1096.63829787
141.32735426	1136.98206278
138.35897436	1364.85128205
159.75910194	466.65655340
139.87445887	1482.39393939
142.35135135	889.64324324
145.56349206	282.52777778
150.58770344	1856.25678119
147.93693694	396.96696697
150.73076923	693.54195804
146.47727273	814.54545455
146.24832215	1277.86577181
152.43396226	1121.15363881
154.21705426	2009.54263566
148.88764045	423.73033708
160.80131363	870.81609195
163.32671480	962.32129964
162.82051282	1215.59784076
159.92821369	1091.66777963
157.42914172	448.93612774
158.43424318	515.51364764
162.76721311	1029.86721311
167.62334218	357.25066313
158.77848101	761.24367089
164.98087739	922.28571429
164.12980769	744.86378205
158.99307958	1751.01384083
169.84244373	945.32636656
160.30597015	1705.83582090
168.90881913	235.30343797
161.70383275	277.69686411
168.14988814	1686.77181208
165.38228438	1139.96503497
170.96759941	1777.31369661
165.50515464	1873.93814433
164.19526627	1396.05917160
165.83439490	687.24203822
183.12334353	605.24872579
175.53897550	194.25389755
172.70370370	2009.28806584
182.61877395	1705.04214559
181.31088083	318.92400691
194.90086831	547.87337192
186.32336449	1090.21495327
193.67218543	868.83885210
187.95552561	59.76549865
189.33333333	357.02306080
185.01809955	914.41628959
185.21078431	236.14705882
196.55083333	1453.47000000
185.96698113	1209.21226415
185.36324786	1771.12393162
202.14886731	292.52103560
191.84289277	842.34663342
198.19972826	1141.42663043
191.38481675	409.48167539
191.60000000	468.25873016
198.11462451	636.83794466
195.95902689	795.99103713
194.13141026	747.58653846
196.01232877	196.33561644
204.30116959	1120.57017544
201.72540984	41.48975410
206.34683955	1261.41329011
209.13367609	956.33419023
216.65233881	506.30594185
201.19047619	1767.41156463
209.41193182	620.54545455
209.06497175	827.54802260
214.67917206	1588.25873221
207.34358974	1871.89230769
208.93302540	777.53579677
210.73747017	1287.69689737
208.78151261	1793.27170868
207.81702128	598.56170213
221.18172378	674.73520249
211.37994723	850.19261214
219.15349544	529.19148936
209.49315068	465.38356164
214.02255639	188.21052632
219.20206186	340.85979381
217.81139489	427.53241650
221.20242915	1447.25303644
223.72072072	1017.57432432
220.88223140	1219.33677686
224.59162304	883.34947644
231.77939646	1164.05411030
228.96844660	586.92475728
222.16065574	917.67868852
228.29601518	1127.04554080
222.91351351	1819.20540541
234.34688347	448.46476965
228.09065934	1272.12362637
229.65757576	1573.18484848
230.69035533	388.95939086
225.98218830	615.84987277
224.94219653	1145.23121387
225.25373134	1333.17164179
231.74937965	781.12655087
224.83333333	1803.19047619
236.61814745	1382.38941399
233.50556793	1292.96659243
245.10782241	181.96300211
243.10824742	942.40206186
237.06060606	1056.53168044
237.88648649	1396.26486486
247.25133690	965.50000000
241.01404494	1194.39606742
245.06964286	115.55357143
236.52755906	336.10236220
240.27837838	1444.44324324
250.37940379	432.49186992
237.53500000	923.66500000
240.81415929	610.24778761
256.52135593	1558.45830508
243.42857143	142.93181818
244.92682927	885.69207317
245.09558824	650.59191176
240.11570248	524.33884298
247.42506812	732.93460490
245.07823129	1904.95238095
251.78740157	774.23097113
260.78172589	1257.35850254
246.41379310	1940.94827586
256.23591549	134.02464789
253.26233766	1464.65714286
251.91133005	1051.09359606
254.87688442	1028.77135678
256.77142857	1348.81428571
254.83018868	1377.49056604
260.96614583	470.70833333
271.83150985	1444.55725748
279.26916058	1003.85218978
268.05950653	1147.56023222
266.23005566	1621.67346939
263.67158672	198.67158672
265.31237323	233.91277890
263.67879747	646.53322785
263.86688312	1640.00649351
276.90977444	159.42669173
270.97971602	491.43813387
275.66582915	554.64907873
260.85490196	1896.72156863
283.09486166	889.16916996
263.46540881	112.86792453
281.57456140	300.63157895
272.40714286	1112.46190476
276.71885522	1028.56397306
269.32222222	127.67777778
281.01151631	212.01535509
278.48192771	1287.89156627
282.98956781	187.19970194
286.26811594	811.38695652
281.12790698	639.21124031
289.12233010	233.61747573
286.42790698	514.79767442
290.55569948	1388.83031088
280.77659574	1637.01063830
294.86934673	1797.84045226
289.15142857	1141.50571429
292.74736842	1622.17719298
293.92988930	386.24907749
296.53020134	1105.11241611
300.00000000	1544.83853007
305.87433762	1276.70476911
303.29653680	603.32900433
307.74114441	1159.92643052
300.91257996	1430.52665245
298.69101124	434.03932584
310.32819723	633.25885978
303.21521036	956.10517799
306.62671906	1233.71316306
303.87934186	1907.86837294
307.22911051	1382.11859838
318.19968677	216.65387627
308.43949045	1447.70382166
308.83665339	510.33864542
312.60966543	799.04646840
310.22922636	1515.11031519
325.11951044	671.23830094
311.73487032	405.35734870
324.56400742	757.16697588
311.50588235	380.42352941
321.37611940	744.32238806
319.15441176	858.03676471
320.50946970	1222.48674242
312.91338583	1843.14960630
312.26114650	1617.63057325
320.74200913	1332.15068493
315.89784946	1791.51612903
319.92250923	1952.79335793
323.91695502	424.28373702
320.24803150	1251.51181102
322.12500000	1432.38802083
320.94444444	714.26143791
319.79916318	950.25104603
331.97129909	1922.59214502
321.55288462	1903.10096154
325.88768116	933.43840580
323.36134454	1539.64705882
335.09375000	793.51654412
332.36788875	1502.34260430
329.73482428	627.50479233
327.83255814	1144.81395349
340.19935170	774.21393841
332.31269350	528.36532508
338.42705314	592.07246377
337.47982063	1344.66816143
331.53913043	980.86376812
345.09583859	315.48045397
333.38690476	920.96428571
347.27120224	255.30288910
335.24747475	721.28787879
340.79633028	1306.97431193
338.27777778	709.34259259
337.30693069	854.10891089
345.24737945	1197.83438155
353.75218150	553.54450262
340.44615385	828.83846154
341.11564626	105.17006803
344.64159292	504.63716814
346.89442815	1667.48973607
349.11284047	160.19844358
350.68085106	1496.65425532
348.08219178	1645.28082192
359.79294118	667.37294118
364.43804756	705.14893617
357.96703297	1567.69780220
362.05445545	114.74917492
363.04787234	286.30851064
361.25577265	73.99289520
360.12062257	1106.46692607
358.74814815	1302.21111111
361.54061625	587.18207283
362.57307692	830.12307692
363.44554455	1653.07920792
371.87449933	1197.13751669
365.22402597	1913.40259740
365.20718232	2007.98066298
365.06995885	1896.04115226
370.13917526	33.66494845
377.04721030	420.89699571
367.39069767	564.62790698
376.16198704	1880.51187905
376.12244898	260.90051020
378.93233083	1390.91165414
374.53993610	1562.58466454
374.98319328	64.98319328
385.71804511	1089.37468672
392.00905350	1788.01481481
380.38967136	830.55633803
379.33175355	1644.88151659
383.44444444	1658.81777778
384.94285714	280.97142857
388.14438503	1224.71122995
392.44236311	126.96829971
394.32198953	579.34031414
395.55010661	1046.17697228
393.85240964	1064.17771084
392.77884615	1212.52884615
395.65840220	292.91460055
398.53415061	456.98423818
400.39335180	624.08864266
397.16260163	273.07317073
398.28389831	758.27966102
394.48717949	1193.16666667
395.97032641	1878.11572700
399.79384615	827.65538462
417.36250861	350.96623019
407.00167504	1727.06197655
398.34730539	1386.41916168
398.68000000	1930.28571429
411.80136986	192.63972603
406.03908795	1082.37459283
408.98860399	1015.05982906
408.50437318	119.71137026
417.76547231	436.31270358
419.15128449	724.70028544
404.95505618	1203.96629213
416.47676420	493.42512909
414.14913658	1707.16012559
411.64435146	776.76150628
418.30958231	819.39434889
409.07446809	1216.56382979
411.76612903	284.79838710
421.35494881	1451.56143345
415.52272727	748.02272727
420.60044395	1806.56492786
418.69465649	1046.23282443
419.83585859	1060.63888889
414.31818182	473.46969697
417.99019608	764.92647059
417.07109005	620.82938389
435.46127946	1099.13468013
416.44000000	1037.72000000
429.08610792	1886.58208955
427.39393939	606.03189793
433.09733701	1321.37006428
421.71255061	1213.87449393
426.14357683	1759.84130982
426.16755319	1010.08244681
422.79797980	474.60606061
442.49770291	1848.75803982
438.08485857	1788.80366057
429.65853659	2014.21951220
444.68891403	703.89027149
432.03757225	762.01445087
434.27160494	1220.31687243
437.26271186	1823.17231638
438.75652174	125.55942029
441.77831325	53.15421687
443.16427432	1703.54226475
444.64402174	1879.03532609
441.34188034	1445.33760684
446.40608229	1760.44186047
449.21727749	1018.19109948
448.85567010	724.68041237
450.55090656	859.55648536
444.75838926	1053.29530201
456.51322115	1680.08774038
452.57211538	76.14663462
465.19714656	447.98184176
456.31955923	233.38567493
455.28448276	288.09913793
459.93902439	430.08536585
458.12454212	1318.01648352
462.33064516	1740.40927419
460.40937500	1069.82187500
465.32018561	740.26682135
467.27722772	60.20198020
467.27403846	1010.84615385
473.27411168	1024.17258883
471.72727273	1955.26194145
467.90582960	821.15695067
479.99233491	406.15035377
468.51834862	697.72935780
474.70520231	791.02312139
469.13672922	853.64075067
475.81434059	135.75672215
473.27092511	2005.84801762
477.38904110	760.00273973
476.70634921	975.65343915
476.10049423	1325.65897858
479.04740406	1044.21670429
479.03828829	1805.51576577
487.29140461	1834.35324948
480.62385321	1507.25458716
476.89285714	180.52678571
479.55813953	1669.20930233
501.48305696	1356.88031723
483.94407895	728.27960526
489.66216216	1339.36486486
481.77197802	1737.64010989
490.54754098	82.49508197
481.23684211	823.11578947
488.48401826	538.01826484
487.42748092	742.58015267
492.84112150	808.79626168
489.49450549	1152.63956044
493.89787234	1485.78723404
489.84759358	1252.05882353
493.70796460	193.22566372
494.78497409	1035.46113990
499.93610224	1745.68849840
489.56378601	1998.79835391
507.00179533	1706.43626571
505.27839851	1930.07448790
504.95773081	755.30923248
503.39235127	925.09206799
505.47933884	1281.85537190
500.91189427	398.97356828
497.44680851	1504.00000000
502.92190476	1813.94666667
514.43702684	1894.88506538
502.63837638	416.25830258
504.33593750	470.56250000
511.37080868	175.85798817
503.18750000	727.76250000
505.90559441	512.93706294
516.55014327	1245.55444126
513.03962264	555.06792453
512.04741379	430.56034483
513.22908367	811.80079681
511.03763441	608.30107527
516.62209302	1849.33914729
519.08170515	984.14564831
516.54661792	1541.83546618
524.25626204	461.30635838
526.33024119	524.22820037
524.82280702	485.86140351
528.26497278	253.64065336
518.29032258	935.73387097
522.13091922	954.25626741
522.21428571	237.12987013
522.67521368	364.25641026
529.56378601	1347.94855967
515.80232558	725.65116279
523.72356215	1819.23747681
529.92566783	57.32636469
530.87124464	895.35622318
533.43468208	201.02080925
530.80851064	432.77811550
540.23862487	814.92012133
541.12572254	410.43641618
542.37919075	98.79190751
533.25083612	1537.59197324
540.93877551	131.75850340
541.64285714	1737.06309524
546.17154255	670.49069149
535.37953795	1846.38613861
543.44924812	730.58082707
547.25989673	947.70567986
537.50917431	978.25688073
545.34749035	1296.81853282
538.62909091	1814.63272727
542.75800712	1974.46975089
553.92826644	241.64133219
539.27687296	1891.51791531
538.00877193	359.41228070
541.18571429	911.31428571
546.17358491	1000.73584906
544.00000000	41.62745098
546.98800000	80.24400000
545.38538206	1645.71428571
551.65498155	161.58856089
562.90064620	759.39660743
544.75862069	887.55172414
560.20833333	193.52864583
550.79729730	848.49549550
553.21797753	1568.67640449
555.06340058	66.13544669
558.31115880	903.17811159
564.23569350	1958.14645975
557.73851590	1362.25795053
556.19500000	721.53000000
563.32692308	1291.36538462
566.99576271	837.26694915
567.05872193	996.16407599
562.94736842	1016.77511962
563.73931624	662.55128205
566.86833856	85.35109718
565.00966184	808.32367150
570.25833333	158.25208333
570.38215103	1079.93135011
567.06264501	107.36194896
573.76111111	503.58472222
572.32411674	728.81259601
578.99752781	1180.32880099
562.94326241	1731.00709220
576.06203474	1849.75806452
577.41891892	289.29579580
570.85655738	1374.69672131
579.82994924	1397.01903553
580.02727273	945.34155844
570.38848921	1563.27697842
590.22063037	1925.46513849
576.47043011	233.13440860
579.64439141	632.89976134
576.78521127	871.29225352
587.80434783	1364.03678930
574.60765550	898.31578947
584.25845411	1022.49033816
590.86299213	339.27716535
589.27548807	82.74403471
582.76829268	150.23780488
582.52577320	100.78350515
594.96254682	280.75780275
584.70935961	996.08374384
596.94991922	204.38772213
603.89920000	744.63920000
590.47282609	835.59510870
589.10096154	1077.06250000
590.75813953	498.62325581
594.80250000	1464.01500000
594.99450549	1837.08241758
595.62878788	547.60101010
594.09119497	1818.46226415
602.23800000	854.67400000
601.61564626	938.84013605
600.76923077	979.49095023
606.89923954	188.65589354
611.43892751	320.24826216
603.88131313	1576.17676768
606.34444444	164.70888889
600.64406780	1030.00000000
604.05092593	1901.00462963
610.88955224	1007.57910448
612.52867830	1555.83042394
618.08365019	1197.00000000
612.06306306	340.15315315
621.61759082	1358.25047801
615.60913706	1410.36040609
612.84931507	714.68493151
609.56470588	1368.95882353
611.76000000	1459.31000000
611.54198473	1817.72519084
622.23333333	284.76078431
611.41758242	545.66300366
615.55416667	1026.25833333
612.75179856	1837.15827338
618.30589849	1954.49108368
614.15897436	151.22564103
628.27929825	569.64350877
624.64566929	908.34251969
622.12388060	123.49850746
620.37709497	935.32681564
617.36303630	1386.77557756
622.44584383	1721.97229219
620.44354839	1803.40322581
641.23561151	644.07074341
617.98666667	918.37333333
621.68075117	954.87793427
630.64470842	993.82721382
621.65384615	141.29807692
632.87794433	171.79443255
635.08470588	607.98705882
632.10638298	1925.61276596
632.68652038	153.68652038
640.10285714	1290.73714286
640.90394973	1385.59245961
627.11904762	734.35714286
630.73553719	1866.92148760
630.70370370	1942.06172840
636.08571429	1191.82857143
646.34824281	1712.41427050
646.63233190	1443.06580830
641.48717949	2006.38763198
636.71563981	118.10426540
639.15704388	1651.51270208
635.95477387	1957.08040201
645.99828473	799.15780446
644.95492487	1683.93155259
656.89701402	279.97074954
642.99025974	904.69805195
641.66883117	1535.73701299
652.72952087	81.54404946
650.74607330	695.10209424
648.91531532	1938.22342342
650.70699433	1859.41398866
655.96710526	1029.19298246
658.34554335	1005.26495726
656.91097923	1284.52522255
661.38099902	1911.35455436
654.93822394	64.55598456
656.66533865	578.08764940
672.15457413	965.82176656
653.43589744	175.15750916
655.99726776	138.80601093
660.04655870	1573.27530364
654.35294118	1647.60000000
655.32673267	1976.23267327
666.88078292	121.48576512
661.90726817	218.83458647
656.36885246	812.00000000
659.50764526	901.17737003
662.35768262	1408.10831234
661.31515152	187.30303030
661.39240506	2005.93670886
663.46808511	544.30699088
663.93279022	1486.02036660
664.16460905	1376.21810700
669.02169197	1638.16485900
669.97699115	161.54159292
668.50370370	917.25925926
674.84303112	1988.70500677
666.59090909	690.36363636
670.83009709	235.57766990
677.65129683	518.59510086
668.21296296	793.97222222
673.35281385	1804.32900433
681.07760814	1681.72264631
669.25954198	139.93129771
672.60431655	536.74820144
676.87347561	1759.15853659
669.77165354	639.75590551
677.16666667	1551.74863388
684.92907801	996.98226950
688.01485884	220.23625557
680.55211268	1409.28450704
688.56354515	1938.98578595
698.66404199	1023.00174978
680.45808383	1480.27844311
685.72577697	331.32175503
682.74319066	917.53307393
687.03703704	537.60317460
690.96987952	1569.10642570
707.04328687	654.96771827
691.13296399	1750.88919668
691.85039370	1998.49868766
701.42290352	147.54012624
697.33429395	355.04899135
698.49009901	1516.13201320
691.14432990	1799.50000000
694.84285714	291.37500000
702.91339869	488.09803922
693.68095238	1592.08571429
702.67677946	192.53792299
696.29777778	912.91555556
696.08849558	1403.92477876
694.66101695	1547.55084746
696.68722467	1886.15859031
697.50526316	303.55789474
709.70588235	522.98552036
698.88495575	56.82300885
708.44080146	262.62750455
697.97163121	1628.68085106
703.47774481	325.22255193
704.72596154	1379.23076923
703.42990654	1675.78193146
710.09506399	1618.85191956
720.80098280	998.19656020
707.58912387	1561.78851964
707.86046512	1916.37790698
705.19791667	340.43750000
710.85587583	1874.98891353
720.04743590	179.36282051
714.38325991	1397.77092511
718.28008753	1812.51422319
713.85204082	349.83673469
724.08025682	1041.16211878
720.13213213	414.38438438
724.82465278	1190.98784722
720.89748549	1974.36943907
717.87971698	1517.82075472
731.39655172	1247.36063218
721.55485893	1755.61128527
721.90265487	135.84955752
720.07017544	1372.46198830
723.32394366	1672.93360161
723.88323353	226.00898204
733.04515050	1316.02675585
733.00886700	255.11428571
733.70666667	1168.60190476
732.05111821	1426.72044728
736.59625213	718.35434412
730.26666667	871.90434783
728.74315789	1494.93684211
731.83416252	1606.24709784
733.68971963	1864.12149533
731.83050847	1766.94915254
735.87138264	1072.65594855
733.98364486	1889.49065421
736.50804598	677.38620690
738.32250580	1788.23897912
742.13981763	219.69148936
737.11331445	1912.35410765
742.44897959	169.00255102
741.86925795	1682.56890459
736.85018727	1809.31835206
737.73913043	987.87826087
738.25603865	1969.68115942
747.15953947	194.68256579
738.99166667	855.30000000
741.13567839	1750.25628141
743.20000000	1186.83076923
749.59618718	1490.08665511
749.12590799	1017.33414044
762.30279330	1163.49497207
755.28891509	612.57665094
751.91466083	802.91247265
752.45000000	1243.35357143
749.09311741	878.04048583
757.23549488	1611.64505119
750.80685358	1866.40031153
747.56617647	1760.26470588
753.67655786	431.21364985
751.13147410	1419.98007968
754.02118644	1312.07627119
757.18582375	2006.28160920
753.42916667	678.37916667
755.24193548	856.83179724
755.95774648	1075.93192488
760.65031983	1038.20682303
755.39607843	1782.48235294
764.84516129	250.45591398
755.80000000	736.82564103
765.84024896	1985.31742739
763.98565574	710.68032787
758.36405530	1270.95391705
771.94892473	585.37186380
762.35401460	187.85766423
759.38947368	1678.55263158
761.37869822	1406.92899408
774.23774510	51.57475490
769.39530988	639.13065327
770.73555166	1589.36077058
778.41495042	539.74141876
770.48395722	319.31016043
776.50927070	1018.80098888
773.02758621	337.59080460
773.23373494	747.23614458
772.71330275	678.45183486
769.40476190	871.30158730
773.11575563	852.31832797
773.03669725	2014.66972477
782.14699074	298.85648148
770.11827957	797.87096774
781.06493506	961.30519481
776.97777778	158.11717172
781.42181070	1682.19135802
787.05304212	1067.29641186
778.35460993	704.46808511
780.30739300	1508.26070039
788.89139344	654.41598361
794.51736527	1803.54730539
789.26096033	277.12734864
785.38176638	1158.46153846
781.71428571	1982.47023810
790.70246085	45.89709172
784.49006623	827.41059603
784.95918367	1579.73469388
797.66024518	1670.16112084
803.17582418	571.24175824
791.61892583	331.68286445
797.53818828	995.48845471
789.60714286	1590.16071429
798.06361323	1385.97964377
798.89719626	1459.37149533
803.57511381	1024.58877086
806.98367347	1058.86938776
809.54401154	358.39826840
807.57881463	390.90668348
806.94878706	319.78975741
806.83730159	977.65873016
808.11619718	277.78873239
809.75565611	546.68325792
813.75167785	658.66666667
813.18151815	1781.92079208
808.35971223	298.66546763
810.95785441	336.93486590
816.65226337	102.07818930
819.44176707	1506.84337349
822.90201465	163.25732601
817.86734694	1003.10969388
814.98333333	1452.92500000
816.59574468	1571.43971631
830.01677852	911.74328859
826.56462585	443.04421769
820.72891566	540.07831325
824.32661290	1731.36290323
835.18651363	1250.17647059
831.56118143	1978.60759494
823.27855153	302.32311978
825.29455446	376.13366337
831.69003690	992.29889299
831.61182109	1764.36261981
830.76033058	765.92561983
845.86766917	1570.83558897
828.07331378	336.21994135
835.15613383	1474.07063197
837.50000000	1522.57802548
839.51308140	1346.40697674
831.95073892	1455.21674877
846.20700637	1492.81210191
840.08175182	1955.93576642
842.09839572	666.13262032
836.95566502	1784.98522167
841.09052925	1913.68941504
838.42022472	312.46741573
837.07262570	1224.71508380
839.54687500	1654.89062500
842.68865979	1723.35257732
844.67054264	376.17635659
845.06903353	421.56410256
855.58178752	1031.68887015
843.07098765	706.72839506
858.44617913	1093.74938373
855.84291188	1618.87969349
851.02528090	988.20786517
849.15298507	1807.39179104
851.30810811	720.05945946
850.99285714	908.42857143
852.81250000	1995.68382353
851.72509960	306.72509960
863.55327468	497.06940371
854.70121951	1744.68292683
853.17989418	1756.16402116
850.72649573	1006.26495726
861.82645804	411.22332859
857.58754864	699.75486381
853.12272727	1777.15909091
855.58461538	32.93076923
859.39375000	1341.18750000
864.96830428	1977.54358162
857.41618497	1469.62716763
859.61162791	151.02558140
858.07936508	1222.94444444
866.61268781	1059.29716194
865.82103321	650.10885609
859.28229665	1907.76076555
866.28000000	1696.81230769
858.62234043	1950.77659574
862.90283401	375.33198381
869.76782450	1586.80438757
873.07020281	174.99531981
874.93956670	470.57240593
864.88505747	712.78160920
868.98689956	1484.65938865
877.85979730	405.84966216
878.07777778	808.11111111
885.08747045	1234.40425532
881.09523810	636.06722689
879.52694611	150.91616766
882.79352227	606.01012146
889.75116932	1517.74555659
885.45708583	1965.74051896
894.41814390	677.48070907
881.89204545	1127.34659091
883.71597633	313.77514793
894.96679947	1008.72509960
889.69063181	1052.42265795
900.62653374	1096.40414110
900.01476977	1547.09470026
888.12311558	389.49497487
889.04566210	1581.68036530
890.36036036	463.53453453
893.58227848	653.19409283
900.59850374	803.62344140
902.42728636	1627.97901049
899.02578797	1913.81661891
900.33858268	246.74409449
900.46913580	311.18765432
912.36764706	624.94537815
897.11711712	463.31531532
901.42352941	1032.57058824
901.23287671	597.71917808
906.82336957	1834.50000000
908.20449438	393.92359551
906.95762712	821.01694915
908.32996633	419.13131313
926.86259542	1252.92257361
914.08102345	658.73773987
912.52083333	434.73437500
910.74468085	1233.01702128
911.64159292	1943.30973451
918.19546742	735.15864023
932.15021459	913.59313305
916.59055118	1906.75065617
921.41450777	472.88082902
927.25970549	594.07630522
927.00786370	1076.81913499
930.68776824	1616.10944206
922.88157895	806.66052632
927.48402948	1165.86977887
920.07333333	1282.89333333
931.92490119	1710.58893281
924.92672414	490.76293103
925.09504132	1294.89256198
934.59930314	1544.41231127
928.42735043	644.77777778
929.11111111	652.65555556
936.97050938	933.05630027
933.68051118	1119.86261981
940.38944365	184.52924394
943.17765814	688.46702557
937.32421053	232.07789474
938.07948244	1920.76709797
930.91578947	1901.75789474
944.61260210	260.51808635
941.52764977	666.57603687
947.42363878	734.53519256
940.09160305	800.16030534
944.77083333	818.33630952
958.62988281	858.47265625
949.32000000	785.88000000
957.43633952	649.72944297
948.00000000	805.24657534
958.95600000	1582.21900000
956.74334140	1187.70217918
953.77837838	1529.95135135
954.57429719	174.41767068
964.82217782	1044.68531469
976.37340153	1347.68115942
963.73898305	833.15932203
952.24264706	1606.69117647
954.97090909	227.86909091
957.87159533	1070.76264591
956.51388889	1915.58796296
966.86618445	42.87703436
956.43534483	1698.28879310
962.35670732	898.46036585
965.80318091	574.13518887
961.36082474	1679.78350515
970.65432099	741.61728395
965.20992366	511.98473282
965.98326360	1543.58158996
967.53806228	197.44982699
971.95847751	1607.90830450
969.30769231	1836.42857143
973.53846154	240.40589198
974.73437500	914.06770833
969.30128205	1523.39102564
972.90983607	1667.07103825
971.15025907	1689.90155440
978.70061100	2005.57230143
973.28506787	1073.59728507
979.30555556	449.16203704
980.38461538	820.09954751
980.88673139	893.49190939
991.17908082	1141.62916006
984.98973306	269.37371663
983.85170341	491.35270541
989.80480480	312.35885886
982.38164251	567.98067633
979.89743590	1533.29914530
1002.58293839	1032.79079215
993.86054422	1416.30442177
982.96069869	1581.06113537
982.78048780	202.09756098
1002.88538682	873.23567335
986.67397260	1831.00547945
986.86148649	741.68243243
993.37795276	1552.53937008
987.86842105	1659.59649123
995.77419355	1063.28273245
990.85294118	1094.36470588
989.79142857	1316.61714286
992.32860041	1617.23935091
990.77777778	443.16239316
995.14153132	924.69373550
991.96751740	1120.00696056
997.21415929	1291.95929204
999.17046980	76.83087248
994.80167015	339.76409186
992.85428571	102.88000000
1003.53282828	250.94696970
996.26530612	908.39591837
996.51282051	187.59340659
1009.04081633	616.73724490
1000.30310263	798.86396181
1001.63915094	829.08490566
1002.78755365	1195.19098712
999.76857143	597.44000000
999.77692308	486.03846154
1005.38160920	121.29425287
1009.97384615	60.05846154
1008.84615385	173.16826923
1014.95074946	1314.99036403
1011.04724409	1649.28818898
1005.99652778	270.96180556
1009.02100840	1281.72268908
1010.11709602	423.95550351
1014.91129032	438.80913978
1008.37096774	1131.55645161
1004.96153846	393.05769231
1016.69078947	846.24342105
1014.34837093	1156.77694236
1007.17021277	1089.53723404
1010.96907216	307.32731959
1009.46594982	1115.62007168
1010.25380711	1341.83248731
1009.90217391	1610.55434783
1008.11538462	238.67948718
1016.27368421	107.29736842
1019.45093458	334.11448598
1013.38285714	1546.38857143
1016.45161290	348.37903226
1016.20588235	811.17279412
1018.30152672	245.09160305
1019.14320388	283.67233010
1030.10663684	471.99776286
1015.84761905	593.54285714
1020.72477064	1516.18348624
1015.54205607	1409.48598131
1031.09312977	365.67480916
1026.21103896	212.51785714
1024.03508772	929.60526316
1030.35585586	976.02252252
1028.13741722	1089.29470199
1025.39189189	895.28040541
1027.24570025	1202.64127764
1045.50039463	1730.45146014
1026.10829103	1841.94585448
1029.28409091	735.03863636
1028.48578811	828.52713178
1029.38847118	1126.85839599
1037.29317269	502.29718876
1023.34146341	312.85365854
1031.54154728	625.77363897
1029.00000000	418.52808989
1033.02578797	296.48137536
1031.11178248	1052.43202417
1031.89308176	1642.35849057
1037.01162791	173.57906977
1037.92417062	957.52606635
1038.55817378	323.86745214
1041.34934498	870.36244541
1034.82098765	906.00617284
1039.15111111	442.10444444
1044.82042254	645.33626761
1036.56578947	815.20723684
1048.98352941	1172.97176471
1044.53028264	150.28263795
1039.22916667	1509.60937500
1041.41064639	52.47908745
1053.94713656	104.29515419
1044.62900763	1031.27022901
1042.97448980	1568.90051020
1045.18037975	892.69936709
1043.83878505	1003.77102804
1044.17307692	728.22596154
1054.34325186	1702.24973433
1048.71474359	199.25160256
1047.31343284	1245.18976546
1049.05426357	1204.81201550
1047.92187500	1357.11562500
1049.50427350	1811.09971510
1043.29569892	1839.42473118
1054.10267857	853.16964286
1052.44507042	265.95211268
1055.57079646	1790.14823009
1049.19230769	291.32417582
1053.81268882	623.68882175
1052.57272727	1830.20909091
1054.01930502	305.66409266
1051.42307692	360.51748252
1061.16262976	252.36851211
1056.54990926	1129.01814882
1055.51528384	949.32751092
1060.61027190	177.06344411
1066.29801325	476.82649007
1059.63817097	60.84691849
1060.83969466	573.21374046
1057.00456621	323.24200913
1065.72545757	389.02995008
1056.13888889	437.45833333
1054.17894737	970.67368421
1064.59872611	641.81210191
1069.22298456	746.32847341
1064.85373134	1976.16716418
1065.01644737	227.98355263
1067.56382979	1191.34042553
1063.08115942	143.69275362
1055.13953488	496.48837209
1060.89743590	1000.66346154
1066.68627451	678.20833333
1062.34275618	1024.66431095
1065.25000000	1239.81746032
1062.02919708	499.18248175
1066.84523810	878.78571429
1065.35329341	1308.04191617
1075.43622921	99.20332717
1077.11316872	1804.74691358
1068.24855491	427.98843931
1070.13513514	1204.14864865
1077.68865741	1066.21180556
1067.38624339	2007.90476190
1086.95897436	386.86739927
1069.37853107	443.23728814
1082.73322148	79.01677852
1073.05555556	1128.27450980
1081.80457746	594.41549296
1079.38461538	1171.40045249
1079.14225941	530.97280335
1083.82276119	1154.12500000
1072.22857143	53.99285714
1075.01492537	1962.91791045
1085.17579251	319.49567723
1086.64600000	567.92800000
1077.06557377	1701.97377049
1080.73092369	726.46987952
1084.77402597	1609.56363636
1082.60000000	148.75254237
1093.50682261	188.63255361
1091.09068924	866.90689238
1082.38022814	887.83650190
1083.43790850	1974.84313725
1100.67316342	246.41304348
1088.28980892	462.37579618
1081.09405941	57.13861386
1090.93757650	693.15789474
1085.52808989	1187.08426966
1094.66826923	478.95432692
1092.07221007	641.45733042
1090.60583942	500.36496350
1093.87154150	1129.98023715
1089.57446809	548.76595745
1093.35820896	748.11194030
1099.76360225	1023.95684803
1100.87769784	515.37050360
1102.28232759	1344.63793103
1099.42934783	534.89673913
1106.04142012	1884.92544379
1104.29024390	561.86097561
1102.23660714	588.79017857
1097.43225806	1178.51612903
1103.29321383	1810.78361076
1099.52564103	340.06410256
1106.53290870	683.47133758
1106.54106776	1062.98254620
1110.22823985	315.92263056
1118.84532374	1408.71582734
1108.60903733	1640.68369352
1108.25539568	857.44244604
1111.06379585	1152.66826156
1114.10082645	267.39338843
1124.38514548	385.08192956
1110.76223776	635.01398601
1116.86301370	415.64488936
1111.87894737	1125.25263158
1112.12612613	472.68468468
1110.54112554	651.25108225
1114.16858238	1906.03065134
1116.31325301	821.44277108
1117.53246753	1170.15584416
1116.98800000	91.23600000
1116.87020649	339.66371681
1118.36060606	555.31515152
1123.38475836	1660.39591078
1121.14420804	220.26241135
1124.75764706	1804.49411765
1118.01550388	1824.32945736
1124.78897638	195.22047244
1125.50729927	1080.44525547
1126.92110454	309.62919132
1122.64202335	444.87937743
1131.99881657	1004.00000000
1121.72093023	1339.66976744
1132.47229917	283.25207756
1137.76170656	362.25078044
1123.22222222	1628.53333333
1140.84031414	238.78010471
1130.97716895	1638.84931507
1136.52930057	85.29867675
1138.72108108	1893.78378378
1131.69369369	460.21171171
1142.47265625	748.77473958
1135.90769231	1625.08205128
1144.26682135	411.98143852
1139.77637131	190.16033755
1151.68775236	862.25975774
1143.63135593	464.03389831
1157.15689655	890.78448276
1149.27104960	1138.75778547
1142.61711712	1654.97297297
1155.47197309	307.32511211
1145.29663609	1968.22324159
1155.89173228	990.98031496
1158.94736842	1179.38651316
1156.17532468	32.39610390
1154.93000000	384.37333333
1157.97635135	578.96283784
1152.51724138	280.80689655
1170.82231405	446.00826446
1154.81981982	79.36036036
1175.77897574	338.64330638
1168.35381750	756.36312849
1163.21495327	1890.06308411
1164.02058824	773.82352941
1165.26484018	623.28310502
1161.06103286	1962.16901408
1168.99415205	183.16228070
1163.33908046	482.77011494
1164.15346535	563.65346535
1168.19710145	607.46086957
1179.07193120	1027.39014855
1165.17647059	1300.45454545
1169.97904192	291.48502994
1178.52838063	418.92654424
1168.32777778	1121.83888889
1168.39245283	1137.43396226
1173.30451866	1321.07269155
1183.93834772	1384.85819975
1172.72834646	357.82677165
1178.56537753	747.03314917
1187.31282586	378.77372263
1174.55000000	640.70000000
1176.59570662	798.20572451
1172.93939394	982.83333333
1183.48103792	490.54291417
1183.35521236	571.56756757
1176.70697674	1004.62325581
1183.90771812	532.73322148
1179.55944056	619.58041958
1174.50931677	854.80124224
1186.05508982	901.43233533
1188.96352584	1354.97264438
1182.51070336	269.96330275
1187.63157895	1153.89244851
1179.11111111	1170.09523810
1185.74739583	306.60156250
1188.68825911	285.48178138
1185.99175824	176.72527473
1195.10606061	1095.84848485
1184.60869565	1178.21739130
1189.29189189	736.88648649
1196.19901316	645.80098684
1198.80797482	974.43756558
1191.12938005	1317.23719677
1196.84810127	594.64135021
1203.72635815	1168.54929577
1205.71111111	790.09578544
1200.53679654	268.07792208
1208.00576923	300.22692308
1215.51979781	880.33277169
1206.45438596	175.12280702
1210.90000000	584.36129032
1212.64989059	1444.38840263
1206.56650246	1148.87192118
1207.94198895	203.12430939
1202.27064220	351.45871560
1208.30402930	566.13919414
1223.93253968	420.56349206
1210.88719512	833.39939024
1218.88079470	851.05463576
1215.78039216	341.48627451
1213.93233083	638.59899749
1217.57919255	1358.52018634
1220.10828025	281.76008493
1219.84913793	391.53879310
1223.95481050	1105.52186589
1219.84345048	963.08626198
1216.62650602	1179.75301205
1226.81938911	365.93227092
1227.59541985	198.04071247
1218.73333333	769.22857143
1227.84148398	821.64924115
1226.98406375	929.09163347
1231.03094778	1124.72727273
1218.48484848	978.98989899
1231.16077739	1639.35335689
1226.60606061	216.63299663
1228.51167728	602.00000000
1226.78076063	1002.42058166
1231.18696398	93.26758148
1222.92617450	171.61744966
1230.25063291	576.43797468
1230.93154034	1186.11491443
1234.24533333	1436.33333333
1233.05482456	765.09429825
1230.56410256	503.29487179
1230.50000000	787.22185430
1234.97463002	2007.81606765
1233.37894737	336.45614035
1238.28685259	940.52589641
1244.07044674	1359.04639175
1238.90430622	842.49282297
1238.11000000	436.94500000
1239.59241706	863.02369668
1242.32198142	969.70588235
1246.80357143	1018.85227273
1241.91538462	210.33846154
1244.11960133	1149.36544850
1247.75569358	874.66873706
1251.36254980	1634.27888446
1253.17048711	44.53724928
1255.84731544	500.10906040
1247.12244898	1179.44897959
1254.70441989	385.84392265
1248.45848375	360.69675090
1253.87338804	825.77491208
1244.47586207	1101.94482759
1258.68360656	1199.87540984
1261.35056543	1316.49919225
1253.89763780	649.87204724
1262.42676056	122.09436620
1253.00873362	519.71615721
1256.00000000	1909.01171875
1253.46059113	752.74384236
1253.83713355	2005.25081433
1257.24137931	605.15517241
1264.69002123	1151.65180467
1268.45041816	362.16726404
1265.56888169	1360.22366288
1268.18803419	922.05341880
1268.36403509	34.60526316
1265.86800000	404.24800000
1283.66217617	582.76787565
1278.91912464	452.08563273
1271.81505728	547.97708674
1274.96192609	1031.09070549
1275.44339623	155.16194969
1272.92733017	517.38388626
1279.33813747	739.49778271
1272.55608215	1856.40442338
1271.85983827	643.76280323
1273.33858268	614.74540682
1272.17101449	810.17391304
1275.56712963	829.06944444
1275.41620112	1100.32122905
1281.10467706	1132.12026726
1277.42857143	2011.02325581
1278.78753541	417.66005666
1288.00687285	327.55899198
1286.78395062	605.20679012
1282.17410714	1176.67633929
1278.65027322	1567.91803279
1293.72052846	362.32520325
1280.24822695	932.67375887
1283.12446352	119.49785408
1290.90109890	541.67692308
1290.73788546	386.24449339
1287.58208955	1845.69651741
1296.40398551	1650.72463768
1296.94992636	438.72901325
1298.07017544	1747.95087719
1294.24489796	1680.40362812
1292.25641026	1808.18461538
1309.37325905	33.67409471
1302.44757033	315.07161125
1298.91647856	513.00677201
1293.90789474	502.44736842
1296.80319149	684.66223404
1298.11138614	1414.32920792
1294.79802956	2009.23152709
1294.93229167	1019.99479167
1295.45276873	1211.11400651
1301.47495362	1186.04452690
1327.81201335	448.53948832
1302.42500000	115.15000000
1302.80205279	168.80498534
1306.19072165	1233.94587629
1305.24830700	729.93002257
1306.61095890	1860.95616438
1309.95666667	874.48000000
1308.64601770	1216.12389381
1311.81675393	693.81675393
1322.02096986	1402.90956750
1307.53801170	1694.08187135
1309.19148936	1641.82978723
1317.91386555	545.03361345
1316.63230241	1742.25429553
1320.47940866	944.37592397
1320.66101695	1687.50847458
1318.42708333	890.38888889
1313.61403509	1278.50000000
1323.53030303	680.54166667
1328.09425626	736.61708395
1324.06408094	822.16020236
1323.55889724	1845.23057644
1322.21782178	1178.18151815
1325.87951807	63.56626506
1322.54084507	156.40281690
1320.61006289	172.06289308
1323.21468927	1210.01694915
1324.61993769	1227.42990654
1330.03649635	1194.09854015
1327.96812749	871.98804781
1331.57516340	1597.66666667
1336.29702970	1683.85891089
1340.54371585	845.15846995
1338.41503268	754.74836601
1343.20599251	819.43258427
1351.08941980	105.97133106
1349.43408360	438.80064309
1341.35500000	909.44500000
1347.70077008	1109.83608361
1335.03703704	884.39814815
1347.41463415	1753.24542683
1340.39148936	1840.80851064
1341.68786127	60.80924855
1351.74033149	1037.17334254
1346.44991511	1178.63837012
1346.92798913	1814.25271739
1347.55585464	953.70390310
1351.72952854	37.92307692
1347.57051282	981.50641026
1348.84962406	728.96992481
1361.77676121	1138.05032022
1354.24189526	1396.42144638
1358.83492823	1219.42105263
1354.61087866	489.59832636
1357.18894009	511.31336406
1359.19584570	577.20178042
1362.11696658	71.44601542
1360.52890173	246.55780347
1357.34782609	839.82608696
1365.52919708	1747.04744526
1363.64406780	938.61299435
1363.16923077	975.46923077
1367.79370629	564.39860140
1370.00479233	1475.93610224
1365.02604167	680.39583333
1366.74369748	1431.96638655
1365.26392962	1811.00586510
1365.88489209	462.26618705
1373.35238095	953.51111111
1373.53566009	482.50227618
1368.02314815	1019.54166667
1372.59589041	552.36301370
1379.35162791	1177.16000000
1371.71052632	1901.18218623
1369.61276596	1831.82553191
1371.58273381	1391.18705036
1373.96527778	211.50347222
1370.93710692	226.11320755
1375.73428571	335.05142857
1381.39855072	890.00724638
1376.26060606	504.34242424
1376.11965812	1213.27350427
1375.33691756	1775.09677419
1373.80327869	191.71584699
1382.22083333	972.42708333
1383.67816092	65.24904215
1378.88841202	633.58798283
1386.46085409	870.53024911
1382.08139535	936.11627907
1387.34740883	1231.35700576
1386.27386541	1853.08450704
1385.34625323	107.04392765
1385.27616279	1483.95348837
1387.23741007	849.46402878
1395.17321867	1094.94348894
1389.97742664	198.60722348
1400.36116323	1138.45872420
1389.71161049	1896.29962547
1391.87619048	1155.23809524
1388.24770642	547.75229358
1397.21395349	223.20000000
1399.78208232	240.30992736
1397.08612440	1933.38995215
1401.15617716	948.06060606
1396.75126904	967.60913706
1399.56862745	918.73725490
1409.14808362	182.33623693
1405.07058824	1689.37254902
1406.28906250	34.78906250
1406.77760000	70.16480000
1404.10178117	1458.08142494
1405.34513274	1224.13716814
1401.90948276	1477.18965517
1409.42230347	118.66910420
1403.07792208	1080.53246753
1403.42361111	1175.35416667
1402.46000000	1850.99000000
1406.51461988	199.71929825
1414.63140496	862.92727273
1408.76086957	1301.37318841
1405.67708333	965.64583333
1415.01822917	927.90885417
1414.04852941	499.35882353
1417.02600473	378.60992908
1416.59854015	1403.15328467
1415.36842105	988.91689751
1418.06666667	1716.23448276
1414.48070175	435.90877193
1425.78250000	1240.43000000
1415.29360465	1857.44767442
1421.35978836	474.07936508
1419.94866071	1052.48883929
1415.43378995	1928.45662100
1418.69333333	519.80666667
1418.75000000	944.16000000
1426.02669405	1004.81519507
1420.33050847	528.44067797
1426.45807771	1093.71165644
1424.65577342	1132.28976035
1418.15277778	1681.34027778
1425.58843537	424.04421769
1426.37855580	763.08971554
1430.50951374	1111.75898520
1426.34563758	1072.04362416
1421.96595745	1452.68510638
1430.14826498	1391.81388013
1429.46666667	1635.64210526
1430.48547718	441.53112033
1436.86356073	963.85856905
1431.97878788	492.59696970
1442.61781609	375.57471264
1431.81111111	1413.83333333
1433.04605263	1710.13815789
1433.33445946	922.19932432
1438.07605634	1020.08169014
1446.09640523	991.76470588
1438.85422741	1055.61516035
1440.15633423	1184.81401617
1435.98214286	1810.64285714
1450.64727273	71.39878788
1441.91943128	1469.88151659
1451.35435435	40.74474474
1442.11894273	427.79735683
1443.25806452	1491.91733871
1443.31308411	1557.20093458
1444.07834101	757.82488479
1458.28004180	1138.01253918
1453.89984825	408.27314112
1451.44806517	507.72301426
1442.87974684	1388.70253165
1448.20936639	1930.42424242
1450.44342508	264.81039755
1448.53281853	1235.25096525
1448.78947368	488.31954887
1455.77292576	1101.05458515
1452.47163121	1815.03191489
1454.88333333	979.13333333
1457.32470588	1412.95529412
1458.14642857	367.87142857
1456.15261044	1180.34538153
1466.46014493	921.30072464
1466.04878049	1163.29268293
1461.74770642	1906.98394495
1467.21501706	1025.03754266
1463.69966997	277.25082508
1463.27037037	132.05555556
1471.55737705	88.92714026
1471.07906296	946.55929722
1465.37681159	1199.26449275
1460.73509934	1488.64238411
1472.86547085	1042.31165919
1467.97052632	1577.92631579
1470.17021277	233.41371158
1471.32098765	1301.00740741
1472.80720339	1382.01483051
1470.07824726	1808.61032864
1475.01988636	265.39204545
1471.99519231	401.73557692
1475.47239264	289.79141104
1476.96926230	1233.65368852
1477.48643411	442.84689922
1483.02349869	34.78590078
1478.50722022	1267.15884477
1475.85520362	142.84615385
1479.23746702	1668.70976253
1475.03482587	1409.31343284
1479.48648649	1902.83783784
1480.09574468	2002.78368794
1484.92121212	1108.95959596
1482.72340426	373.47234043
1483.00375940	1054.73684211
1491.97899838	969.03877221
1485.39483395	1348.94095941
1491.37660256	494.34775641
1485.91463415	1336.08536585
1487.10312500	1617.56875000
1486.05555556	1574.44074074
1492.37298387	460.51411290
1503.58610039	1135.78223938
1487.86255924	1294.61137441
1495.10256410	78.04029304
1493.86573146	1383.98396794
1500.88018980	1776.95373665
1488.23322684	1805.06070288
1501.05864198	1937.63477366
1494.25230203	417.47697974
1497.12522361	827.46690519
1505.79196704	1188.22657055
1494.65013774	1957.60881543
1501.98451613	899.07870968
1490.32857143	1028.15000000
1505.08214286	47.62142857
1490.49000000	283.69000000
1491.26415094	853.31132075
1492.32738095	1405.32738095
1495.58471761	1263.71760797
1498.61295181	2000.91415663
1495.80357143	1228.61309524
1502.21505376	1458.90967742
1497.76859504	1478.07438017
1512.34529703	1688.11262376
1497.82770270	1047.34797297
1501.60465116	1103.17054264
1498.10465116	1889.37209302
1511.56638418	1248.53389831
1505.47136564	1854.48237885
1508.77217391	958.53217391
1506.31578947	31.90526316
1512.54527559	865.77755906
1510.64201183	487.60650888
1522.18085106	835.19326241
1516.40301318	423.53107345
1513.20599251	72.76404494
1514.23432343	1703.97359736
1517.58227848	1771.06329114
1513.65562914	1897.47019868
1521.98117647	1882.49882353
1527.66976744	1057.12170543
1516.53465347	828.52475248
1524.72795970	811.18891688
1529.50257732	925.44329897
1525.36818182	1868.91363636
1516.76923077	1998.08284024
1522.67462687	1279.44179104
1527.80036630	1853.69597070
1530.54719235	1984.76463560
1530.29864253	371.64253394
1527.24435318	1938.03901437
1527.40518639	969.40032415
1528.65743945	1261.75432526
1531.88709677	859.67204301
1533.87283237	1333.50867052
1537.45348837	31.68023256
1528.99061033	1904.00000000
1541.24979184	901.36969192
1534.50614251	1139.73218673
1536.96153846	453.68269231
1531.00641026	1176.31410256
1541.98402556	475.40575080
1539.42345924	1243.31610338
1536.17098446	418.58031088
1543.71380471	1002.21717172
1534.41379310	1389.95862069
1545.49371634	166.21184919
1543.41798942	1343.91534392
1540.74369748	1356.46638655
1540.42652330	1280.83512545
1541.24757282	1883.08252427
1540.49206349	1951.80158730
1547.39795918	1964.81632653
1553.54696133	1986.51565378
1543.44392523	965.35981308
1549.82080925	1723.65125241
1551.84730539	1021.63772455
1554.20900901	1052.03783784
1557.22296173	1268.68552413
1552.05382436	1570.10198300
1564.61984070	1118.03910210
1554.18750000	1903.62797619
1550.23728814	2006.62146893
1555.37209302	884.90697674
1556.86222222	1882.31111111
1555.93023256	928.37209302
1563.77604167	1040.00260417
1556.87919463	1338.63087248
1559.76488095	1238.05952381
1562.22072937	1849.14971209
1558.04395604	482.40659341
1571.50000000	1932.40000000
1560.01438849	157.68345324
1573.88269454	993.89198606
1563.43321300	1439.90613718
1567.98319328	1457.50700280
1566.49324324	900.76351351
1563.95876289	1979.84536082
1567.34334764	935.90128755
1573.34991708	1565.15091211
1567.76752768	1719.63837638
1571.13513514	1947.24324324
1571.60416667	124.25520833
1572.87083333	1879.14583333
1577.91256831	1667.03825137
1573.76833977	2008.89961390
1585.56204380	475.23065693
1580.43091335	493.70491803
1573.22222222	1985.05185185
1581.25531915	79.38104449
1580.14285714	1965.10781671
1577.09345794	1138.62616822
1585.59595960	1633.98556999
1583.68433180	1272.53686636
1583.52272727	416.33766234
1583.29681979	433.75618375
1582.21671018	1443.61096606
1581.26022305	1843.84758364
1593.57979502	1874.83894583
1590.75631769	2004.48555957
1583.73469388	1336.43367347
1588.18028846	121.94471154
1589.58754864	1926.64591440
1597.03896104	1037.32359307
1601.33557611	1104.41379310
1592.68306011	203.44535519
1595.39627040	1131.36363636
1595.01694915	1013.03389831
1592.39189189	1348.40540541
1600.69133192	456.45031712
1602.85846868	1070.26914153
1597.50592885	1566.44466403
1598.53968254	1670.73015873
1602.24164524	91.64652956
1600.07782101	413.03112840
1606.29271357	1596.80778894
1595.13559322	90.22033898
1599.88669951	431.97044335
1602.85245902	473.43169399
1609.05006258	1334.68585732
1610.99217527	1824.61815336
1618.72839506	965.33713200
1611.37398374	1626.00000000
1607.88311688	1999.40909091
1609.72390572	1400.52188552
1619.40747843	1010.39884947
1614.56263270	1560.04458599
1617.37229437	1875.60606061
1617.51971326	1850.35842294
1621.06972477	87.08807339
1625.67187500	1307.27901786
1618.48888889	129.17777778
1620.23949580	1090.82352941
1620.25500000	1391.86000000
1624.26681614	447.34529148
1629.56353591	1819.74585635
1628.57874016	523.28740157
1634.73815461	1263.33665835
1633.37931034	1399.79310345
1636.06371191	2010.35734072
1642.49452055	114.93287671
1637.44759207	1328.84985836
1634.63991323	1854.42082430
1638.70229008	1944.89694656
1637.80000000	1476.10476190
1642.81444992	1973.45320197
1643.13736264	1390.98351648
1655.90092166	1720.67281106
1652.99672131	1847.84590164
1655.65783664	1112.47682119
1653.15112540	1866.62057878
1654.28163265	1069.07346939
1655.17477876	1239.89601770
1657.63102999	1318.87483703
1658.59422750	1406.29711375
1656.37710438	1487.80134680
1662.90925267	1040.14412811
1655.37307692	1941.00000000
1663.06451613	927.10685484
1658.71382637	1914.23794212
1679.35334714	1356.11594203
1663.91351351	1929.47027027
1662.88750000	958.37500000
1670.70718232	1901.98066298
1661.14765101	1967.44295302
1666.70480549	1091.67505721
1673.79594017	1259.56196581
1668.27058824	1602.56235294
1670.09589041	1503.79908676
1675.87765957	1309.17553191
1682.59500960	1491.88099808
1692.25269203	959.65613783
1679.13476562	1966.67968750
1678.21348315	1395.89325843
1686.20744681	1945.65691489
1676.96153846	1407.43269231
1683.71320755	1337.11320755
1692.28641251	1026.97556207
1691.71664549	239.78653113
1686.17494600	1090.02375810
1685.49186992	1598.07317073
1688.21269841	1899.20000000
1704.63669951	1460.06773399
1695.95652174	1246.48792271
1699.65441176	1937.11029412
1702.80000000	1076.95740741
1716.22391304	1021.68043478
1718.77997800	1321.82728273
1718.04685408	1247.16064257
1717.42857143	1154.15343915
1720.44774011	1071.05790960
1715.81547619	1965.67857143
1720.46428571	954.64540816
1719.75000000	823.73369565
1723.60077519	1419.05813953
1733.94371728	1292.15837696
1738.94391408	1823.47374702
1734.83448276	1265.16551724
1735.60112360	973.39044944
1735.08959538	393.36127168
1729.59036145	1017.86746988
1734.37647059	1741.94411765
1745.09836066	1009.33697632
1738.25477707	1410.16560510
1744.43127962	988.35545024
1743.03141361	1334.37434555
1740.93650794	1023.50000000
1742.74275362	1035.70289855
1747.97974684	382.89113924
1744.47435897	1424.32051282
1749.60109290	1953.29508197
1752.28301887	1256.66037736
1747.36875000	1751.94375000
1751.74269006	1736.44444444
1764.78690629	1073.64313222
1764.87440758	1023.77962085
1754.98684211	1402.74342105
1763.02067183	1417.12661499
1769.10443038	995.36708861
1763.78991597	1273.87114846
1757.50495050	970.54455446
1766.87441860	373.28372093
1761.84673367	1753.28894472
1765.40686275	982.35294118
1769.40858209	870.10820896
1762.48387097	1819.44239631
1769.11048159	1356.85127479
1766.41194969	1862.05345912
1765.67111111	1912.14666667
1785.13333333	384.57352941
1769.66000000	1005.06000000
1767.37267081	1460.63354037
1777.73643411	1879.24418605
1775.73101266	1263.08227848
1780.08285714	1055.60000000
1775.23287671	2012.47945205
1776.32967033	1748.36630037
1781.99328859	341.66107383
1780.02214022	891.53505535
1785.96495327	1345.23831776
1784.41690962	1421.15743440
1783.28901734	1468.23699422
1798.15375000	1009.12875000
1784.95833333	1857.82407407
1788.84866469	1304.69139466
1797.05239521	1280.20508982
1795.11182109	899.44728435
1797.17647059	1320.35294118
1809.19280380	1956.74813306
1802.43363844	1382.67848970
1800.63149079	1411.94639866
1806.25520111	878.36477115
1795.68361582	1097.59322034
1797.39354839	1871.55806452
1802.16774194	1798.77634409
1801.59855769	1112.72115385
1806.98000000	914.78000000
1802.08992806	1341.16546763
1806.28488372	363.29651163
1811.70388350	449.31877023
1806.56153846	940.41923077
1809.02197802	399.57142857
1810.99285714	373.95000000
1812.55269321	714.77283372
1822.20433996	387.92043400
1816.04060914	1267.51522843
1812.23529412	1422.16339869
1822.84393064	285.05394990
1815.32258065	895.96129032
1827.32425422	1096.78469520
1823.90491284	1732.20602219
1817.28846154	1367.53846154
1824.28571429	1991.41005291
1820.14545455	1404.56818182
1835.45274914	1286.45790378
1830.14432990	1709.34707904
1827.32741117	1773.60152284
1826.38392857	36.41964286
1827.69333333	889.98666667
1828.03583062	1238.03908795
1824.74178404	1377.92018779
1828.97959184	708.87755102
1836.15357766	1796.27399651
1830.80676329	905.07729469
1834.10087719	835.30482456
1845.09240924	820.71122112
1839.89054054	1337.79864865
1840.76592083	373.07228916
1832.07516340	443.72875817
1840.61290323	1757.39170507
1834.52517986	1261.98561151
1848.41799544	1871.11958998
1834.41935484	1962.22580645
1840.39024390	32.25203252
1848.23244147	1451.44147157
1851.32549020	1151.56862745
1842.30530973	887.38495575
1844.20216606	1700.81588448
1847.29770992	1239.33078880
1852.21173104	1736.31902718
1848.08641975	297.28888889
1857.51612903	913.91666667
1851.12354312	239.83682984
1853.71900826	1322.96143251
1853.76344086	45.93763441
1852.68858131	1433.28373702
1851.17298578	1781.85545024
1864.44716495	415.47938144
1853.60000000	1582.20000000
1857.99764151	278.27594340
1869.40603248	1366.48491879
1862.79258242	1712.89835165
1862.23432343	349.28382838
1865.42947103	379.60453401
1867.22772277	1043.45148515
1860.13636364	1752.04545455
1863.50862069	815.43534483
1876.32230704	864.56318914
1868.11702128	1142.82624113
1868.33333333	264.61764706
1866.34441805	306.90498812
1867.22413793	1317.31609195
1880.63674322	1801.08559499
1870.73809524	38.85317460
1870.35542169	1429.42771084
1871.92808989	1450.27415730
1879.59555556	2005.72444444
1873.36486486	118.69594595
1878.79444444	320.36666667
1893.54326923	405.92788462
1878.09722222	1153.79861111
1879.87684729	1327.93103448
1880.48175182	296.74452555
1887.45555556	1339.55925926
1885.36407767	1038.80097087
1891.22222222	253.15802469
1884.34939759	305.53012048
1885.26358696	377.33967391
1882.50000000	849.44117647
1894.09160305	1411.30534351
1883.20634921	265.19047619
1900.04826546	1861.77978884
1904.51241950	976.11499540
1892.72240803	1620.92642140
1894.90606654	319.47553816
1900.27031019	231.10635155
1894.64227642	899.43902439
1898.77083333	2001.35714286
1899.41842105	1302.44210526
1905.78904992	1843.96135266
1899.50246305	1473.85714286
1904.46572104	1119.38061466
1902.94554455	787.18811881
1910.90401146	100.63753582
1905.43973214	869.59375000
1912.92914654	1442.25120773
1912.13014827	1005.51565074
1905.59692308	1794.33538462
1909.41276596	262.21276596
1908.27916667	1618.37500000
1910.96500000	1407.41500000
1911.90370370	314.30370370
1917.12618297	1953.17034700
1914.54777070	417.92356688
1925.42644628	1373.15867769
1920.36992840	681.60859189
1929.76183432	276.87721893
1919.40555556	731.60277778
1919.96467391	221.63315217
1919.92405063	863.36708861
1919.86000000	781.06500000
1927.43223443	1720.06776557
1926.42436975	1114.69327731
1922.29375000	1125.96875000
1930.23076923	178.42183623
1931.22000000	1870.89384615
1934.26000000	1437.74000000
1933.43037975	1455.03797468
1943.49853372	661.78445748
1931.91735537	1079.16115702
1935.22368421	1465.81140351
1931.58992806	1166.64748201
1935.74165202	1929.20913884
1938.43909348	1262.82436261
1933.89843750	724.42187500
1945.48881239	990.50602410
1937.07643312	1349.75796178
1937.82467532	679.62337662
1945.49287169	1909.88594705
1941.98432602	1367.36050157
1949.90077821	196.04280156
1946.46993318	1398.19376392
1952.44274809	1643.60877863
1952.68443497	1073.60980810
1949.46843854	123.49501661
1954.78039216	317.50588235
1942.89600000	1085.53600000
1949.63728814	234.74915254
1947.55862069	1450.93103448
1945.04310345	1716.53448276
1952.66277372	1868.47445255
1957.59062500	333.22187500
1959.69749518	1711.00000000
1960.15570934	1693.25951557
1955.99685535	1678.44654088
1954.81395349	866.09302326
1953.80851064	1265.21276596
1958.45738636	1930.23295455
1959.96052632	249.56140351
1968.09142857	1899.44114286
1959.00000000	1255.30000000
1961.47093023	1634.26162791
1964.21034483	1435.07068966
1962.64401294	1392.10032362
1961.68200837	1768.12970711
1963.72169811	984.17924528
1967.81818182	1782.99706745
1970.44343066	1994.13138686
1970.92965779	167.22433460
1973.63043478	359.01304348
1964.75342466	1003.47945205
1974.50175439	1674.90526316
1979.34166667	1688.60000000
1975.06028369	1926.71985816
1987.43760684	347.71452991
1977.15686275	996.11764706
1978.35205993	1704.66292135
1981.59844560	1473.89637306
1981.66323907	1429.96143959
1982.21914894	1753.19787234
1982.95749441	1973.25055928
1991.15645161	1092.39032258
1988.13675214	828.32763533
1982.11111111	1454.28888889
1988.94814815	1939.95925926
1989.09939759	1833.79518072
1988.76211454	161.81057269
1994.29336735	844.30867347
1988.86178862	1197.13821138
1990.03658537	1894.73658537
1996.55800000	1602.55600000
1991.06910569	1990.01219512
1992.33542320	1923.32915361
1995.36303630	379.75907591
1997.95801527	1523.25572519
1996.61012658	1406.33670886
2003.74844720	252.86645963
2004.93785311	465.55932203
1995.96258503	780.59183673
2003.05727554	1446.26625387
2004.30405405	1558.85135135
2005.56011315	1069.07779349
1999.96400000	1748.12000000
2001.88732394	1968.42957746
2005.31864407	1494.18305085
2008.59655172	371.02758621
2004.88770053	1982.57754011
2007.68981481	1832.83333333
2010.04859335	577.86189258
2006.31800766	1904.46360153
2007.56617647	822.97058824
2009.83881579	1929.20394737
2011.48087432	1596.26229508
2011.69626168	836.98130841
2013.98076923	1576.90384615
2014.43283582	880.08208955
2014.59333333	1395.16666667
2014.80000000	1435.08571429
2014.58441558	243.90909091
2014.93846154	1272.60000000
2014.70303030	1516.65454545
2015.90769231	1551.78461538
2015.43571429	1902.94285714
