33.75641026	45.38461538
41.89298246	65.56140351
40.66873065	93.58204334
35.27860697	143.46517413
36.60000000	234.00000000
30.98550725	271.18840580
36.59876543	297.44444444
37.25380711	339.03807107
42.99575071	1194.37818697
39.27052632	1343.05263158
36.24233983	1378.77994429
32.21428571	1405.13095238
37.02801120	1420.62464986
34.82521490	1462.61604585
31.98780488	1674.54878049
36.93093093	1717.98498498
33.19858156	1848.77304965
46.64864865	35.15675676
45.43824701	1441.19721116
44.04838710	278.12258065
47.63369963	572.60439560
54.25362319	1822.93478261
53.17660044	242.39514349
61.16944024	144.01966717
53.12500000	1299.97500000
57.62274368	1385.97653430
58.57612457	1710.66608997
56.15189873	1311.18987342
57.68401487	1533.08550186
65.35040984	1861.97336066
57.24369748	526.68067227
60.27146814	659.83933518
62.10209424	1332.95026178
63.88155340	201.55922330
62.44387755	759.19387755
64.73359073	1184.08494208
63.64393939	1435.12878788
68.02881844	1796.97982709
69.72897196	627.23676012
68.54298643	1916.66968326
70.53488372	1300.63178295
72.63275434	403.35980149
73.95432692	1225.40865385
69.17272727	1271.68636364
70.61921708	1560.64768683
74.86241611	249.13255034
77.31335150	37.32425068
79.21875000	195.76654412
76.09574468	1381.67021277
75.29498525	1775.93510324
81.19387755	1284.60714286
83.76006711	1898.36744966
79.31044776	1336.68358209
87.03950617	584.51604938
85.34957020	1311.03724928
85.07754011	1400.56417112
91.38522013	300.12264151
92.61458333	1065.76666667
88.97841727	1190.12589928
91.45117188	1444.84960938
93.27992278	955.30694981
99.50737463	263.01179941
96.33862434	1219.94708995
100.10160428	441.39839572
96.70000000	1608.87000000
102.95669291	201.89566929
98.62758621	1132.83448276
102.42490842	1182.21978022
104.29223744	1540.58447489
112.76404494	1894.73314607
108.55510204	1930.00000000
112.40104167	179.03906250
113.99416910	1078.76967930
113.32034632	1150.17316017
108.63478261	1437.67826087
113.22252747	1616.76648352
116.03990610	368.90375587
114.92857143	115.80357143
117.62133333	1220.37600000
115.89860140	1965.43706294
126.02049180	1135.46721311
122.84023669	32.87573964
126.43461538	433.94423077
128.46533128	1991.34360555
123.78225806	559.46774194
124.54326923	221.27884615
124.85193622	1472.06833713
122.82142857	1196.27777778
125.17505470	1414.37417943
121.69270833	1535.57812500
127.00938967	1264.07981221
128.60669456	1889.28033473
136.21363636	127.06060606
127.19607843	450.92156863
133.82482993	1447.03231293
130.39574468	1926.58297872
140.84912959	1819.26499033
136.52009456	1075.87706856
132.72623574	1241.42585551
133.04166667	1094.22023810
148.49507389	1668.68349754
139.46374046	185.65648855
142.27675277	48.80996310
140.11146497	1525.76433121
138.66375546	1540.01746725
146.61341223	345.97435897
147.75740741	236.77777778
139.71717172	554.06060606
138.69767442	1101.69767442
143.68731563	1261.84955752
146.55721393	958.24378109
147.80555556	1171.62500000
153.08349515	1419.07766990
152.36381710	312.26640159
147.81481481	1240.40404040
149.36131387	1278.31386861
145.09580838	1921.55089820
155.27483444	603.68543046
151.73664122	1439.56488550
156.01931330	1496.09871245
149.02020202	2011.09090909
154.84905660	1457.25000000
157.96766744	1520.73210162
156.09342561	122.30795848
157.08212560	1024.70531401
158.20317460	1373.71111111
160.26966292	1403.82397004
155.72297297	179.61486486
161.36778846	879.97355769
159.16935484	2013.30645161
164.85106383	793.10638298
169.98782344	1112.26636225
171.51194539	264.55631399
167.42602041	1237.12500000
166.61583578	1305.80351906
169.05852417	341.17557252
171.21940928	133.89451477
167.42136499	1467.36201780
169.25217391	619.43478261
173.21038961	155.42597403
176.68340944	245.41248097
172.17784257	599.70845481
172.26900585	1934.59356725
172.12271540	306.44386423
177.50125945	712.98488665
173.81568627	1356.90196078
173.96078431	178.24705882
179.20612245	1224.27346939
178.47554348	1322.65760870
176.57704918	1339.18360656
175.63824289	1495.33591731
176.67910448	1548.21641791
176.85676393	1044.51724138
176.12457912	1383.89898990
177.45911950	1884.52620545
178.75200000	909.15733333
176.74385965	1405.55438596
171.62500000	1417.14285714
191.29693742	1754.02263648
185.78481013	1950.75189873
181.48828125	1289.68359375
187.16306156	1524.46256240
180.98314607	205.19101124
184.06824147	792.80052493
181.66480447	1470.74301676
186.51968504	1305.92519685
186.50344828	194.57931034
192.27560976	224.74878049
193.25218659	294.39067055
186.25925926	1362.06172840
193.16284987	1912.78371501
194.60176991	1012.41592920
202.44257274	689.32465544
191.26213592	965.31553398
193.45833333	1489.99107143
200.78734177	159.20886076
195.41439206	342.22828784
193.62365591	1372.54838710
194.17647059	1880.19485294
193.57727273	747.66818182
193.72549020	1040.22875817
199.42763158	715.67982456
197.98032787	1345.87540984
202.35947712	503.49346405
199.99700599	1295.03293413
207.77511962	485.31578947
194.89814815	1322.12037037
202.34123223	1473.88625592
200.54185022	976.36123348
204.88663968	740.03238866
205.91791045	1514.52238806
205.13620072	1771.98924731
208.75518672	33.12863071
205.37410072	1396.52158273
209.79564489	1448.86097152
212.04460967	850.93680297
211.18055556	965.21180556
204.90163934	1325.81420765
212.85643564	1278.99009901
210.80566038	1245.46981132
210.87527840	924.18708241
212.29375000	834.87500000
215.43161634	1545.53818828
211.40669856	822.59330144
213.44382022	1005.71348315
213.07563025	1339.44117647
223.29316338	1822.10428737
216.83502538	89.22588832
214.51532033	229.23955432
219.81914894	301.55141844
217.32733813	950.47482014
226.07767784	1131.37857727
215.77215190	1291.87341772
218.41984733	1369.62977099
218.24548736	1481.83754513
220.40703518	907.14572864
226.88817204	1393.99784946
226.04379562	1465.94525547
229.51515152	1877.34949495
229.25907990	866.54237288
228.03846154	884.12637363
228.87601390	1177.51564311
229.05081301	1512.34756098
223.71171171	130.05405405
223.62585034	160.55102041
226.60893855	347.23463687
229.29562044	994.48540146
239.28219485	1436.07054871
236.34803337	1261.86531585
235.79062500	213.23281250
226.64341085	513.29457364
229.42660550	918.77522936
229.62882096	1347.65065502
234.48984199	1795.89841986
229.12142857	1239.77142857
239.07002188	1413.17067834
235.99709302	1647.88372093
235.74212034	236.01719198
231.70370370	1223.15740741
232.39639640	1538.64864865
239.32464455	423.29383886
248.72255018	818.95513577
234.57216495	1583.73711340
237.58754864	1554.01945525
236.90794979	1065.12133891
242.44207317	1078.87804878
240.67134831	1779.75000000
245.16530612	253.60816327
241.96022727	339.53693182
241.72159091	1597.50284091
235.45689655	127.92241379
249.00572738	1098.06071019
242.82210243	1527.21293801
246.30021142	301.34883721
240.73480663	72.64088398
244.93403694	514.11609499
246.10000000	899.40000000
243.62100457	1817.14611872
242.99285714	1385.90714286
251.27577320	1470.58376289
245.28301887	1221.70125786
249.63636364	1360.52840909
246.19248826	359.20187793
245.26250000	1203.70000000
252.71511628	157.93410853
250.93045564	194.43165468
246.26363636	880.75454545
246.50467290	989.19626168
247.33774834	1279.62251656
251.75478927	1544.74329502
261.03139357	1053.91500766
252.82283465	1150.10629921
256.16283186	868.40530973
248.70476190	1394.37142857
252.24912281	1962.92631579
256.13768116	1182.95410628
252.18141593	1576.06637168
253.69721116	231.14741036
255.73556231	417.46200608
266.21525886	800.50772025
261.99451554	1731.25594150
259.02243590	1425.52884615
257.79234973	1014.39071038
259.46376812	1522.33333333
255.21656051	1792.74522293
262.45135135	562.15675676
263.19642857	448.16836735
259.97014925	1251.24776119
266.73473684	136.69052632
262.57894737	213.80886427
263.94066318	1224.30715532
266.13584906	1413.10566038
258.27710843	1777.50000000
258.76158940	894.02649007
264.40563380	1678.32676056
267.87765957	1387.65957447
267.98800000	1400.80800000
269.39743590	503.99487179
264.75661376	1272.74603175
272.59545455	1506.58409091
266.37417219	253.66887417
268.76495726	314.13888889
267.78927203	750.42528736
265.63809524	1357.59047619
270.30681818	120.55681818
273.18594104	1460.70068027
268.75294118	190.62745098
274.95495495	285.04954955
270.80575540	152.15107914
275.62046908	904.58208955
271.70197044	1155.03201970
274.61340206	1177.65721649
275.36688312	1006.82467532
278.35737705	1023.12131148
275.91373802	167.30670927
279.22528736	737.57701149
280.93255132	346.76539589
278.06722689	871.15630252
280.99421965	33.20809249
287.03486529	638.67828843
273.86206897	1430.87068966
278.15238095	1441.81904762
280.60360360	245.72372372
289.61565836	1328.94661922
283.77215190	1357.58354430
283.07092199	114.13829787
282.18028169	371.30985915
280.61682243	441.96261682
284.49446494	787.21033210
294.41765481	1713.80764163
279.29323308	556.80451128
288.21881391	955.17586912
282.28930818	1034.74213836
287.24048096	1598.54509018
286.16625917	1396.27139364
287.14191419	325.17161716
293.95485110	1085.45533141
289.25438596	1147.02850877
285.57894737	310.58851675
283.74331551	1052.64171123
281.66086957	1426.10434783
290.64539007	134.53900709
292.81746032	898.03968254
293.08676790	1539.01301518
291.14345992	1460.05907173
296.73125000	204.13125000
299.69858713	287.42543171
304.79358974	1427.95000000
297.65875371	1445.54896142
298.91849530	368.49843260
298.25126904	1225.90355330
300.47195358	1563.41199226
293.80628272	1843.43455497
305.62645349	347.30959302
296.57142857	866.01166181
304.32232497	1193.61030383
295.19841270	1409.73015873
297.10985915	249.68169014
297.96358543	1030.61064426
297.44512195	1048.10365854
302.66204986	1063.98614958
303.62745098	474.32461874
302.67080745	1486.18944099
299.68478261	122.09782609
301.94594595	1362.79922780
306.81006865	1392.86498856
304.00772201	1593.55212355
314.67333333	1377.18222222
312.01750547	96.76367615
324.95776567	817.76021798
314.74004193	1349.43396226
309.89180328	78.74426230
307.43089431	1410.78861789
308.42857143	1515.63888889
306.78048780	1837.81097561
311.23033708	1853.85674157
306.89937107	635.09433962
307.56696429	1533.00446429
312.04123711	1301.40463918
315.24230769	1327.25576923
312.81467181	184.81081081
312.89605735	944.13261649
313.88948787	1632.96765499
313.65079365	1807.41904762
313.74444444	405.31111111
311.66363636	702.72727273
315.97759104	1050.80952381
315.87931034	1159.06551724
322.43440860	1554.49032258
314.35454545	153.19090909
320.93971631	333.06382979
326.33707865	453.13202247
323.55089820	672.12275449
323.02594340	721.11792453
322.87153652	1576.53904282
323.47826087	1474.81987578
327.21768707	1492.85034014
323.76724138	1508.27586207
324.17467249	120.45414847
323.95967742	1934.27419355
319.49019608	471.56862745
325.62574850	1071.50598802
327.13972603	1536.57808219
327.28431373	1649.18300654
331.44773176	1701.46153846
327.38823529	983.64117647
327.65338645	1402.09163347
326.67021277	992.84042553
338.45833333	1812.65162037
333.84105960	895.63134658
327.70000000	1850.30000000
334.12405063	1180.31645570
334.55777778	1428.52222222
342.15643275	854.78216374
335.60362694	1001.85751295
333.19667590	1039.07202216
331.10152284	1627.66497462
333.25853659	319.95609756
335.96913580	347.65740741
339.17795276	1387.08661417
334.66197183	139.35211268
340.58628842	1163.18676123
338.83246073	1334.07504363
344.04948805	1475.37201365
341.09900990	428.01485149
339.66867470	716.34337349
344.98708010	917.33333333
346.53240741	1068.78240741
341.31205674	1510.17375887
342.87763713	1551.82700422
344.37676056	771.64436620
340.61333333	326.97333333
345.89968652	1643.93103448
348.17112299	132.03208556
346.41463415	1567.62020906
346.35849057	1718.82264151
352.60089686	365.73542601
350.89847716	1692.84771574
351.23396226	343.29811321
353.64945652	1092.13315217
353.64907652	1538.22427441
366.88207226	156.00954329
358.25302826	413.24495289
357.15894040	1368.00000000
358.88621444	1291.46608315
358.40281030	1312.99765808
356.98987342	1505.72911392
355.17180617	1177.81057269
356.62701613	820.89717742
365.15406562	698.18259629
359.29365079	1158.65079365
362.83054893	1755.07159905
367.31128405	1048.77042802
371.03420753	191.63283922
364.82494530	1338.00437637
361.83966245	1591.99156118
362.15254237	1609.13983051
364.98127341	1629.60112360
363.44299674	1393.01302932
369.41842105	1560.96184211
363.09064327	1719.04093567
364.13559322	43.09604520
364.88492063	624.73809524
367.67848101	889.95443038
376.64686998	1414.89887640
368.44193548	382.60000000
368.84288355	349.37707948
370.57142857	251.14560440
372.56112853	1487.97962382
376.14068441	1685.96768061
366.98876404	266.04494382
381.10720268	487.66331658
376.41350211	1438.44725738
369.86923077	1463.56923077
387.89771599	1863.23237339
377.58494624	873.06881720
379.66180049	1091.01216545
373.74474474	1537.18918919
376.22787611	988.09734513
375.65168539	1306.25468165
374.52916667	1369.45000000
383.15429688	39.19726562
379.85277778	278.45000000
377.75884956	410.64159292
377.47528517	1166.09125475
376.86689420	1517.37542662
382.35539568	77.97410072
378.77777778	1286.92307692
381.19727891	1353.63605442
385.10516605	816.86900369
382.14139344	125.91188525
383.91005291	1075.09788360
383.73333333	1617.68648649
379.45695364	947.93377483
388.87787611	1337.00353982
392.78254211	1403.07656968
385.49867374	1717.44562334
385.84192440	1107.72508591
388.23391813	1182.89473684
388.76762402	1271.68407311
387.55685131	1463.57434402
387.71714286	259.01714286
385.49152542	1999.87570621
385.39669421	696.10743802
393.11895161	1378.27620968
391.07816712	1505.76010782
393.55111111	957.83555556
390.99679487	1033.60576923
389.25280899	1530.96629213
400.32992701	1890.16496350
395.74725275	369.30549451
391.89552239	980.55721393
391.08029197	1482.91240876
393.67493113	1598.29201102
391.69369369	542.09909910
394.33920705	1319.05286344
390.04225352	1543.77464789
396.00000000	1164.34400000
393.71929825	475.13157895
400.05138340	99.07114625
403.63046757	394.31975867
400.03693182	72.04545455
403.80094787	267.48025276
398.49760766	611.31100478
403.87916667	1818.36041667
405.06093190	34.61290323
403.45344130	481.59109312
401.74482759	1615.64137931
412.91265398	159.60022396
400.46621622	1071.88513514
409.19616205	682.15565032
405.98042169	1099.43373494
405.27765237	1542.02483070
404.15331010	1797.27526132
421.16414687	1441.43412527
407.61967213	1499.42950820
409.91169978	183.44812362
410.04000000	229.64200000
407.33333333	1176.94623656
406.37974684	1558.60126582
411.86212361	1003.31220285
415.53921569	1027.89705882
405.57857143	1267.27142857
417.27382550	208.25637584
410.74373259	1462.07799443
411.48888889	332.06222222
409.13157895	1330.09774436
411.02614379	1634.66339869
413.25165563	2015.12582781
415.24789916	811.78361345
415.57042254	953.27816901
413.62222222	1403.50277778
414.70559611	1583.53284672
427.24348534	1858.08631922
415.74623656	613.60430108
411.38955823	966.54618474
412.04247104	1520.30888031
422.67903365	293.19068162
416.02662722	432.21301775
413.57142857	721.29017857
414.88571429	852.65714286
413.86574074	1288.14814815
415.01578947	1376.00526316
419.93386774	1482.96192385
416.06582278	1766.31392405
424.74570447	889.15979381
425.41260163	1814.11585366
422.56321839	1048.67432950
421.65065502	1536.23144105
420.13846154	1794.29230769
422.80555556	1097.08333333
417.00000000	1168.38775510
427.85579937	1599.94043887
422.26666667	1886.79333333
431.83519553	63.29608939
426.66015625	842.10156250
438.12050985	87.42294322
429.96648045	655.08938547
432.38916256	1514.18719212
433.35925926	1617.39444444
435.40000000	35.00645161
434.35401460	1368.22080292
429.13191489	236.36170213
435.06768559	938.16157205
429.06920415	1400.83737024
438.40250000	1430.62000000
440.97146563	175.35278859
431.82388060	818.64477612
430.49282297	1001.14832536
427.44827586	1467.29310345
442.02493438	1637.50787402
431.84782609	1575.59782609
436.01060071	1700.69964664
432.01785714	1761.20535714
437.07420495	439.16254417
431.45384615	750.96153846
444.05947441	1496.70677732
431.64601770	1585.89380531
437.20567376	2015.36170213
443.92111959	202.03689567
438.89240506	383.29430380
433.48695652	607.50434783
440.39094650	1350.85596708
451.34882059	328.41601144
442.82261641	357.20620843
439.67241379	1536.03160920
436.77777778	983.83333333
439.12735849	1336.51415094
441.50617284	247.20576132
444.21671827	455.22291022
444.03906250	851.73177083
445.98383372	1391.68822171
453.78343949	1424.52653928
449.72860636	741.53545232
439.37815126	751.60504202
447.33078880	1921.89058524
448.00000000	899.33580981
450.60661157	1594.80991736
453.26221080	152.00514139
451.75725594	1772.35883905
464.18901099	631.98571429
448.84337349	1455.43373494
467.26777778	1814.76000000
454.65845070	135.28521127
462.20676329	225.10917874
455.74669604	801.48237885
457.24781341	712.97959184
457.69409283	389.48523207
461.23842593	1300.18518519
455.47701149	1362.97126437
460.65161290	538.44301075
458.82792208	1020.73376623
460.78350515	1447.15807560
463.23312883	1467.64826176
450.70000000	1371.22500000
462.74530271	265.24425887
461.64939024	1351.12804878
459.77846791	1535.07660455
460.68783069	757.38624339
461.10819672	942.24918033
462.85749386	1387.21621622
466.46182495	1649.87337058
461.91338583	854.33464567
464.31250000	884.10197368
466.43589744	1007.87464387
459.20754717	1489.57075472
465.97051597	472.57985258
463.68286445	1691.80051151
465.91964286	188.02678571
467.10714286	823.54846939
468.08031088	41.57253886
467.07082153	359.07082153
466.78037383	736.79439252
464.43209877	612.25925926
461.48717949	126.37179487
469.01954397	1565.49837134
474.45019920	1625.20318725
484.16369360	561.74081847
467.15533981	900.72815534
477.46987952	619.26104418
467.04237288	1769.13559322
474.72615385	1133.04000000
477.26420455	1316.89772727
472.15172414	1581.92413793
476.22969838	1758.63341067
480.78846154	135.60323887
475.26219512	519.19207317
481.99177331	403.62522852
471.82580645	796.35483871
477.48166259	1550.51589242
479.57107232	1913.55610973
477.84848485	1105.06439394
475.82692308	1442.38846154
484.13043478	159.01449275
476.80748663	1382.31016043
477.65615142	1601.25552050
483.81333333	343.36740741
485.50803213	945.35140562
479.55288462	603.81250000
477.69230769	1349.03846154
480.68865435	1853.30343008
483.71311475	177.94672131
480.40804598	1687.29310345
478.77205882	1464.12500000
485.69547325	1637.95061728
487.03731343	84.05472637
490.22184874	260.62857143
487.25761773	367.74792244
490.40127389	1018.98513800
502.37615741	1433.18750000
488.34357542	1581.43296089
494.53181077	1406.90538336
489.17931034	234.48045977
489.97959184	547.98979592
491.51801802	667.57882883
489.74796748	1537.78861789
491.65642458	1372.40782123
491.42729970	689.28783383
493.66666667	1099.73655914
493.38659794	1606.57474227
496.57915832	518.00000000
493.07382550	1071.20469799
493.39784946	643.68279570
492.99456522	1309.83152174
502.15849057	1058.33396226
493.25206612	1755.36363636
506.40621266	603.45758662
496.89189189	1699.89575290
497.59939759	1719.50903614
495.68525896	1863.41434263
496.10798122	803.00938967
499.45153664	869.06855792
496.63822526	1683.13993174
502.93657505	479.70824524
497.36406619	1558.21276596
501.08517350	623.11987382
506.24705882	379.21176471
503.42710997	1194.77493606
518.44242030	1488.04294079
513.31412104	499.43804035
497.97080292	1515.54744526
505.27332242	424.87397709
499.71974522	1633.03503185
507.43150685	1850.70091324
507.19072165	973.92783505
501.08247423	1388.83505155
515.63917526	1997.80412371
502.46198830	77.32748538
508.05591398	727.85806452
507.71889401	393.91705069
501.54081633	816.58163265
510.79434447	1832.99485861
510.55555556	681.77314815
509.43145161	1581.90524194
517.94857916	1934.01082544
511.34530387	460.43370166
515.70606532	194.97822706
510.14251208	1375.96618357
511.99523810	644.36904762
513.74731183	950.99193548
509.59504132	1094.86776860
519.57847534	1518.50822123
511.94778068	1551.73107050
514.12727273	1601.66909091
513.04968944	1626.71118012
524.92342342	412.38738739
519.90103093	1402.20824742
531.95724713	447.57872784
515.45490196	1740.00000000
518.73897059	663.71323529
516.68243243	862.81081081
526.91957105	1261.95174263
527.58656331	379.18863049
527.25728155	968.77184466
532.87339056	1340.21030043
526.25340599	1549.13896458
530.37649880	1729.42446043
528.24528302	31.94339623
534.33142857	649.24952381
535.42381786	1321.31523643
533.15094340	1386.59433962
532.43973214	1593.35714286
530.81844380	1845.09510086
535.74733096	1929.40213523
535.33715596	674.44036697
535.56796117	1623.88834951
538.90967742	1832.77096774
537.31683168	1537.13861386
542.55756579	477.30592105
543.05698779	538.67571235
545.00361011	873.08303249
540.86506024	1055.74698795
540.21940928	1574.32489451
546.39232409	1706.78464819
545.34792123	2010.12691466
545.44214876	611.40909091
546.73944954	576.40366972
547.80222222	926.71333333
545.99099099	1725.16216216
546.38227848	394.28860759
547.06481481	1557.48148148
546.29721362	1679.43653251
548.14237288	1864.59661017
558.79273828	61.91981846
546.10194175	274.31067961
555.60202361	1100.39966273
560.20398010	1581.72885572
553.94464945	347.14944649
555.95911950	520.92138365
560.57648725	1368.93767705
548.72413793	1741.93793103
556.88679245	321.46462264
559.66666667	369.31510417
554.68055556	1648.08611111
553.71770335	667.52631579
558.00667780	1772.29549249
564.18316832	1397.00165017
560.87885463	1423.33039648
561.12962963	1535.56995885
552.19178082	1838.27397260
561.86094070	834.55419223
562.03969754	1328.05860113
560.60627178	1346.77003484
575.06712734	1298.89832182
566.30000000	563.95192308
570.46085672	1022.68094535
563.19730942	1553.94170404
560.55335968	1728.15415020
564.17065868	1749.34131737
570.35746606	1043.42307692
568.10609037	762.29076621
563.30232558	538.09302326
561.56547619	1842.80357143
571.65091864	958.52493438
566.85530547	587.93890675
570.76455696	918.85822785
564.84246575	1713.00684932
575.07692308	900.45940171
568.93467337	1619.03266332
568.44705882	100.25882353
575.70045045	661.05405405
575.68879668	548.82572614
573.20640569	822.60854093
572.04571429	1522.53714286
571.73589165	1687.28668172
571.16783217	1093.25174825
578.03362832	190.26725664
575.69463087	1154.68120805
581.65868263	1510.63772455
572.96304850	1657.70207852
574.04433498	354.50246305
576.30498534	1867.42815249
580.40584416	35.59415584
576.69047619	165.11309524
574.57142857	1766.02747253
581.29750480	1823.02303263
589.27792553	1389.50398936
578.77064220	247.34862385
580.83767535	1784.69138277
581.80371353	1460.68965517
586.24611973	61.11751663
581.94827586	600.90517241
582.11604096	1243.75767918
579.50000000	533.39333333
581.42028986	1139.31400966
591.46514423	1316.59495192
582.49175824	1972.29670330
586.74264706	623.38235294
587.36363636	1643.03434343
585.89940828	757.24852071
587.47910864	1529.98328691
589.11279461	1730.79629630
585.70777480	570.47989276
585.88435374	1107.69387755
589.73271889	1611.58525346
595.20626003	1683.73354735
592.52400000	1710.33200000
592.87526882	1029.63225806
594.87605042	1089.05882353
593.38503401	472.06938776
587.53061224	541.15306122
594.95255474	699.40875912
595.32208589	1492.72085890
596.66891892	1769.59234234
594.39024390	1848.21544715
599.88112927	1964.80832095
600.93152455	927.97286822
602.80068729	1593.76804124
596.60167715	1868.95807128
595.65400844	1146.46413502
593.80272109	1159.14965986
606.20326087	276.21413043
606.53191489	592.11436170
613.61480787	856.98969072
601.20403023	143.46851385
604.06102362	1417.42716535
599.08119658	1817.40170940
601.38479810	612.91923990
602.79361179	683.54791155
597.27329193	1454.83850932
603.77192982	234.44078947
604.74878444	1117.21717990
603.02670623	1793.86646884
603.50136240	388.83651226
601.49738220	1507.94240838
608.16273585	966.88207547
605.35638298	1522.25000000
606.70810811	1539.82702703
614.76746725	1840.68340611
611.27384615	1434.81538462
611.15587045	1292.21659919
614.50692841	1727.67090069
614.55908289	1756.25925926
616.31593794	1669.88011283
614.68347339	524.04761905
607.87586207	1024.04137931
611.96354167	1649.11979167
613.68359375	1463.98632812
624.98714953	1637.98247664
623.37152209	327.99018003
612.80465116	1084.82790698
612.93838863	1387.54502370
625.99662542	1805.62879640
621.19646365	1915.01768173
622.58881119	352.63636364
616.95031056	750.22360248
616.39455782	917.55782313
621.08582834	986.39121756
629.12064965	1157.49419954
614.61538462	1786.02884615
622.22935780	1953.77370031
627.73596358	228.89984825
622.52650177	1310.38869258
617.26804124	1972.14948454
624.81750000	1774.32250000
623.13746631	72.70889488
619.41463415	264.41463415
621.64928910	1532.00000000
619.37704918	679.00819672
622.03846154	1105.76373626
620.23809524	1406.76190476
631.36322870	1688.92675635
626.16888889	760.02222222
626.58980044	1125.02439024
625.58718861	1443.78291815
628.69520548	1041.27739726
631.35349716	1287.09451796
628.93571429	1418.90000000
631.91287879	651.35984848
634.20578778	1711.06430868
630.21710526	1213.61184211
635.13141684	1386.99178645
629.03100775	1845.46511628
634.16831683	382.98514851
632.54142012	1562.41715976
632.88838269	1588.25968109
633.76470588	1971.12456747
639.13372093	41.59883721
633.98979592	1026.44387755
635.77156177	1750.08158508
644.93370166	1472.96685083
641.82669323	512.10756972
641.55705996	1423.61121857
646.12343096	872.22384937
642.50000000	733.00231481
642.15463918	982.23195876
638.62800000	84.80000000
640.50427350	1951.09401709
651.45440957	1619.52466368
640.85439560	1921.84340659
643.33608815	1520.18181818
646.43162393	1879.42521368
637.97959184	1778.10204082
643.76086957	1820.76811594
654.90000000	1781.32835821
646.30092593	946.26851852
644.21848739	1036.52100840
648.18884120	1256.11802575
652.58832808	1597.49053628
653.05239521	1647.77095808
649.11965812	645.64529915
652.24536082	1695.62886598
649.20441989	1738.60220994
651.99099099	1102.95795796
655.02637890	1801.60911271
661.50000000	928.77160494
653.39393939	1432.16287879
652.22519084	89.41603053
655.97157623	1760.21188630
656.15358362	1962.99317406
657.24074074	1980.25000000
660.31095406	1459.85159011
660.63098592	1045.65633803
659.31134565	1827.74670185
652.44943820	1944.87640449
663.58348624	811.87889908
661.42087542	955.05387205
660.20792079	1285.91336634
664.82222222	393.88205128
663.73019272	1581.33404711
664.27212389	354.48893805
670.35460993	1537.52988855
666.12633181	1714.71841705
676.19080919	1867.13186813
658.12820513	725.72649573
663.29078014	202.15602837
666.40944882	1027.42913386
666.89569161	1419.77324263
667.24299065	1674.11682243
666.02486188	1367.02486188
668.91922006	164.08913649
668.74253731	316.12500000
660.28865979	1946.67010309
667.74183007	41.91176471
678.39219331	1732.57434944
667.66509434	1236.08490566
669.26380368	1311.94478528
671.77118644	1402.09322034
672.73529412	1637.95098039
670.54827586	1474.66206897
667.55555556	1097.75213675
680.32224771	1758.82798165
671.30569948	1941.87564767
676.47645429	431.36565097
681.79085714	1568.27657143
679.62363239	853.27133479
678.73706897	1350.19612069
681.50649351	1693.90097403
675.69660194	1961.63834951
679.63171355	1512.02046036
676.47896440	1805.78317152
676.04524887	1613.42533937
681.07142857	373.38392857
679.56976744	1375.48062016
683.80208333	213.44531250
679.68159204	959.71144279
675.86792453	1598.96226415
686.60544218	536.92517007
681.68075117	807.81690141
682.59934853	1981.85016287
683.01666667	1022.54583333
683.97307692	1885.75384615
691.15114236	393.45869947
694.79817708	1665.86718750
683.29166667	1790.19047619
689.70498915	1398.31019523
695.20833333	1490.13194444
690.04230769	1597.14807692
695.78674948	1780.42236025
692.53846154	1503.14102564
686.47169811	1826.66981132
692.81651376	1422.64220183
694.84732824	1620.35877863
690.57931034	1634.99310345
690.71000000	1745.43000000
701.53403141	1814.75916230
694.51184834	1836.29383886
701.85129604	1959.67667121
690.05769231	503.73076923
691.95348837	1996.00000000
698.46026490	525.37748344
694.31578947	758.48684211
694.67326733	1371.79537954
704.72516129	1725.50709677
700.53864169	1073.04215457
693.02597403	1796.92207792
699.14970060	364.97604790
699.58034026	860.35538752
699.65724382	1050.09540636
702.13364055	1562.14055300
700.29801325	1980.65231788
701.72514620	1436.45029240
705.40805604	1889.35551664
711.00112360	1699.05393258
700.79487179	1388.35897436
703.36206897	511.81896552
712.41336634	270.56435644
714.41666667	296.13020833
707.36042403	1751.61130742
708.49797571	1416.74898785
706.47058824	1378.50735294
707.59183673	1591.52186589
718.67701863	1238.65010352
716.55555556	31.57037037
715.52959502	522.90654206
709.80451128	1393.85714286
715.13056380	1557.72106825
715.08127721	1787.35558781
717.63523573	1283.93548387
717.44848485	1675.61212121
726.74545455	655.83966942
716.34154930	1046.99647887
724.41476274	385.73813708
719.01229508	1489.19262295
722.08955224	1957.60298507
716.46491228	201.96491228
726.85733333	1600.90666667
721.96686747	1067.54216867
722.67551622	1529.30973451
734.92116538	1635.72922022
727.50760456	1746.21863118
722.41638225	1017.04436860
730.58333333	1773.07352941
721.43589744	1883.05128205
728.89607843	1907.99803922
724.75706215	642.64971751
727.00347222	1197.79166667
723.41216216	1584.36486486
725.22966507	787.11004785
737.15843858	1552.84270953
726.96153846	1212.78365385
735.40252708	1661.14801444
740.24639769	492.81844380
733.43508772	1574.72631579
734.70454545	308.18181818
735.62292052	700.17744917
739.82270607	427.24261275
732.98795181	775.90963855
739.80312907	1726.14602347
741.23571429	129.46428571
743.61029412	326.87132353
733.91437309	522.67889908
737.71549296	1086.53239437
734.43043478	1279.06956522
747.30599369	561.60252366
732.82795699	1411.26881720
744.76470588	475.45701357
736.69117647	931.92156863
738.68973747	1369.09546539
743.80496454	375.28368794
753.35833333	948.44880952
738.96078431	786.32352941
744.58288770	741.78074866
742.76719577	754.57142857
746.57728707	1498.64984227
745.34343434	1765.31986532
746.34226804	1798.82680412
742.89861751	1969.07834101
747.47965116	1072.56395349
746.54878049	1903.80792683
743.06250000	690.07291667
750.12296984	349.57772622
751.18611987	537.63406940
749.23904382	1176.85258964
752.86111111	1589.21825397
753.80090498	385.30316742
759.08070175	1354.18245614
753.66804979	1574.76763485
755.86642599	208.97472924
753.11240310	929.65503876
768.28676471	1679.15231092
759.50414938	1759.23236515
753.21014493	157.23188406
757.70053476	195.40106952
759.95710456	845.39678284
758.60259740	1320.50389610
757.20346320	1336.33766234
763.99161426	389.93920335
756.05339806	758.16019417
764.03932584	176.33426966
768.17726799	1724.26381648
759.56250000	739.85714286
762.79130435	1104.75072464
761.25480769	1391.54326923
758.38888889	1562.16666667
765.05314010	805.81159420
761.69387755	1071.02040816
764.59872611	1517.36942675
768.98255814	1625.48449612
765.13095238	1905.77380952
767.81167109	1602.75862069
770.32688588	1651.64990329
778.12220566	1700.60953800
783.26448087	1939.65245902
779.15000000	716.81935484
771.27937337	757.04699739
768.14465409	893.78616352
766.83870968	1556.37419355
773.14285714	204.39393939
769.77631579	878.23684211
771.75578406	1576.02056555
775.98559078	43.79827089
775.47368421	1056.39766082
778.53150685	907.43287671
781.69382716	220.23703704
781.52086811	400.57762938
781.44793713	551.65029470
774.50625000	1316.55625000
784.29141104	1594.15644172
782.58441558	305.48571429
782.51101322	819.70484581
775.68055556	1341.61574074
778.14970060	1528.14970060
777.03278689	840.57377049
777.57446809	1099.15957447
785.09563410	944.59459459
784.25984252	1271.92125984
786.21764706	339.41764706
788.47514620	509.27046784
788.43640898	132.84788030
784.44696970	600.95075758
783.39622642	799.65408805
785.44146341	887.00975610
785.44444444	1083.66993464
785.93370166	288.28729282
788.38592751	1414.45415778
786.42704626	273.66548043
788.16710183	1641.10966057
792.22742475	686.26421405
795.16129032	32.43010753
794.68664850	744.76294278
787.06172840	754.71604938
791.63694268	1043.93312102
795.79331942	1580.58246347
791.95726496	57.76495726
794.27365729	1390.85933504
799.88967136	1521.79577465
805.12389381	1538.23451327
790.85507246	1614.54106280
794.77754678	1917.16839917
792.47085202	1063.68161435
795.43560606	355.42424242
796.42293907	1666.83333333
793.70689655	1094.08045977
797.98019802	1024.32178218
807.35926773	1604.95423341
798.41981132	546.57075472
799.51863354	812.70186335
798.20000000	213.33333333
798.67977528	713.18539326
798.14197531	869.90740741
807.35056543	1634.85137318
801.72040302	1437.28211587
809.26868045	1788.59459459
800.59154930	300.91549296
802.78225806	946.87634409
801.84656085	1266.07407407
801.87878788	1700.36796537
810.46026987	270.76911544
812.41769042	1010.44226044
825.02212766	1680.71148936
812.92621664	897.48979592
808.16237113	994.26288660
806.26509186	1073.51443570
813.11918063	1558.34636872
812.38461538	1769.23908524
807.54591837	798.88775510
809.12820513	379.51602564
808.77294686	877.06763285
813.55684455	1909.42227378
812.88668555	354.19263456
817.79577465	78.53521127
817.68788501	649.38398357
821.06487696	1380.83221477
817.45849802	1620.30039526
815.43269231	35.41346154
818.42340426	1658.04255319
817.80252101	396.24789916
832.07184923	762.32744405
815.40460526	1586.89144737
818.68941980	617.14675768
826.16087751	121.97440585
818.04166667	1703.40151515
828.70773263	875.07994758
817.48803828	1026.06220096
821.15839243	1980.22222222
824.06583072	374.02821317
819.44805195	939.05194805
824.50110865	956.93126386
820.01960784	1217.24019608
819.47715736	1231.09644670
825.97630332	51.93127962
824.40672783	1198.20183486
826.19517544	190.83991228
825.25757576	1573.63131313
823.59701493	1488.93283582
827.39463602	1037.49808429
830.36337209	601.95058140
834.07675439	975.97368421
827.07142857	1880.99450549
834.93670886	336.54972875
829.41984733	353.15267176
833.81531532	800.12837838
826.58441558	992.32467532
828.60427807	1763.70053476
831.44554455	1962.25082508
830.84848485	1548.08080808
833.13013699	389.44520548
834.74932615	1640.80862534
833.97247706	1532.99388379
836.92548077	453.00961538
843.11818182	1621.53030303
845.01449275	72.94202899
832.56428571	577.16428571
842.51982379	748.98678414
837.49509804	1022.80637255
836.48795181	1557.00602410
847.04827586	1916.92551724
834.40594059	1227.74752475
848.51867220	35.34854772
839.45771144	415.59701493
840.54587156	491.08256881
845.77858439	1458.76406534
839.75000000	405.28125000
840.70260223	89.15241636
838.46753247	181.46753247
836.03614458	642.27710843
838.72262774	1976.59854015
843.01156069	244.34682081
846.58018018	371.67387387
841.66959064	1577.95614035
852.12784810	1707.61012658
838.07303371	1882.28089888
854.86000000	1570.89000000
847.38167939	1595.48473282
847.71043771	198.38047138
852.17816092	1648.43965517
853.03582090	1961.15373134
856.46621622	1123.28378378
862.81085044	511.32991202
853.51700680	793.75510204
849.92523364	1687.16822430
853.00265252	1808.25464191
853.30712531	1881.72972973
859.97653959	1008.80351906
857.67887931	1078.04094828
861.46851385	1669.61964736
853.30414747	449.67741935
858.78423237	737.34439834
856.47647059	1201.05882353
861.12445415	911.74672489
862.97891566	52.51807229
859.70881226	190.42145594
857.52972973	1767.98918919
863.89413681	390.91205212
859.50152905	490.55351682
862.81889764	170.16141732
868.79273504	541.35897436
867.65681818	1842.96363636
870.16105769	68.14182692
862.73728814	748.15254237
864.09490741	968.37731481
864.76027397	838.11986301
867.92156863	1639.30392157
868.68300654	805.61764706
869.05000000	1138.10312500
872.43735225	273.47754137
867.84574468	1103.55319149
870.18518519	1193.76131687
874.91573927	1697.14944356
875.37649880	642.01678657
869.45679012	704.37654321
883.38758389	1854.64429530
876.07547170	1961.43584906
875.53731343	954.79104478
885.61266568	189.78350515
879.30696798	788.90207156
874.94936709	1914.84050633
888.15439430	568.51900238
881.86250000	899.36718750
884.76859504	1617.65013774
881.93721973	1635.05381166
885.43515850	818.21613833
889.07481752	1659.90510949
885.57268722	1679.27753304
887.39759036	492.57228916
895.11655012	130.79720280
896.85077519	169.37984496
890.17151163	367.59302326
888.50289017	1436.11560694
890.68595041	1834.29752066
896.85063291	57.11012658
895.31982942	1159.74626866
893.74900398	404.20717131
892.78089888	637.32022472
890.06250000	1635.68750000
896.07006369	1144.38216561
892.87500000	1428.25000000
900.20095694	1581.27751196
897.16334661	1130.31075697
904.24358974	976.91310541
902.67256637	436.94690265
912.17397661	897.53801170
905.91634241	1619.17898833
906.84514925	330.02052239
910.69703872	88.09111617
910.04606742	1432.45056180
905.68085106	1216.84574468
907.88353414	1652.13052209
904.71005917	1829.05917160
913.30939227	1494.30524862
907.73786408	559.76699029
916.56680162	250.18083671
913.89540816	400.30357143
915.55032120	522.19700214
914.22107969	835.86889460
909.13861386	571.03960396
915.47477064	49.03899083
911.71276596	1206.26595745
919.56010230	719.93350384
916.07894737	352.94736842
916.61971831	1343.15774648
925.18318966	1474.17887931
930.33063209	1959.39546191
918.99612403	1366.43023256
917.66055046	1576.47706422
930.00000000	425.93952802
921.68333333	1054.90000000
920.60165975	968.55186722
920.85321101	1103.20183486
927.81159420	1713.73913043
928.89578164	380.09181141
929.40740741	1516.14197531
935.73066667	1758.21466667
927.86041667	931.94583333
928.48520710	1399.23076923
934.94236311	401.32853026
928.25373134	650.23880597
942.78852459	249.59180328
926.02597403	978.70129870
936.35797665	1388.71984436
936.13829787	321.17287234
935.46462264	352.70283019
930.24561404	830.46491228
940.11306533	495.91959799
942.23367698	1090.64604811
932.46853147	1131.88811189
934.16666667	1840.52651515
940.23123123	1498.58858859
935.86986301	715.02054795
940.53392330	533.82595870
940.11032028	551.60498221
940.00000000	736.80400000
945.04893617	171.35744681
940.60288809	907.56678700
940.57065217	946.72826087
942.26160338	1608.43881857
946.61797753	620.60955056
951.23542601	644.16367713
954.36123348	1032.60058737
950.39784946	1213.52688172
944.14843750	925.89062500
951.17717718	71.47447447
953.84727273	374.57818182
951.87619048	1443.53650794
949.84291188	401.27969349
953.01250000	894.08125000
952.89508197	456.37377049
956.64501511	671.50000000
951.35260116	1129.43352601
950.08415842	1736.11881188
953.12179487	1702.87820513
954.77966102	937.45338983
957.08540925	1255.58125741
962.09756098	1330.49343340
954.73489933	1679.42281879
954.96202532	1013.93670886
968.56104651	1106.64825581
958.11650485	1428.20873786
961.86095238	2008.36380952
977.36645963	39.66873706
959.00997506	1946.13965087
966.18750000	272.56458333
957.80225989	922.49152542
964.76923077	1314.96923077
959.47674419	164.73255814
966.17640321	410.74112257
968.83423423	997.46486486
962.48529412	1725.86176471
971.04609929	545.44326241
967.11557789	113.82412060
963.48036254	1296.49848943
962.68711656	1412.57668712
964.64156627	1652.05120482
972.11075949	1685.93196203
970.67755102	581.74285714
962.06358382	615.36416185
971.15531915	1351.29361702
971.34304207	438.28802589
966.62032086	463.98395722
969.11721612	887.94139194
973.10534351	756.90534351
971.74452555	1548.49270073
972.36050157	660.27272727
972.37837838	946.72432432
971.58333333	1194.12500000
978.53962901	1712.03035413
978.02000000	608.99333333
979.97427653	1493.70900322
974.76763485	1399.43153527
981.05973451	1018.07964602
981.05084746	1182.55932203
975.33333333	1245.20289855
977.72248804	1293.17224880
978.57228916	1627.85843373
975.25153374	1941.85276074
980.87528868	461.07621247
977.47656250	1536.97656250
978.51086957	1809.09239130
984.85454545	60.14181818
989.91280654	412.91961853
981.38129496	2003.97841727
990.10337972	1430.42544732
985.06611570	570.20661157
989.84867076	682.05112474
988.25000000	1194.40000000
998.32510885	1261.45573295
989.89717742	1791.15725806
988.06944444	940.84722222
985.50588235	986.88235294
990.79260780	1289.49691992
988.76106195	1344.57522124
990.71028037	756.15420561
995.58203125	1772.08593750
986.28125000	998.48437500
994.98922414	1684.07327586
1003.92922374	234.87442922
997.62542955	1518.54639175
997.37160121	635.70090634
995.88163265	604.00000000
998.77256318	801.48375451
1000.37793427	1327.64084507
998.38840580	1706.51884058
996.41704036	886.43497758
999.11764706	1011.33823529
998.53633218	1502.12456747
994.90196078	1621.90196078
998.93772894	993.79853480
997.55555556	1309.52222222
1010.27176221	55.53078556
1000.43850267	833.32620321
1002.33720930	1531.87790698
1024.86895674	42.20101781
1013.37480799	820.87096774
1009.75697211	1043.72111554
1008.13364055	1357.37327189
1004.65322581	917.37903226
1007.29113924	676.77215190
1013.42857143	1277.61592506
1009.81144781	1298.68013468
1012.37751004	1671.40963855
1008.72979798	1888.29545455
1010.32298137	1593.05279503
1010.65665236	495.04721030
1009.80213904	1430.01336898
1008.17874396	1785.06763285
1014.89788054	514.56647399
1015.62132353	1320.34558824
1014.56043956	1497.13186813
1023.05753425	181.79452055
1023.94465649	1875.53244275
1023.81024096	700.08433735
1024.24152542	1233.24152542
1024.15346535	1307.76237624
1029.26984127	1577.56613757
1030.31578947	1596.26691729
1029.00000000	867.98019802
1029.81914894	1665.78368794
1049.75599129	33.37908497
1031.54716981	1612.54716981
1037.34579439	1380.80000000
1041.84615385	1625.59340659
1034.93712575	231.30538922
1033.10317460	1636.68253968
1037.82508251	1919.75577558
1041.71302428	291.11037528
1047.45480495	904.22454805
1039.32743363	1022.83539823
1041.86330935	543.56594724
1041.75853018	1709.82414698
1040.16141732	400.75590551
1040.31645570	688.34599156
1040.19546742	1233.80736544
1047.85523810	221.21142857
1039.48888889	1501.36296296
1044.61978022	1978.70329670
1048.71837709	717.69451074
1044.54819277	623.96385542
1045.06188925	1812.35504886
1044.92941176	415.74117647
1046.37438424	674.64532020
1046.09146341	732.70731707
1049.23908918	1454.17647059
1044.11023622	1592.69291339
1049.95409836	1580.83934426
1050.61135371	1827.01310044
1051.67772512	770.00473934
1052.30607477	1038.77570093
1055.80539499	319.58381503
1053.31804281	601.56574924
1048.08988764	1609.43820225
1053.98721228	85.45780051
1052.74660633	132.83710407
1059.08204334	638.75232198
1053.62199313	1375.41580756
1057.79363057	1208.42675159
1057.71196755	492.47058824
1055.95212766	587.26063830
1054.52692308	868.13461538
1057.40509259	1996.88888889
1059.61944444	66.59444444
1059.12348668	405.05569007
1055.15853659	692.79878049
1057.06324111	1696.09090909
1064.80096502	539.41375151
1070.16142271	1867.34062927
1064.56888889	244.21111111
1069.48007246	962.82427536
1065.89376054	204.74367622
1068.21754386	674.61929825
1068.05175292	801.28881469
1057.46721311	1616.31147541
1064.25223214	347.05133929
1060.74468085	1808.85106383
1067.21822542	454.88729017
1061.78074866	1973.77540107
1078.06221821	991.70333634
1069.15808824	764.26838235
1070.55505952	1166.34077381
1070.12000000	1768.55384615
1065.29885057	1820.96551724
1068.00000000	698.75355450
1066.91304348	1360.19875776
1067.99118943	1449.02202643
1070.11904762	711.59047619
1083.44818653	1036.30958549
1074.49532710	1747.93457944
1073.94774775	1474.60720721
1073.59235669	1691.30891720
1084.30820996	400.97981157
1072.05027933	1993.77653631
1081.62834646	72.39212598
1079.43589744	646.11045365
1077.50000000	339.36923077
1081.88018433	1723.21889401
1087.36815920	741.43034826
1082.99159664	1917.21848739
1083.05882353	351.59477124
1083.23076923	539.40000000
1085.83333333	1355.57711443
1089.39459459	33.18378378
1087.70731707	99.19918699
1092.27754237	724.42161017
1088.53781513	799.71988796
1084.53333333	450.22500000
1087.86363636	515.62121212
1094.82309125	1678.23463687
1092.29621849	1808.58403361
1088.47337278	604.22485207
1087.11836735	1170.32244898
1088.93922652	1153.83977901
1090.05882353	821.77205882
1093.47238372	286.42151163
1090.77486911	1475.95287958
1095.05263158	888.35457064
1096.22348485	769.55681818
1099.47109208	961.64668094
1104.39407745	620.91571754
1094.46007605	643.15589354
1095.11453744	1912.18942731
1096.45502646	229.98941799
1101.34279919	255.33874239
1101.55000000	376.94600000
1100.82889734	586.98859316
1102.38359202	847.80487805
1093.49425287	857.56321839
1099.47169811	1070.58490566
1101.14025974	1091.01038961
1101.75362319	1006.79420290
1101.54040404	1933.46212121
1099.35294118	121.92156863
1104.24653740	1217.95844875
1098.59917355	1720.80991736
1102.84982935	824.12969283
1111.94903581	550.29063361
1110.45189504	1433.98542274
1110.17931034	1796.46206897
1110.83524904	786.26628352
1107.83870968	48.52073733
1106.96350365	1905.30656934
1123.01439791	731.08638743
1115.61702128	946.45056320
1111.58227848	1706.29113924
1112.31129477	275.57575758
1120.39718805	2008.10896309
1108.73148148	485.75000000
1108.20652174	688.96739130
1113.55902778	704.90277778
1116.51212121	1406.15151515
1119.49591837	1814.60408163
1116.30830040	136.17786561
1116.49642857	1534.50892857
1122.17270195	62.05849582
1117.13270142	1201.72037915
1120.18659420	835.77173913
1121.54780876	914.99003984
1116.55696203	1066.60126582
1118.15614618	1082.63122924
1117.75172414	1722.10344828
1117.11627907	1001.96124031
1127.66013072	1917.51143791
1121.78838174	1648.92946058
1119.07720588	1677.07720588
1119.00862069	582.09051724
1122.38862559	1733.44549763
1128.99530516	45.24413146
1124.70000000	692.68064516
1119.66666667	1214.66666667
1127.85319950	1582.80803011
1123.38095238	1660.82993197
1123.93882979	1898.79521277
1122.23000000	773.48000000
1135.77937650	1520.27338129
1132.67441860	670.97840532
1130.05228758	782.62091503
1142.54139290	1702.31274639
1139.31467181	647.74710425
1131.83333333	707.62962963
1139.40317460	715.76190476
1136.59722222	311.46230159
1141.05978261	94.01630435
1134.90746269	1129.95522388
1135.61464968	1537.65605096
1136.06713781	1685.71378092
1136.88685015	1110.97553517
1142.40359477	484.15849673
1137.06936416	828.46242775
1140.74045802	857.79389313
1137.29914530	138.67521368
1144.52136752	1420.95156695
1141.33450704	275.19014085
1140.64705882	1814.12834225
1145.30422535	875.23380282
1145.89079563	1064.07644306
1145.80869565	1574.56231884
1139.74045802	1893.78625954
1144.97069597	990.87912088
1146.02626263	1351.68686869
1158.49561404	66.04532164
1151.71115974	291.22975930
1149.06265664	541.94486216
1147.85562633	1178.69426752
1151.42318059	166.49056604
1152.94989980	347.36272545
1150.29213483	816.78426966
1153.32975871	412.28686327
1149.91823899	890.45911950
1155.62633452	641.96797153
1148.50793651	668.38095238
1151.48251748	1375.06293706
1151.22307692	1680.20000000
1156.76347305	189.69760479
1159.36820926	212.48088531
1158.62085308	427.03791469
1168.77218225	1794.24460432
1159.53482587	478.24626866
1167.88769231	310.18307692
1158.82995951	377.15384615
1155.30645161	504.23387097
1160.68518519	1411.76388889
1158.02312139	722.06936416
1161.44444444	1309.18518519
1156.20000000	1050.52222222
1170.82200000	1495.53000000
1178.25776398	1230.09420290
1166.58591549	1449.09295775
1162.78095238	808.31428571
1163.83439490	1061.44585987
1165.26190476	392.48015873
1169.44321767	866.27129338
1167.81768953	900.62274368
1168.82330827	178.22556391
1167.02928870	266.91631799
1167.27759197	508.04682274
1166.39555556	537.00444444
1165.37500000	730.36184211
1177.77368833	1543.22552858
1171.84949833	1977.68896321
1169.25270758	158.28158845
1168.30000000	285.91764706
1175.28165007	1679.07112376
1168.38759690	1696.00775194
1173.10204082	834.59693878
1177.84858044	520.26498423
1180.29622266	813.22862823
1190.34986714	48.38883968
1177.20113314	952.98016997
1176.06185567	1279.24742268
1176.17293233	376.84962406
1181.16290727	489.54135338
1179.27878788	932.93333333
1179.02994012	1267.11976048
1185.88318777	1314.75218341
1175.69662921	206.92134831
1193.35839599	589.86967419
1174.65094340	464.19811321
1179.10859729	1342.53846154
1189.87640449	1809.68378812
1185.00000000	263.12222222
1183.78546713	1764.54671280
1183.73426573	1899.34265734
1182.39593909	463.30964467
1183.61000000	1444.32000000
1188.60126582	861.95886076
1184.99333333	1457.29333333
1188.12775330	788.85903084
1190.26699834	890.68325041
1193.39312039	841.89926290
1196.65301724	1654.34698276
1191.86970684	1671.57654723
1191.09565217	1876.21739130
1189.14851485	967.23762376
1190.55793991	1918.21888412
1195.27777778	667.20454545
1193.26455026	454.47619048
1198.05364807	1266.18454936
1200.21000000	518.93000000
1196.50000000	760.79452055
1204.55977230	487.72106262
1205.19554455	1287.26237624
1205.14627660	1636.24468085
1203.29940120	604.38323353
1203.20717131	1381.82470120
1200.28571429	1538.14025974
1206.57734205	1750.03267974
1199.31188119	969.67326733
1203.58888889	769.12222222
1208.11264368	800.27816092
1203.44117647	1212.44852941
1210.83648649	1075.65405405
1212.29185185	460.28592593
1210.19661017	675.66101695
1210.19444444	1684.20707071
1210.85677749	1773.24552430
1208.32947977	882.82369942
1213.93384224	1793.93893130
1210.53977273	1317.25000000
1214.47377622	1443.46503497
1216.95519713	1845.78494624
1215.21691176	186.51838235
1214.26717557	659.54198473
1220.90060241	282.26506024
1229.33224490	1145.84653061
1215.32231405	1258.71900826
1220.41483980	1585.88364250
1220.52255639	392.42105263
1218.77366255	512.88888889
1219.65671642	341.39925373
1224.21033868	1300.02673797
1222.80729167	1463.58333333
1222.81176471	685.76862745
1222.00974026	985.44805195
1226.47029703	1385.62376238
1225.27397260	1400.99086758
1221.27014218	1979.40758294
1233.39039039	179.91741742
1222.91362126	1064.37873754
1228.60735010	1421.90522244
1226.74712644	484.79022989
1233.04460967	1325.69330855
1228.01207729	860.99033816
1224.34745763	1744.68644068
1237.52995392	403.72811060
1231.22564935	1674.49837662
1229.47196262	441.56074766
1231.65540541	671.13851351
1228.89719626	452.85981308
1230.79389313	1786.80534351
1230.18518519	464.82010582
1229.16184971	1768.49710983
1240.90357698	1971.48367030
1235.49653979	1110.07093426
1236.86078098	1481.57385399
1228.85714286	1053.59523810
1235.02747253	1440.00000000
1232.35483871	1987.52258065
1236.39664804	746.43575419
1237.05241935	1720.69959677
1233.07758621	1081.02586207
1237.12720848	1454.63604240
1248.65310078	418.57558140
1241.53256705	1027.27394636
1238.35018051	1191.64259928
1238.99280576	1209.02158273
1235.14375000	1061.69375000
1236.87603306	1576.18181818
1243.48275862	1086.35249042
1244.84000000	1412.16888889
1249.93984962	570.30263158
1249.01329787	968.04521277
1246.01337793	1234.86287625
1245.75211268	1390.92676056
1251.08842444	1860.16559486
1245.62549801	1662.14741036
1251.30470348	796.75255624
1247.12244898	1067.48571429
1251.05769231	1048.75384615
1249.52747253	451.49450549
1252.30903790	1566.50728863
1253.46850394	501.09055118
1257.70634921	1584.46031746
1261.35559921	1609.00000000
1252.98134328	1719.26865672
1263.46643718	62.64371773
1254.45512821	1102.38141026
1255.51408451	1332.01408451
1257.28571429	1680.32804233
1255.88687783	1884.82352941
1253.76612903	1908.02419355
1267.65296053	269.10361842
1265.69268293	1940.89105691
1259.86513158	1076.37828947
1265.09048724	1796.49187935
1263.93867925	1378.91273585
1268.98484848	202.26599327
1259.30303030	1026.03787879
1265.59322034	814.62953995
1266.49645390	249.83687943
1262.68800000	1228.12000000
1266.34545455	1243.70545455
1268.53906250	1854.86718750
1273.02777778	561.67361111
1266.70198675	785.00000000
1276.77351916	384.80313589
1270.93277311	679.87394958
1276.23509934	218.99006623
1270.48241206	866.88944724
1269.11049724	1011.01104972
1271.42553191	1627.53900709
1273.53932584	1886.78932584
1282.01005025	232.72110553
1272.53478261	1281.46521739
1274.42089552	756.16716418
1274.76351351	1204.27364865
1273.61025641	532.86666667
1272.24691358	793.53086420
1274.65084746	895.41355932
1280.42938931	1762.24809160
1290.28642502	1534.66595593
1278.43579767	155.96108949
1279.11467890	1485.78440367
1275.95104895	1577.71328671
1291.53291139	803.82911392
1287.86797753	962.63342697
1289.17632850	302.82608696
1280.72180451	1371.95488722
1285.35096154	1735.46153846
1294.37266355	63.23247664
1290.47037702	869.33393178
1296.45780591	267.99156118
1291.20808081	1473.35353535
1292.88308458	1721.57960199
1294.89123377	117.25974026
1290.58997722	532.76993166
1291.92592593	378.55555556
1290.16580311	733.21761658
1299.75056433	1187.40180587
1295.67142857	853.81428571
1294.51363636	1380.82121212
1297.63017751	977.14792899
1295.17573222	331.18410042
1299.03744493	215.18942731
1299.11254019	1757.09324759
1294.48750000	1846.14166667
1299.08585859	744.92424242
1313.05850340	833.84625850
1298.74412533	1017.04438642
1313.00729927	38.17226277
1314.71167513	340.41116751
1304.83267717	1601.03937008
1300.45769231	1778.48461538
1300.11688312	1826.87445887
1308.07668712	523.77607362
1305.99392097	606.20668693
1306.57460317	728.68888889
1307.07474227	1294.98195876
1315.33805668	259.84817814
1306.23394495	544.18807339
1307.96126761	1856.53521127
1309.22941176	715.11176471
1313.63867188	1631.68164062
1321.22695035	180.43829787
1306.68301887	1467.55471698
1311.40306122	589.37244898
1313.27637131	1271.65400844
1313.00312500	1791.37187500
1314.14339623	1575.70566038
1308.65573770	1716.86885246
1314.14968815	1831.88981289
1318.66733068	160.79282869
1310.93558282	1376.90797546
1321.05960265	1614.05077263
1320.77951002	616.29844098
1319.90923567	1441.32484076
1313.47368421	1025.08187135
1313.92592593	562.76851852
1314.41358025	1045.21604938
1314.23618090	972.17085427
1326.17627119	1034.91525424
1322.58892128	1481.68367347
1326.14522822	1458.31535270
1318.45112782	540.24060150
1328.26488095	1421.77678571
1323.42076503	1850.32786885
1322.97196262	517.28037383
1324.30097087	1341.37864078
1326.70648464	432.13651877
1324.82080925	1289.66473988
1324.55348837	1725.71162791
1332.56541353	114.49323308
1327.87078652	1329.05056180
1332.46732673	565.26138614
1325.63131313	720.50000000
1327.83410138	736.46543779
1330.00252525	1520.02272727
1329.49310345	1554.15172414
1331.53899083	532.91972477
1328.66666667	1021.59393939
1327.59887006	1593.89265537
1330.90625000	1568.25781250
1334.60917722	1256.72468354
1340.62379421	78.88263666
1331.14598540	322.83211679
1336.50000000	1713.98648649
1328.70625000	1829.84375000
1332.69480519	1578.50000000
1337.08016032	1807.75551102
1342.28526149	599.76545166
1346.24659864	1042.82482993
1334.53191489	332.61702128
1342.47408829	776.24952015
1340.53932584	132.02808989
1343.49916805	1502.78535774
1341.51453488	1641.55523256
1341.01685393	1410.69101124
1341.07692308	1435.84615385
1353.74019608	1727.85457516
1346.20924574	1763.80048662
1348.03485255	1745.38873995
1345.25388601	437.41191710
1342.70631970	1334.94052045
1342.86531987	1393.35690236
1342.81045752	199.54248366
1344.01345291	1293.88789238
1352.22993197	1592.22857143
1343.58152174	100.50000000
1341.73417722	333.27215190
1352.54666667	691.53111111
1348.77994429	1477.32033426
1346.19696970	1698.30303030
1367.06377953	209.50078740
1351.87823834	1059.76943005
1347.10000000	1690.73333333
1358.67408907	587.30971660
1353.02205882	361.03676471
1358.64840989	909.37985866
1356.12087912	1323.21703297
1355.38977636	617.57827476
1364.05417277	1278.12591508
1358.15800866	1614.70346320
1352.39047619	1801.51904762
1354.04907975	1708.80368098
1367.05240642	112.69625668
1360.29111111	1416.66444444
1357.38524590	2007.58469945
1361.70395869	641.89845095
1357.02739726	1390.18904110
1358.85110664	1443.60362173
1357.40366972	33.57798165
1365.30290456	1485.72821577
1364.73401535	1567.13810742
1366.11517367	1689.94698355
1356.65853659	1498.40243902
1363.65079365	1657.90022676
1367.89729730	973.27027027
1361.71969697	76.90530303
1370.05172414	423.46839080
1370.49668874	575.43046358
1366.70270270	1742.73873874
1376.64852608	457.38548753
1375.48561151	1515.07374101
1374.37850467	409.68224299
1379.51658768	626.71327014
1372.86170213	33.47872340
1379.72672673	611.15915916
1384.50000000	73.57033639
1378.53663793	524.97844828
1373.90303030	2004.00000000
1380.10462287	936.28467153
1378.51630435	1105.31250000
1374.55000000	1434.78333333
1380.80078125	1087.76171875
1383.46938776	1932.01632653
1388.98251192	166.48807631
1380.80540541	138.64324324
1385.45270270	1495.01351351
1382.68992248	1561.72093023
1383.46520147	1762.48717949
1388.44418605	646.10000000
1392.69983137	269.52445194
1390.21931590	1894.57344064
1394.81074169	107.31457801
1387.40909091	1613.92727273
1384.22413793	1685.66379310
1393.37500000	1076.61562500
1390.83698297	1841.08029197
1398.53879310	367.07543103
1390.96685083	1260.86740331
1395.72543353	927.86416185
1396.40153453	141.52429668
1396.38489209	1217.06115108
1392.29813665	1513.39751553
1405.97335702	406.15097691
1396.85877863	609.38931298
1400.44117647	1299.79679144
1401.82885086	1603.55501222
1400.86016949	1624.00847458
1402.86849315	783.33698630
1401.92808219	1929.45205479
1407.16814159	341.47079646
1407.81578947	527.93157895
1407.80794702	645.23620309
1408.58925750	1156.04423381
1406.80445545	1415.54702970
1405.53883495	1068.09223301
1410.00781250	1641.95703125
1407.03208556	257.73262032
1407.93803419	1886.36752137
1415.20910624	386.75042159
1412.08853119	1102.12072435
1405.37068966	65.88793103
1410.08311688	1571.62857143
1414.03956044	98.88351648
1412.47875354	1920.75070822
1415.57582938	951.42417062
1411.17592593	1470.73148148
1422.32086331	1508.95395683
1417.21102662	1210.44106464
1414.66000000	167.14571429
1419.50397878	238.90450928
1413.63636364	1753.52020202
1416.58133333	144.93066667
1417.22727273	587.33636364
1420.44552058	628.81113801
1421.15286624	1184.87579618
1420.40783410	1445.24654378
1422.54806071	1980.00337268
1426.56317690	436.60108303
1425.75605214	1062.33519553
1422.05434783	1250.84239130
1422.52777778	543.76666667
1421.00000000	792.70443350
1418.97604790	1296.28443114
1421.32786885	1706.63524590
1419.27450980	492.39215686
1432.93475177	778.16170213
1423.37121212	1779.59848485
1427.66255778	1479.74576271
1425.72452830	1895.24716981
1425.75155280	334.86956522
1424.45294118	688.57058824
1432.85007974	1414.51515152
1432.13888889	1396.07638889
1435.71733967	266.89311164
1430.86127168	1348.63583815
1427.72033898	275.63559322
1428.72463768	1633.91787440
1444.96705107	51.68286656
1430.96918768	1763.21288515
1430.62068966	1645.53448276
1433.10526316	1958.17368421
1432.23157895	86.33684211
1432.36363636	103.49650350
1437.86842105	515.48564593
1432.21192053	946.58940397
1437.33196721	1734.64344262
1437.32153392	1258.31858407
1439.12574850	1441.34431138
1436.34615385	887.55769231
1450.17513514	306.12540541
1443.33242507	927.07901907
1442.11345646	1224.24010554
1446.23976608	1460.27680312
1439.71153846	538.94230769
1442.90666667	1749.36000000
1445.81515152	1654.04545455
1451.05720824	210.49427918
1445.96183206	1757.43511450
1442.33165829	1890.36180905
1449.69803063	100.45733042
1455.98004988	530.04488778
1455.73032529	1954.09443861
1456.59615385	35.65064103
1453.63670412	1726.96254682
1456.30158730	500.15079365
1461.36203091	86.71743929
1455.82677165	512.20472441
1461.12983425	682.30110497
1468.05362319	1025.02898551
1458.99640288	1218.93884892
1459.23902439	1687.85365854
1467.46611910	342.30184805
1465.77158273	1760.01798561
1463.29765886	778.53846154
1470.28484848	1061.72121212
1464.57013575	291.14479638
1468.15669516	1285.28774929
1466.11872146	1391.88356164
1464.31620553	1541.89328063
1473.66889632	1176.62040134
1463.97500000	1451.93750000
1461.30097087	1648.12621359
1467.15957447	1362.57092199
1472.28659794	1419.68041237
1470.88011696	1003.03801170
1467.70731707	1104.87398374
1468.78370787	271.58988764
1473.92571429	1306.23619048
1476.70454545	609.16883117
1471.34962406	1198.84210526
1477.74053030	314.05871212
1475.83986928	1943.92156863
1477.92802057	1854.97429306
1474.88421053	1213.71578947
1474.25423729	1515.27966102
1480.06858407	1630.48230088
1482.79716981	386.44339623
1480.13230769	1531.42461538
1479.40178571	1771.75000000
1485.96368715	1411.58938547
1481.64685315	1549.55944056
1480.25781250	1828.55468750
1484.84188034	376.21367521
1484.73214286	1075.30952381
1488.72005988	1100.16916168
1483.26269316	1722.80132450
1485.19517544	1747.39473684
1484.04089219	398.79182156
1486.96181384	447.32696897
1483.27034884	902.45348837
1488.61834862	1141.73027523
1485.52508361	231.44481605
1484.09667674	1361.11480363
1486.74725275	996.89560440
1498.91176471	210.79316888
1489.37288136	1977.10411622
1489.40425532	1197.88588008
1486.27472527	1923.65934066
1485.35087719	557.98245614
1492.96055227	1481.66272189
1501.21594684	164.63787375
1496.50909091	548.51428571
1494.18526786	1798.83258929
1493.11877395	2010.99233716
1492.99545455	1300.34090909
1496.04929577	341.16197183
1495.63793103	1031.09051724
1494.96946565	1849.12595420
1517.56787491	945.72352523
1500.44162437	402.54060914
1499.23913043	876.81304348
1499.02127660	1550.37446809
1501.34156379	457.23868313
1501.80487805	1043.09146341
1502.56000000	1537.70285714
1504.63385147	1733.27461140
1506.14022140	1057.76014760
1512.06066176	1634.00000000
1507.85057471	1012.54022989
1507.04524887	1136.01809955
1507.99186992	1366.22357724
1505.85572139	1941.55721393
1507.32828283	608.52525253
1509.59171598	1452.58875740
1510.51410658	1565.58620690
1506.54901961	1973.75980392
1507.02843602	1189.65402844
1516.61702128	1024.98936170
1509.21025641	1205.11794872
1512.51183432	1613.67751479
1510.09571788	1818.56171285
1512.24157303	1431.30056180
1511.22957198	1590.96498054
1510.68060837	1792.86311787
1513.64943820	345.39101124
1513.77470356	1475.33596838
1519.88425047	722.49905123
1513.68279570	315.01075269
1514.90909091	397.27807487
1516.51798561	1041.65467626
1525.28958333	1071.54583333
1523.06593407	1546.92582418
1528.49605055	101.97630332
1522.20604396	868.13186813
1522.50000000	1717.28913043
1521.52280702	1492.64912281
1523.31511254	1780.31189711
1525.24458204	987.71826625
1528.11912226	1086.12225705
1533.15834522	917.41797432
1531.24499230	1845.95069337
1531.86170213	65.02304965
1527.74911032	1806.37900356
1531.57516340	154.06971678
1538.91710946	893.49202976
1527.08587258	1589.59002770
1525.65346535	1477.53465347
1530.43448276	1864.22068966
1528.05882353	1425.65359477
1541.35765379	817.50500715
1532.61734694	1116.43367347
1538.99191919	1226.60404040
1533.87667560	1043.39410188
1541.25369979	300.95137421
1535.59555556	360.79555556
1538.04838710	1488.56854839
1536.88177340	1504.51724138
1544.69787986	707.63957597
1541.76970954	1385.09336100
1537.40116279	1734.97674419
1540.25660377	331.01132075
1543.79582367	592.58932715
1552.15220484	1061.28165007
1541.42513369	1786.10695187
1541.94703390	1539.20974576
1539.58181818	1713.28363636
1543.54845361	1939.45154639
1542.71631206	1092.95035461
1549.61974790	1184.89285714
1544.32976445	1673.43254818
1545.50523560	987.40575916
1545.18126888	1644.65861027
1549.01022495	1698.30879346
1560.89959839	115.64926372
1554.28333333	1631.96904762
1551.17837838	358.05405405
1555.37004405	523.88325991
1550.03937008	1253.17322835
1553.37037037	1462.71428571
1551.13148789	1842.60207612
1561.51834862	569.52752294
1567.47773279	1421.09851552
1558.21402214	1818.53874539
1559.63529412	1375.04411765
1553.23469388	1781.73469388
1573.48508431	1018.26329442
1557.65868263	1220.92215569
1561.36423841	1663.18543046
1566.49572650	1803.54700855
1569.66040689	205.23161189
1562.34131737	588.73053892
1561.42038217	1258.81528662
1562.03723404	1785.45212766
1565.62849162	1691.48603352
1565.32080201	782.66917293
1564.31906615	881.67704280
1561.82894737	1934.63815789
1564.33333333	1527.44827586
1568.97808219	1962.92602740
1568.71161826	1557.59543568
1570.84337349	386.65863454
1565.29113924	699.88607595
1580.17729393	1212.63763608
1570.81648936	1456.95212766
1573.62046205	1517.77227723
1569.35265700	1629.09178744
1573.52173913	1132.86666667
1578.24937656	1034.43142145
1573.20689655	236.34482759
1574.88995215	892.21531100
1574.35087719	1118.57894737
1580.94853801	337.58713450
1584.66031196	1247.52859619
1581.67487685	1605.85221675
1586.99418605	631.92151163
1576.83216783	1533.16083916
1579.00420168	1666.38235294
1584.27966102	167.24576271
1586.81308411	1159.06775701
1584.65311653	1685.46341463
1594.45156695	517.74501425
1594.89078014	1176.93191489
1595.21129326	314.14936248
1586.53014553	1960.60083160
1586.56839623	774.62028302
1588.54156171	1503.25944584
1591.77697842	1657.81294964
1590.35129741	884.49301397
1601.25631769	1738.56678700
1590.83603239	1768.84210526
1601.18613861	620.65742574
1587.71195652	566.16847826
1594.83108108	1806.77927928
1592.79824561	1840.94444444
1596.19696970	202.18939394
1595.18875502	578.39759036
1595.90781563	1065.73747495
1590.94674556	1125.02366864
1604.12209889	269.01210898
1596.10156250	1593.18489583
1596.26950355	1027.54609929
1596.94630872	61.88590604
1604.29159213	946.07334526
1610.57080610	384.35947712
1603.53734440	1531.53941909
1605.06211180	1704.14699793
1605.36201780	651.92284866
1609.77204659	225.57237937
1609.70771757	464.46633826
1603.97235023	1961.85714286
1602.06870229	1680.81679389
1605.68725869	878.39382239
1606.54337900	1497.70319635
1610.51225490	2010.48529412
1606.55797101	1759.41304348
1608.94402036	770.64376590
1611.97959184	1475.94081633
1616.34348562	56.26565144
1610.52054795	1654.60730594
1611.77777778	582.79166667
1614.86624204	1351.39490446
1610.20000000	1799.29230769
1621.43172269	1068.58928571
1612.28333333	1603.53750000
1608.51020408	1767.40816327
1617.83916084	1779.75524476
1615.15231788	1015.11258278
1616.32945736	1953.96899225
1614.71631206	1432.33333333
1616.69111969	1559.72200772
1616.75193798	1814.18604651
1620.42508711	207.55052265
1621.93134328	940.61492537
1620.28524590	1396.86557377
1621.17021277	1997.54711246
1619.28140704	646.93969849
1632.90738916	493.19310345
1625.07843137	1850.72829132
1624.40214477	111.34584450
1623.23463687	741.87988827
1623.93002915	1750.52478134
1628.81167109	413.16710875
1627.02591793	1694.48812095
1625.21256039	764.23671498
1630.46686747	1151.50903614
1632.79799427	1662.90401146
1635.89413448	1272.19027182
1633.91992883	905.18505338
1626.23456790	1469.77777778
1633.66302652	1572.05304212
1634.41986456	223.36568849
1635.52909091	326.60909091
1633.77737226	347.62408759
1632.48826291	1370.29577465
1640.62833333	1349.75166667
1637.57033248	599.63171355
1638.85519591	1427.31345826
1635.38922156	1208.35329341
1634.76315789	1768.57236842
1643.22413793	1463.37068966
1638.88627451	1744.13725490
1639.39662447	105.05907173
1644.60655738	982.99795082
1641.24475524	739.39160839
1649.36412316	1312.97991968
1651.23565324	270.79487179
1645.05202312	553.39884393
1641.99563319	530.95633188
1649.24942529	1790.61379310
1649.89492119	1867.73029772
1656.06763926	809.39257294
1644.35121951	1072.96097561
1644.82733813	1142.61870504
1645.61752988	1402.89243028
1644.61363636	1849.13636364
1655.08477842	696.76493256
1652.71646341	1011.72865854
1651.40515222	2008.09133489
1649.36575875	1367.96887160
1654.08398950	1389.50393701
1659.35589942	1449.70793037
1654.78865979	1634.99312715
1649.02970297	301.73267327
1653.27777778	1738.78333333
1655.21065990	74.69796954
1648.73049645	316.90780142
1651.39322034	898.15254237
1647.00000000	1650.47058824
1658.49024390	343.27073171
1656.06709265	429.53674121
1653.29807692	1418.63461538
1654.84782609	1199.27717391
1655.71028037	1574.20747664
1656.89723320	538.22134387
1662.63408521	1027.58897243
1662.30588235	1758.20235294
1656.00904977	610.56108597
1658.07692308	1531.08205128
1664.17582418	297.34615385
1660.55688623	330.74251497
1657.83720930	972.09302326
1666.40293040	84.01098901
1663.42763158	981.03289474
1660.18867925	1112.18867925
1662.09770115	1430.05172414
1661.59219858	1850.85106383
1664.74309392	562.63812155
1662.07894737	315.82894737
1670.37575758	1723.55555556
1668.99816850	826.84615385
1665.65060241	1364.14457831
1669.19575472	1604.07783019
1676.11282051	1217.90940171
1664.83941606	1876.56204380
1667.66517857	390.64285714
1669.41035857	1541.83266932
1667.15596330	1381.59633028
1667.71111111	1672.76296296
1675.12080537	518.74496644
1671.20370370	1180.09876543
1670.93627451	1317.17401961
1677.56701031	164.38144330
1670.60156250	1294.78906250
1677.58430233	291.33430233
1674.08791209	971.09340659
1677.45022624	1013.65837104
1673.93918919	1105.06081081
1671.12962963	1391.67592593
1671.08800000	1789.16800000
1679.08316008	357.72141372
1673.72121212	1439.96969697
1679.74233129	1739.99079755
1673.98039216	1470.88235294
1695.60019175	1880.38926174
1685.92553191	591.30000000
1681.64233577	278.45985401
1685.05762712	1685.78305085
1685.26892950	1287.57180157
1683.77477477	1304.98648649
1682.96048632	1522.54711246
1684.30158730	894.63265306
1688.14853556	1860.25941423
1701.62564103	951.81538462
1686.73426573	1489.74825175
1690.68764045	379.24044944
1686.62745098	962.76470588
1688.10824742	1753.41752577
1692.89242054	778.97066015
1689.17330211	1105.07259953
1687.15882353	1372.11176471
1692.89051095	1506.17518248
1688.82191781	1553.74885845
1695.22123894	68.05309735
1695.23591088	1434.93446920
1697.03915663	972.03915663
1691.54074074	553.16666667
1698.04166667	1721.57692308
1690.38562092	525.53594771
1695.79017857	1163.29017857
1699.34255319	1987.56595745
1700.29385965	276.50438596
1697.20238095	1153.07142857
1699.54218750	299.95625000
1695.64965986	1360.41836735
1693.53703704	2016.44444444
1698.00684932	2006.95890411
1700.40792541	1790.91142191
1701.98853868	50.89398281
1706.75672043	1065.66129032
1705.01856148	1838.48955916
1698.93975904	888.25301205
1702.99361022	1678.31309904
1703.13617021	533.71489362
1711.43768997	1414.84194529
1702.97368421	1489.06140351
1712.19877049	1013.49795082
1706.46361186	1291.64690027
1705.65979381	1811.56185567
1712.67849224	1521.02217295
1711.89189189	554.71065183
1704.52216749	1100.63054187
1707.02678571	1171.67857143
1712.95804196	1366.15034965
1710.02208202	777.31230284
1716.07777778	343.94444444
1713.64285714	65.15873016
1717.92462312	432.18090452
1714.96666667	1783.78571429
1717.03629032	233.77822581
1723.71246006	1767.50000000
1718.49186992	1824.56910569
1724.31740614	364.53583618
1725.45953757	1636.28179191
1721.16666667	1205.05333333
1728.71456311	665.91650485
1724.27446301	902.89976134
1723.46850394	1436.03149606
1722.94736842	1328.44210526
1723.47333333	1403.02000000
1727.20175439	1107.85087719
1731.56993464	1170.72549020
1725.67428571	1870.56571429
1723.46067416	773.69662921
1736.33131313	1350.39393939
1729.52529183	246.02723735
1729.23043478	952.24347826
1729.55956679	1885.43682310
1735.50349650	215.05944056
1737.05087719	550.67719298
1733.37517434	1714.56764296
1734.66282421	786.74063401
1727.65656566	1058.81313131
1739.18005540	2012.58448753
1734.00872093	856.16860465
1736.36867470	1558.34216867
1738.24460432	291.08093525
1740.78688525	442.30874317
1731.64285714	1412.33673469
1739.11699164	1209.28412256
1739.31058020	1578.04095563
1742.63443396	767.17216981
1739.02197802	1330.24725275
1739.50000000	1469.47727273
1742.49875312	1531.32418953
1741.36318408	1756.52736318
1740.13571429	1239.04285714
1747.18699187	353.80081301
1744.36279070	1637.37674419
1747.68923077	1156.73230769
1750.36672968	1617.91493384
1744.07567568	1651.92972973
1743.91176471	1768.44117647
1751.10982659	62.77456647
1752.27828054	816.47058824
1746.37552743	1933.39662447
1748.05490196	1695.30196078
1751.68172043	1839.21290323
1753.00000000	1912.92485549
1749.86363636	782.97272727
1761.61190739	1550.86990077
1753.13829787	1721.07712766
1751.63380282	1737.50000000
1767.18326693	229.47277556
1757.70982143	991.80357143
1759.64951768	1521.99356913
1763.81861575	795.90930788
1769.14174757	1407.15728155
1762.70852018	1640.70179372
1771.51590106	505.36042403
1760.12650602	652.33132530
1761.27472527	761.31318681
1761.07083333	1468.76666667
1763.30107527	1690.32616487
1773.63844086	1712.84677419
1767.30036630	1152.45421245
1768.58263305	1306.10084034
1769.30684932	899.19726027
1767.33023256	58.32558140
1770.18274112	1904.74873096
1771.17379679	206.24598930
1771.17391304	1975.04347826
1769.74691358	813.24074074
1775.33606557	398.87431694
1773.67261905	1188.84226190
1777.73134328	1486.56467662
1775.87826087	1628.33478261
1783.44404973	1841.19538188
1781.87439614	709.41545894
1781.12043796	488.74817518
1789.99372057	1434.55259027
1786.56609195	621.92528736
1780.68539326	1684.53651685
1781.98951049	1539.90909091
1791.93859649	1472.88450292
1789.77815700	795.09897611
1789.26385224	328.21372032
1794.95205479	1307.45662100
1792.21066667	739.26933333
1797.96409336	970.33752244
1795.47006652	1276.78713969
1789.25874126	1977.63869464
1788.25217391	1294.72173913
1789.48888889	1625.77777778
1791.54635762	2011.07615894
1792.82105263	1696.01578947
1797.84177215	1717.66244726
1798.52064220	1882.66743119
1800.95731707	1395.76067073
1801.67073171	1174.47073171
1805.73402062	777.06185567
1800.32670455	1948.57670455
1809.94906166	1204.56702413
1803.43569554	1367.87664042
1798.76237624	609.53465347
1801.83277592	1814.16722408
1801.58083832	1575.42814371
1810.65062389	1797.50089127
1802.33519553	1837.54189944
1802.81447964	655.47511312
1805.23645320	1004.29556650
1802.72834646	1641.63385827
1812.18246110	1531.67892504
1808.64229765	36.70757180
1804.56291391	1620.92715232
1808.52482270	617.12765957
1803.87878788	1831.07575758
1806.89756098	2007.65365854
1808.87027027	1270.21081081
1810.91452991	1972.86039886
1813.66577540	537.79411765
1820.12091503	1735.91503268
1811.62500000	1084.00390625
1817.53901996	181.08711434
1823.91619318	329.16619318
1818.31063830	490.70425532
1819.19517544	1387.57894737
1808.95689655	1432.57758621
1830.35168196	268.89806320
1817.85393258	1101.91385768
1820.02046784	1337.41812865
1819.24203822	1484.16242038
1821.21376812	1427.55072464
1825.26406926	1688.83405483
1816.63576159	1943.39072848
1823.28571429	791.89285714
1822.50764526	1318.34556575
1830.55362319	953.60000000
1834.54054054	1844.10187110
1822.85714286	2008.61428571
1829.16438356	1417.21575342
1825.47794118	1894.09926471
1827.48550725	999.98913043
1836.42146597	1592.79450262
1831.27892562	1085.50206612
1827.45662100	1780.20091324
1826.42201835	1974.96024465
1830.05821918	1765.64726027
1833.82432432	683.80405405
1834.77870216	930.42262895
1834.38888889	1476.88011696
1830.42236025	834.02484472
1841.29285714	1196.58000000
1839.48366013	1441.75490196
1834.07386364	1493.83522727
1838.96830986	1524.90140845
1838.19860627	1636.15853659
1844.69267139	1800.10638298
1838.43989770	663.02813299
1837.89373297	1882.77929155
1838.04942966	1043.75285171
1838.47727273	1504.86363636
1836.06878307	309.67724868
1837.50000000	480.76543210
1843.98448276	1357.85172414
1838.82000000	591.30400000
1850.14942529	753.55683269
1849.63518758	626.67787840
1837.55944056	1740.83916084
1851.18935837	1297.20344288
1845.14556962	1977.22943038
1851.99572650	786.18945869
1845.64503817	1548.02290076
1847.51675978	1777.95810056
1849.64727273	539.99272727
1853.11496350	859.43795620
1855.18909710	980.07155026
1857.78781925	1590.14734774
1845.42176871	1829.59183673
1857.52200000	599.15200000
1850.38439306	1104.96820809
1852.05489260	1473.55131265
1854.83073497	1084.69710468
1850.24822695	680.56737589
1862.74285714	186.23025210
1861.14364641	1539.29834254
1856.73049645	1632.14893617
1861.72421525	1127.32286996
1861.58518519	1212.85925926
1860.73127753	1342.77753304
1858.76986301	1701.03287671
1869.25347594	1830.27058824
1859.19148936	1506.36474164
1865.17759563	1862.66939891
1856.31746032	658.34126984
1863.26182965	669.79810726
1868.04935622	1521.59012876
1861.05339806	1875.31067961
1867.43176734	1427.31319911
1862.89051095	1557.62773723
1868.04663212	85.66839378
1861.64634146	1766.54878049
1870.82336957	205.82880435
1859.34545455	684.00000000
1865.82352941	1775.83823529
1878.52716593	40.26284875
1885.91161357	609.48098664
1868.46448087	1103.41530055
1873.07575758	1584.69696970
1871.65286624	1909.96815287
1880.83026585	782.74233129
1875.59459459	972.10424710
1872.58947368	1448.18947368
1876.12956811	1883.59136213
1877.53535354	1114.22727273
1887.89787798	1813.66843501
1885.66787659	1327.27041742
1881.57142857	337.47755102
1881.64412811	1343.64768683
1893.19305019	1649.89478764
1885.90163934	438.91803279
1886.40822785	1124.72784810
1882.81967213	1491.35519126
1885.96875000	107.00669643
1887.44547564	1192.43155452
1882.98203593	1479.40718563
1885.50628931	1507.25471698
1884.62059621	1536.94308943
1882.58467742	1947.99193548
1886.91193182	1215.94602273
1889.13953488	1604.91214470
1893.01224490	1152.93673469
1889.52839506	1910.87160494
1898.38047809	862.71314741
1902.38381201	1278.56135770
1895.04400000	268.38800000
1896.57855362	1775.00997506
1897.87356322	677.20498084
1897.11111111	279.36111111
1896.83141762	414.77777778
1895.64912281	1071.62573099
1898.51381215	1377.54972376
1902.05416667	1450.70000000
1896.16546763	1317.05755396
1909.72329472	921.68597169
1899.44207317	1479.15853659
1904.09684211	1501.50736842
1906.70235935	1361.23049002
1904.11400651	727.08794788
1901.76954733	884.09053498
1907.17557252	966.64885496
1900.69547325	1531.27572016
1910.52867133	60.83636364
1903.32142857	103.11734694
1911.16356877	86.57063197
1908.67627494	503.18403548
1902.36046512	1184.63953488
1908.84412955	1794.60728745
1911.08771930	1550.35307018
1906.47200000	1906.19200000
1909.82916667	1730.18750000
1910.02941176	846.94537815
1907.40512821	1326.02051282
1909.51063830	1394.51914894
1909.45418327	1075.85258964
1911.31338028	1092.49647887
1913.20057307	1411.69914040
1920.23943662	357.19366197
1918.58784893	770.61412151
1917.15898618	896.91474654
1911.71568627	1147.83823529
1917.20249221	804.44859813
1914.44881890	876.56692913
1916.12639405	692.72862454
1920.41414141	937.51178451
1925.11095306	1569.15362731
1915.78688525	673.04098361
1921.84554974	1772.60994764
1920.32438479	1953.01789709
1923.86006826	856.63139932
1917.05213270	1673.40758294
1926.44936709	112.63502110
1926.26535948	1450.38692810
1928.32457496	1194.30911901
1924.60119048	1487.82738095
1925.97087379	478.41747573
1921.06912442	724.96774194
1930.97872340	1505.29503546
1934.86855037	1638.76289926
1927.26765799	787.39405204
1933.71016949	1364.83220339
1925.95985401	1707.61678832
1931.79675810	1884.73815461
1927.21739130	1847.14782609
1927.81434599	1665.14767932
1934.35727440	700.93922652
1929.35570470	969.23489933
1927.02262443	1726.11764706
1927.55194805	1787.58441558
1927.31489362	1802.12340426
1930.98198198	1860.69369369
1932.21673820	238.03862661
1929.78787879	82.27878788
1931.25301205	458.80120482
1939.56071429	820.06607143
1936.98128898	843.04781705
1936.27777778	536.08024691
1937.11228070	734.49824561
1940.38546603	1210.92733017
1951.04340568	652.18030050
1941.98476190	1758.03428571
1938.93636364	1277.67727273
1946.03734440	435.28215768
1946.07276507	471.75259875
1941.84756098	1431.40243902
1940.27433628	1484.98230088
1941.56040268	1736.84563758
1942.05741627	1467.21052632
1945.94535519	1718.51912568
1943.37850467	1848.56074766
1958.15441176	286.10147059
1958.16780045	1113.67233560
1957.02109705	727.00210970
1953.81012658	1453.83122363
1950.88405797	1869.15217391
1957.18611111	1776.14166667
1955.77808219	1811.04383562
1952.75000000	1916.69318182
1953.29754601	702.36503067
1957.40722892	1901.68674699
1949.92727273	233.82727273
1954.91629956	1177.22466960
1955.92410714	1393.87946429
1970.28494624	350.14946237
1961.14438503	1256.82887701
1956.39882698	1366.96480938
1967.80163934	855.92786885
1961.47286822	1743.24961240
1962.47080292	907.10948905
1968.96888260	1297.59264498
1966.21813031	588.54674221
1976.80392157	875.87782805
1967.64055300	641.33870968
1971.93397746	1194.61996779
1964.99346405	411.69934641
1969.00854701	1879.45584046
1970.54006969	470.72473868
1977.25102881	513.76131687
1965.54744526	1617.21167883
1970.90847458	1800.74576271
1980.53450609	710.15832206
1970.77102804	498.16355140
1983.51228978	618.00776197
1969.16908213	696.14975845
1970.39185751	1327.84478372
1970.56129032	1604.04516129
1972.87593985	1821.74436090
1970.28333333	1431.48333333
1984.64637002	1281.13348946
1978.81604697	95.90998043
1974.63207547	1100.31603774
1977.57173448	1727.55888651
1981.45611511	1864.05611511
1975.10714286	1051.94642857
1978.33078880	1703.43256997
1977.97058824	893.95588235
1993.16700000	1022.72400000
1983.97192225	941.17278618
1979.05376344	1622.01433692
1981.43217666	779.10725552
1978.68421053	907.33971292
1988.50272232	492.80580762
1987.11051213	762.77358491
1979.66071429	1251.85714286
1985.28321678	438.63986014
1988.78260870	567.83695652
1986.73252280	1575.43768997
1988.65789474	1061.21770335
1991.87479132	297.78797997
1991.65125495	1319.33421400
1986.58490566	1660.62264151
1987.28571429	1801.43189369
1995.41569767	1460.87790698
1990.53230769	1522.06769231
1988.99250936	1635.46441948
1993.29841897	323.55138340
1990.00346021	1111.95501730
1992.79064039	1133.30788177
1998.62444444	1753.12000000
1998.80273438	918.96875000
2004.41699867	1811.39707835
2002.46551724	555.46551724
1992.67532468	857.27922078
2004.77968750	739.40000000
1998.09903382	809.53140097
1994.53588517	1856.11004785
1996.68925234	1707.71962617
2000.70075758	1534.65151515
2004.72312224	1068.78203240
2003.58593750	1565.57031250
2006.85844749	218.86301370
2000.80000000	441.98823529
2006.82474227	1169.33247423
2006.00000000	1777.76285714
2007.67830424	480.02743142
2007.70935961	881.22167488
2006.21951220	1637.87804878
2009.42245989	518.45454545
2007.16279070	1599.36786469
2007.01865672	1122.63805970
2009.55989583	1398.21875000
2010.92491468	365.75085324
2010.39849624	1516.65413534
2012.37799043	1269.94736842
2011.53684211	1449.95789474
2013.30049261	1419.63546798
2013.29629630	1849.53703704
2013.24264706	1286.16911765
2013.41500000	1302.91500000
2013.80645161	1348.60483871
2013.80188679	845.58490566
2015.69736842	1556.32894737
2015.70512821	1573.69230769
2015.72277228	1762.62376238
2016.31372549	1587.05882353
