34.53216374	79.14035088
37.29274611	141.55699482
31.82291667	220.61458333
31.35000000	275.81666667
35.10424710	359.61389961
35.42241379	378.09482759
41.03470716	395.68546638
45.87913341	417.86659065
36.70379747	486.39493671
37.54983923	564.73954984
31.85567010	578.76288660
32.36718750	595.96093750
36.42270531	620.37681159
35.75616438	646.21917808
31.48837209	673.79844961
43.33231397	724.18756371
31.26373626	769.43956044
33.60984848	860.58333333
38.60828625	898.12241055
31.63703704	1027.34074074
45.66113416	1043.47164592
44.11775701	1066.43177570
34.22400000	1090.83200000
41.24260355	1164.41025641
33.99365079	1289.36190476
32.98947368	1407.47368421
47.96783626	1427.19883041
44.46463742	1580.43419875
31.35042735	1613.67521368
32.96180556	1676.71875000
36.55863539	1731.43070362
45.72571429	1819.75755102
33.45185185	1872.21481481
40.19796215	1917.15283843
36.83854167	1946.95052083
40.69767442	284.53875969
39.74557522	543.25221239
44.68609023	693.95300752
47.37228715	213.55425710
47.04867257	978.19911504
44.00242718	1109.87621359
40.27000000	1777.95500000
52.14953271	666.54309450
50.63282937	878.41252700
57.29652716	581.60997329
48.07187500	927.86875000
47.97515528	1214.12577640
49.35783366	168.77949710
46.11917098	320.17098446
52.37807606	531.10961969
61.46945338	1650.97347267
50.60139860	1680.73076923
46.52760736	1787.70552147
49.66477273	834.13636364
57.39352641	303.47700170
59.63954944	857.17521902
50.52046784	1894.45614035
53.31132075	494.94654088
55.62798635	819.56655290
55.34857143	1988.60190476
59.08730159	806.32936508
61.75736041	1349.25989848
68.84928571	615.51500000
50.07207207	1732.87387387
62.61812298	1450.17799353
65.35660377	277.97924528
55.97435897	1078.47863248
56.19774011	99.89265537
61.87606838	380.29059829
70.73744856	1612.79753086
71.82087782	517.51720047
70.60423453	899.18241042
66.59923175	1189.73111396
64.36769759	394.06872852
76.79743083	464.84189723
68.43377001	925.98398836
79.16126418	742.68881686
65.30769231	163.30769231
65.42105263	1026.05263158
77.40469974	1060.40208877
76.71879287	219.90672154
81.08788282	332.93741678
68.66942149	492.92975207
77.60308057	830.25355450
82.25405405	874.57945946
81.05201699	188.53503185
71.14356436	2011.17821782
82.11820782	141.38036225
74.85355649	258.16317992
77.53790614	298.89530686
88.52650823	948.36014625
83.99519231	392.02644231
87.24810606	1110.12310606
86.50292398	713.02046784
92.26327434	288.82522124
91.90625000	1088.85000000
82.81188119	1922.62376238
93.24853801	1982.42397661
89.69518717	246.69786096
96.44262295	1775.52576112
101.68277311	122.10189076
93.60958904	176.92808219
100.01011804	540.64755481
96.44444444	1245.00322061
100.95652174	1291.13768116
107.25065274	1038.23629243
99.05413105	315.23646724
101.57116788	1388.41240876
102.54619565	1650.81793478
101.96766370	1830.53112369
100.53481013	163.44620253
101.59292035	517.63274336
99.73029046	221.14107884
105.78300181	674.09222423
101.14136126	1022.50261780
111.12926391	1317.40574506
105.91810345	1560.44181034
100.07881773	1469.10837438
119.27378543	1361.72975709
110.11636364	1674.56363636
111.66695652	714.74521739
119.62411903	1799.90916210
117.97104072	424.63800905
113.28177197	1737.64197531
120.28036176	648.80620155
108.30291971	366.52919708
119.74113475	961.86347518
114.44341801	555.18013857
116.76342282	1434.48322148
120.38434983	1580.98158803
116.92338177	1700.22589168
126.22203811	1897.26843413
120.32483221	160.11543624
112.25984252	641.78740157
124.07638889	1406.98726852
115.23214286	1241.57500000
119.10280374	2012.13551402
122.95054945	220.25457875
130.23766816	1458.71524664
133.83387271	1767.50701187
130.03846154	124.38186813
125.02717391	140.86413043
125.63468635	348.10701107
134.57268722	455.80176211
131.53890490	539.14409222
130.55364807	892.50214592
128.72794118	248.13970588
132.91914191	725.20297030
138.61925926	1331.39111111
138.04687500	811.96406250
146.18181818	408.35049288
146.68814433	2006.58376289
149.00892133	1597.13381995
148.76333789	1429.75512996
137.63247863	1993.65811966
149.56857855	1870.48628429
144.28971963	316.93457944
154.56025759	440.55657774
156.20324324	798.41513514
155.02910603	1702.40471240
153.97468354	184.58408680
152.14663462	112.52163462
151.55821918	237.10102740
150.77087379	1380.65242718
148.74611399	1673.97927461
154.92269737	1753.82401316
150.05753425	897.48767123
151.82812500	616.95625000
164.87103906	675.80471629
151.74729242	163.46570397
148.84263959	535.79187817
159.36715867	132.41697417
179.03078745	399.16281824
168.57859974	1541.92073976
156.74157303	1555.77902622
153.51526718	1451.86259542
158.13461538	1473.45604396
159.67948718	1827.09890110
178.60721344	1905.54545455
160.74798928	298.98123324
174.62583732	984.89473684
158.62569832	314.90502793
163.10551559	253.33333333
167.63718412	963.04873646
170.18759232	351.45494830
167.36750000	928.10250000
166.00501253	1286.38596491
180.78247163	1408.46784363
168.23720930	622.38372093
169.90021231	2003.29723992
166.85815603	895.63475177
165.62393162	162.25213675
171.82384824	329.98373984
168.10606061	570.51136364
172.47602131	1307.75488455
179.42935528	643.85322359
181.18673219	825.60810811
169.93442623	763.51639344
174.84824903	912.85214008
175.79927007	120.81021898
178.43076923	216.81758242
185.46969697	291.71212121
192.08727273	951.72242424
190.33217189	259.30313589
188.90517241	847.19396552
193.38128861	1703.14386584
192.15846154	1806.39076923
197.62390029	442.39076246
196.43292683	1502.96951220
188.89808917	922.31210191
185.20740741	1283.16666667
202.88507937	1669.48317460
197.49019608	162.51186791
201.46013289	1074.54401993
196.78906250	584.83886719
194.62768496	1856.21241050
198.70983213	355.33693046
206.05432288	1579.53787299
196.02597403	485.43290043
207.61524334	1468.18640955
197.73204420	90.06077348
206.38922156	623.29700599
212.90187891	1039.00417537
205.37339557	1631.44807468
203.76623377	1837.81493506
227.05516760	340.99581006
217.99327505	1436.60524546
206.37899543	497.84018265
213.40636475	49.45899633
206.57487923	931.52173913
226.70821727	916.73119777
220.11138015	516.60895884
211.02431611	974.46200608
220.40100251	472.40852130
211.61185984	1926.13477089
213.78703704	546.71604938
210.21428571	1053.88095238
226.14018692	376.33333333
216.32628399	564.17220544
225.43981117	1819.51534225
221.69963100	1884.12915129
212.15760870	223.48369565
214.02836879	246.51773050
230.84634603	409.85821362
228.49169675	1521.97978339
223.63130435	75.22608696
219.25545852	864.47816594
233.70161290	960.81451613
226.52297940	590.72107765
223.22981366	315.90372671
239.97209604	1932.85009734
236.27363184	1555.04278607
232.12740385	38.90384615
248.20715281	1993.99953553
226.97540984	213.16393443
230.76875000	539.85000000
236.95594714	1283.46916300
233.20469799	557.15100671
241.25000000	850.62643678
243.63059701	1019.81094527
240.17059891	123.86569873
242.46036161	810.20445063
240.56352765	1656.92825112
241.26370757	870.52480418
247.94751773	1590.93971631
245.25917431	449.35779817
235.60689655	525.12413793
243.60377358	1077.28679245
239.73869347	1103.04522613
256.75583756	574.16852792
254.26551724	1066.52931034
244.27737226	158.78345499
257.18581907	35.35696822
247.26944972	184.53130930
243.12562814	255.45226131
242.61586639	471.51565762
250.99531616	1092.40983607
257.90588235	1875.26732026
250.95652174	107.98478261
259.61995516	434.29932735
246.47975709	81.56477733
245.25301205	267.59036145
244.30384615	1627.78076923
250.24927536	718.22173913
250.92857143	536.50274725
249.24152542	206.29237288
252.87979540	1398.06649616
264.70440252	1796.33692722
256.65274151	145.16449086
261.62306778	884.71343639
264.94227994	1300.32467532
256.69772257	242.48447205
259.55357143	1628.70833333
261.53554502	58.50710900
264.23059618	1269.18560180
257.06590909	1826.31818182
265.27200000	1024.93066667
262.79370629	515.17832168
271.53177258	479.85395764
265.98905109	502.72627737
273.63681241	1540.42595205
261.02487562	282.98507463
263.32692308	804.81318681
264.83024691	1656.06481481
261.70000000	200.70714286
268.48603352	1047.29422719
276.02347418	1436.76917058
274.19755601	84.21384929
270.72442589	163.14405010
275.65853659	1499.90022173
265.79200000	179.66400000
278.56444026	1845.57949200
267.64668770	734.92113565
273.41924399	645.28178694
278.87698413	1932.46190476
270.96808511	275.57446809
282.05863708	623.48969889
279.88492063	1082.16269841
277.17559524	218.89880952
277.11733333	1581.41866667
283.60305344	136.68129771
278.98578199	1623.91232227
281.51626898	250.83080260
277.07079646	267.67256637
292.76813075	546.41062308
283.09578544	1031.55555556
278.56209150	1284.25490196
280.27947598	53.16157205
286.60064935	332.39935065
288.26086957	1097.59937888
285.90209790	504.85314685
288.31438127	1265.51839465
306.28263337	1608.79171396
301.51717172	1779.39494949
300.42625899	762.12410072
288.30392157	1018.85294118
294.59512195	271.68292683
293.83902439	1046.76341463
298.13101604	1233.41577540
290.00000000	318.59803922
303.72845953	526.54830287
301.64954683	650.12789527
290.70422535	1282.16197183
299.67272727	195.43116883
299.45671642	1505.40597015
297.37209302	1883.31663685
292.67241379	339.65517241
306.06630824	678.84946237
300.94117647	52.18670077
316.83153771	1756.78060725
302.16666667	176.94444444
301.76978417	422.37410072
308.74394464	1810.16955017
309.00332779	1032.11813644
303.84810127	246.67510549
310.27752809	1267.52022472
315.73609130	1850.01925820
307.53378378	262.08783784
317.98090278	574.06597222
314.55309735	1207.86946903
313.82583622	1396.64013841
314.72762148	111.93094629
305.00280899	320.49157303
315.65613609	624.93803159
315.64474886	1968.11598174
314.21705426	2011.36175711
315.75368139	219.47523427
311.59943978	159.24089636
313.61611374	33.69668246
313.12367491	1066.38869258
317.53471295	1912.56742323
325.65136549	1442.32423010
317.81363636	1517.19393939
321.97684773	1556.40516474
320.51635514	1078.37149533
317.48854962	174.34351145
322.79318735	49.43795620
325.00533808	1492.05516014
325.84592593	321.72148148
331.12903226	551.51612903
331.94815825	1992.08321965
332.86451613	68.27741935
339.68173077	600.59423077
328.24468085	987.75000000
328.13623188	950.66376812
335.17647059	1022.58524427
331.58045977	85.34482759
332.45368171	204.55581948
336.47687861	765.18400771
331.92000000	1878.56307692
331.57790368	156.22662890
343.72575517	1949.75357711
338.52303523	1817.77416441
341.13674197	1407.04637337
332.67412141	1722.66453674
340.72943327	39.89579525
342.76442308	718.86618590
344.26797386	244.24836601
340.55180180	821.09684685
340.06358382	1904.93641618
343.54229607	133.38217523
348.22524752	1482.56064356
337.41717791	643.93251534
350.23276723	1859.39760240
352.29421769	2008.63435374
350.54068716	103.97468354
355.39279588	231.04288165
356.10649087	1289.50304260
354.09911055	988.80686150
346.56626506	1718.21686747
356.27893738	156.25426945
349.45070423	1310.50000000
346.69503546	650.02836879
361.54328733	929.31242158
359.86492147	1203.62094241
353.76106195	187.16519174
350.29452055	1698.43150685
356.53982301	510.24483776
363.13409962	1894.11685824
368.03750000	639.44852941
357.92218543	1647.71192053
358.27555556	67.49777778
356.66666667	1014.16666667
367.03028065	782.62555391
359.27217125	1179.36085627
371.17302799	1513.01081425
368.62824207	1257.99615754
360.05573770	1714.45901639
366.54175153	530.44602851
361.43504532	46.44410876
362.16014235	1075.49822064
376.15785256	1918.79487179
370.11821472	1689.98190591
369.00730816	728.96833130
365.62587413	974.50699301
366.00699301	1367.13286713
375.24916944	177.32447398
367.40863787	447.25913621
379.85344828	865.93903941
376.90235690	1029.28619529
367.52218430	464.90443686
368.05714286	686.76571429
381.06618407	829.81799380
365.68449198	1090.64171123
380.70408825	1755.71317326
373.72537313	37.01492537
371.71482890	953.56653992
381.99308300	1417.12351779
379.38848921	107.97122302
374.89389920	510.42440318
379.60519481	1390.37922078
384.69634340	1166.91573927
379.66066838	1787.47814910
400.05313433	2004.72656716
377.09545455	71.87272727
380.72571429	148.40571429
382.17438692	248.28610354
376.46666667	1639.27407407
375.51937984	1650.66666667
393.77051282	904.78397436
392.30846605	1073.65465214
378.72571429	1097.61714286
385.17282479	1208.12514899
383.31686047	224.73837209
381.72302158	1834.55395683
382.79310345	695.02507837
384.48876404	1017.23595506
385.27931770	346.32409382
393.05410448	1804.00932836
390.41414141	657.33737374
388.33725490	459.63137255
395.23355263	1145.77302632
398.20532915	672.89341693
401.35808581	771.04455446
389.96992481	33.44360902
393.00282486	518.57062147
405.69249201	982.99440895
407.81561462	937.57142857
392.87383178	77.21495327
397.58188153	164.45644599
409.47135135	1784.56216216
398.58133333	141.53600000
412.63202417	1249.15951662
401.98637138	1571.82282794
412.35242839	1476.00124533
408.53533835	1290.85263158
404.87169043	1517.48268839
407.87193974	103.69491525
413.94685466	707.36984816
410.57906459	1102.97216036
401.72123894	342.04867257
407.23493976	1218.19879518
414.61940299	83.55721393
410.39436620	1923.43309859
406.67441860	1654.44186047
419.56619145	67.68228106
423.36982017	1165.95074277
414.69665272	148.58577406
414.87349398	228.65361446
419.01321928	1711.41290824
420.56803797	1201.09018987
420.25394046	1507.06479860
413.77030162	1853.54292343
419.65576923	44.14615385
415.77669903	190.88834951
415.16600791	684.04743083
419.91588785	1606.48971963
417.43490305	1824.62049861
417.94350282	1350.22316384
424.90546218	758.80252101
428.32709581	1065.73952096
424.00539084	1588.14555256
429.22893954	1901.72646184
430.58008658	1660.17748918
431.69595537	267.49511855
428.58121019	1282.66878981
442.09487535	890.63642659
435.19120459	966.08317400
431.44149766	1380.37909516
433.43402778	203.13541667
429.92592593	1223.97736626
429.96394231	100.00480769
439.57444169	851.86228288
439.61257862	226.49433962
425.44512195	1107.23780488
427.25609756	1802.78048780
435.44264943	1834.85298869
436.94553707	147.27231467
435.09774436	1856.82957393
435.71673004	693.82509506
435.11306533	1571.63819095
433.90078329	1936.39947781
445.33802817	748.92756539
436.71084337	823.32530120
439.42818428	1809.20596206
447.92792793	32.72522523
439.76595745	44.02431611
441.39376771	1876.18130312
440.39655172	1728.98965517
451.39943343	837.08215297
442.08333333	921.97023810
457.16058394	1137.75182482
451.22393162	1694.34700855
452.08610568	1998.77592955
452.58690476	1185.69880952
450.24413146	1275.62597809
450.19543974	1551.27850163
465.29872495	168.56102004
451.47289157	712.71686747
451.45151515	989.15151515
447.54511278	1238.16165414
445.70370370	134.03703704
459.07001795	1252.65709156
462.70581778	1008.34357849
462.64751773	1662.98581560
465.92180313	1719.75344986
451.03813559	1054.31355932
458.34689507	1528.38329764
462.48449612	822.82041344
476.19985359	1168.80014641
468.13903346	1305.25353160
463.79661017	1421.50726392
474.01475076	1759.96490336
455.38028169	1091.85915493
454.79741379	1619.06896552
460.71567044	786.09854604
458.87900356	134.31316726
462.16908213	740.30917874
466.88921713	1226.21418021
464.14641745	1980.05295950
467.11445783	1959.67771084
464.80677966	977.50508475
471.66188198	1079.04944179
468.42463235	87.21323529
466.82712766	358.71010638
464.82307692	1544.94615385
476.08203991	1373.62527716
478.49140546	867.62487361
472.48660714	1406.62946429
474.27241379	66.59310345
478.90131579	187.72697368
477.85714286	474.78397213
485.80027739	973.86130374
478.86774942	782.10904872
489.72112462	813.95136778
481.39843750	1556.07812500
484.38164251	356.28019324
480.94392523	1244.88785047
495.41436464	261.08839779
492.56532357	326.27594628
490.35873016	489.51746032
484.98795181	1963.34939759
491.74127310	102.01642710
506.67465753	1148.21660959
483.76470588	1232.82352941
488.44117647	1492.76862745
491.43589744	1541.54358974
486.21739130	1724.52173913
507.39265713	916.46048538
501.43203883	510.02750809
500.81137725	1472.06886228
498.63496144	432.29562982
497.43518519	538.12654321
507.63716814	1886.78982301
505.07658321	394.64801178
499.42212190	1055.76749436
497.18897638	1556.97637795
500.85849057	121.44025157
505.25555556	857.60370370
516.18205128	1816.20384615
503.75955056	57.55955056
505.96916300	1858.12628488
506.94635193	148.98712446
506.16990291	199.67475728
508.24315068	1438.49315068
515.54390452	1106.89087809
507.33771930	1488.60526316
512.88571429	978.67032967
510.39230769	1010.16923077
514.01366120	1046.88251366
515.27514793	475.62130178
512.80927835	1372.59020619
516.36912752	1544.45302013
519.18104777	1952.30046225
514.96540881	531.28301887
512.83750000	1419.15416667
514.12121212	1564.36363636
524.39048673	1078.54756637
522.74960128	134.19776715
531.41771488	1993.49056604
519.58372093	887.34186047
528.97720798	1767.56011396
518.33333333	31.55208333
518.46153846	221.01538462
525.82989691	68.02319588
523.02214022	424.26937269
526.76496674	248.03104213
519.19047619	55.95238095
525.21088435	406.12018141
524.65100671	1854.26174497
527.33032491	360.38267148
526.56211180	337.09937888
522.40880503	1345.16352201
521.86238532	1444.71559633
523.88953488	594.57558140
532.89557321	1316.24177072
532.51315789	1519.58187135
535.51785714	81.20918367
534.61818182	605.04090909
532.92967033	1358.23516484
529.48708487	1426.81180812
540.41731066	949.34621329
541.13414634	1453.05640244
539.50305499	637.06313646
537.02192982	1936.01315789
539.70921986	174.72104019
543.84683882	1040.51736420
538.42642643	587.36636637
540.22745098	1418.93725490
540.37739130	481.90434783
540.60299625	54.47940075
543.51339286	151.63392857
547.81362725	326.93787575
548.94297082	1553.71883289
540.35602094	1249.49214660
545.60563380	31.69718310
544.61279461	927.96296296
551.70714985	1865.28305583
546.24600639	95.13738019
544.91856678	350.95439739
545.65497076	1119.95321637
548.49305556	1205.76157407
544.88500000	619.70500000
547.54855643	257.39895013
550.70501475	1504.45132743
545.38562092	372.57516340
550.16279070	454.13953488
547.48846154	1364.65769231
548.30620155	1697.12015504
558.16397849	1742.82661290
555.11608392	302.10909091
548.61846154	1396.86769231
554.75149701	138.01497006
553.68965517	549.65517241
550.12389381	1440.93805310
557.55389222	388.02095808
558.78084715	427.94843462
556.43448276	635.53448276
553.87392550	1271.53295129
554.78712871	1380.95544554
570.25932350	1342.00607112
564.78412132	1776.71454059
562.83063063	231.46126126
563.22507553	1107.50906344
570.04210526	1144.84342105
555.46284501	1235.35244161
566.21841155	1712.60559567
558.31851852	168.41481481
563.66104869	528.90823970
568.89870836	1074.03127124
554.85964912	477.29239766
569.61094527	1433.38805970
559.19841270	362.99206349
560.82342007	996.69702602
558.24545455	1517.41818182
557.71951220	344.81707317
572.10266458	1911.93652038
558.97058824	934.04901961
567.32366071	948.18973214
567.48044693	2005.93435754
566.32411674	96.18279570
570.12522046	198.39329806
567.60655738	572.40163934
570.32972136	259.72136223
571.97690763	1029.80923695
563.97265625	1367.49218750
568.46164978	1401.17076700
577.56864338	1838.96019496
562.25000000	1448.16666667
562.79807692	1470.96153846
574.79574468	1481.89219858
575.54310345	1943.32758621
577.75897436	182.13333333
569.04385965	334.67251462
567.96484375	1219.62890625
580.70762053	488.39502333
567.99275362	622.30434783
573.76311844	688.44377811
573.95397490	1809.92747559
573.13973799	35.45414847
572.54545455	451.40000000
576.61596958	1266.19581749
565.17910448	1262.65671642
574.67494357	659.84650113
573.24390244	1313.69268293
576.29129129	55.41441441
586.42034806	382.16867470
575.16149068	473.93788820
592.17170418	987.38263666
574.28205128	1238.05448718
574.61256545	1286.19895288
577.35185185	1547.33564815
574.64573991	74.73094170
574.29946524	1300.29946524
585.70146520	753.83150183
582.89526185	1382.51870324
586.89269406	618.84703196
581.53383459	353.92481203
582.21824104	401.87296417
586.99572650	676.73076923
584.58974359	1177.28525641
580.75392670	1364.70157068
585.55955056	1690.42471910
585.09549072	537.20424403
583.72279793	953.34455959
591.86666667	1565.67272727
584.42198582	229.26950355
590.27649770	1525.72043011
585.76013514	1724.15878378
586.39086294	773.57360406
589.94652406	1251.77005348
588.82532051	1993.85256410
597.58375000	1740.43375000
588.74418605	460.66279070
587.03448276	32.33333333
595.73921971	75.78028747
599.15486726	1239.87389381
589.89005236	1294.87958115
590.43612335	1326.45814978
604.09601182	606.74593796
587.71794872	1309.98717949
612.97342995	1064.51980676
601.07196970	1473.76704545
604.88825215	1272.21060172
608.82222222	61.13148148
599.26277372	1096.10218978
596.06698565	1362.63157895
607.47810545	1773.53440572
597.09604520	223.16949153
602.46585366	411.13170732
602.79661017	665.81073446
609.96740548	1860.85788787
612.28468900	2012.90909091
602.61861862	155.55255255
603.52567976	429.33534743
604.52164948	534.10721649
611.75227503	1177.47522750
604.21832884	38.10512129
607.49433962	239.21698113
609.96184420	713.90461049
606.44642857	1310.95039683
605.53740157	1130.97637795
613.56828194	1890.94823789
611.02671756	288.75954198
605.10526316	552.56842105
606.19900498	685.01990050
602.93181818	772.18750000
603.14932127	1517.09954751
602.65648855	1998.60305344
605.16551724	1418.08275862
607.74731183	466.61827957
603.24137931	1985.00574713
618.93619247	1836.81171548
618.29194631	194.36241611
613.83054893	879.46539379
604.99107143	1329.14285714
611.40926641	566.15830116
615.22772277	1114.08514851
613.16990291	1006.00485437
620.28865979	1807.02474227
615.93831776	841.31962617
617.01278772	863.73145780
615.94000000	1564.48000000
614.77094972	1930.41061453
617.86217949	504.04487179
612.85446009	1729.75586854
618.52688172	1911.21863799
616.13333333	753.09743590
616.09148265	1524.53312303
619.65917603	93.49812734
618.26130653	214.74371859
618.97925311	1624.85892116
627.92206077	773.29854690
625.64324324	668.14324324
622.20238095	45.16269841
623.99259259	1029.58518519
623.37325905	1645.42896936
625.21630094	546.46708464
621.95294118	815.64313725
631.62842893	1329.21945137
621.66463415	1738.93902439
633.73779385	179.64737794
627.90931990	995.47355164
633.06191370	1310.32457786
629.13432836	1668.21791045
628.11347518	561.87234043
628.69069069	586.18918919
631.81122449	746.95918367
627.98326360	1141.91631799
635.12752525	1444.33712121
633.03961585	1590.47539016
629.22777778	610.42500000
635.22594142	307.56485356
631.00970874	627.54368932
634.13283208	1121.45614035
635.21084337	1685.68373494
631.89711934	1348.86419753
633.25752508	147.67892977
630.21505376	1523.92473118
640.03076923	522.90000000
637.80108992	1544.58310627
634.55743243	1621.05067568
639.08029197	34.80291971
634.56140351	216.27719298
633.82236842	1178.80592105
637.22360248	97.64906832
641.76551724	52.36781609
646.14741036	639.92031873
647.85402844	699.25781991
643.14375000	1642.06666667
647.83029613	1881.82801822
648.89368771	809.97009967
639.52247191	1050.68539326
641.59745763	1085.64830508
646.73666093	459.94664372
641.32960894	565.15083799
645.04358354	1832.84745763
649.50063857	835.40868455
648.16062176	136.16062176
642.30270270	1136.24324324
643.44444444	1510.91666667
655.31659056	1663.40791476
646.39420290	584.16521739
650.54705882	154.02941176
651.19474836	1529.68927790
652.73421439	1812.07635830
648.29133858	775.37795276
647.06666667	1062.76666667
654.67699115	1273.06637168
652.43478261	1720.84472050
651.44394619	1333.43049327
650.29439252	1593.32710280
659.87606318	218.40826245
659.80386740	1307.34116022
658.05494505	1736.56410256
657.98165138	739.09480122
661.96577017	758.06112469
656.02702703	1578.04054054
667.28512397	274.90358127
666.19722650	1350.23882897
663.21171171	1455.73423423
660.66169154	179.26368159
669.37585734	1987.17558299
672.92871901	47.94111570
668.92307692	655.23700624
661.90000000	1697.39615385
658.33793103	851.22068966
663.66486486	1710.98918919
668.94808743	866.27049180
681.16150740	169.61238223
674.26778243	123.60041841
673.85000000	995.22368421
675.97659574	849.19361702
670.94176707	1814.88755020
668.40000000	1875.34871795
668.04046243	1272.53179191
673.30195382	1523.18117229
672.29155313	1755.97820163
677.07894737	501.50000000
673.01851852	696.48765432
675.76213592	1009.83980583
677.27272727	1479.72136954
674.59369818	1228.30182421
682.80243161	1423.99797366
687.14442013	321.30634573
678.98834499	1656.16550117
677.85520362	1674.00000000
676.96441281	1688.36298932
682.88550984	750.23255814
683.22832981	1264.12473573
684.96388889	519.24444444
681.09795918	1203.42448980
692.41952507	351.13720317
683.18766756	802.40214477
681.77377049	1177.55737705
685.04967603	780.23326134
684.32027650	1706.92165899
680.67741935	1771.78494624
679.29565217	764.82608696
693.94711538	1360.25673077
683.00892857	1048.46130952
685.19095477	1064.20603015
691.29032258	1552.71137521
685.14371257	1726.11976048
681.90217391	1817.82065217
690.88823529	1299.12352941
687.35154394	1859.78147268
687.77809798	144.06916427
690.36377953	418.90708661
688.79943101	1605.47368421
690.73184358	689.72811918
690.55717256	1746.51767152
686.80269058	1833.46636771
688.90104167	732.43750000
695.33442623	976.04262295
692.48881239	935.12736661
690.76489028	1518.31974922
696.25310174	1643.04714640
693.64285714	1805.47186147
694.21616541	1004.90413534
693.14965986	1682.86394558
700.16923077	638.25274725
697.07200000	660.18800000
696.91714286	865.12857143
706.80577849	712.75280899
698.26760563	742.53990610
699.31155779	882.18090452
698.77108434	1190.00000000
697.49642857	1472.05714286
701.19545455	894.89545455
700.19354839	1313.89516129
703.66279070	1582.94186047
704.23989899	1662.93181818
699.61290323	1838.05017921
702.63894523	1701.14401623
703.13202247	122.22191011
705.67500000	204.03750000
700.52873563	816.35057471
705.72289157	259.84538153
706.08577406	1259.96234310
706.19883041	774.40935673
707.31136364	1152.20000000
710.90380313	80.53020134
715.21614583	1176.66796875
711.65281174	514.70415648
714.69142857	1210.29142857
705.00890208	1427.64094955
711.40217391	1529.28260870
705.35251799	1721.20143885
709.11805556	1812.51851852
711.55242967	338.56010230
707.45985401	826.18248175
710.98178138	1738.90890688
706.16042781	237.89304813
712.63758389	1402.61521253
716.22940226	2008.57512116
708.42796610	412.95762712
713.56500803	1115.31942215
710.78390805	1236.64597701
708.28455285	1599.25203252
709.73129252	1616.15646259
716.80108499	843.20795660
708.76603774	939.87924528
709.68867925	1045.24056604
715.32111693	1784.93542757
717.45333333	1060.77066667
718.79559748	677.55345912
715.49689441	1368.06211180
725.19097889	1695.29846449
721.77338877	1760.58004158
718.01219512	661.22560976
728.50454087	812.70736630
721.94799054	1428.54373522
731.10115237	1977.25416133
725.61314791	1650.63337547
722.75925926	240.66481481
721.06639004	1577.87966805
717.55932203	1722.94915254
721.48292683	1606.06341463
735.62624822	223.77746077
733.70344828	120.13620690
727.76595745	202.32712766
723.98400000	1147.67600000
731.83741259	740.86188811
733.72260274	58.56506849
726.42771084	1100.09036145
739.10905893	1936.83992964
734.23152709	161.30541872
730.66666667	37.36612022
731.13317191	517.73849879
730.11235955	1507.41011236
732.78486056	607.15936255
733.00000000	1524.15673981
736.48063128	404.14490674
743.25628141	619.77889447
739.16061185	769.72084130
739.13296903	877.39890710
733.94814815	1286.64444444
731.62758621	661.80689655
740.34899329	1072.57885906
734.32746479	1466.52464789
744.60926485	324.44410876
740.78199052	715.65402844
736.26223776	1116.40559441
742.85123967	1725.86776860
737.09395973	262.21812081
733.44354839	675.25000000
740.29797980	1041.23737374
734.07547170	1780.17924528
738.15720524	787.97816594
737.51612903	1560.56129032
742.14598540	33.16788321
737.30409357	544.13450292
737.93788820	1416.36645963
747.37050360	2006.49640288
747.00680272	142.42857143
744.49447514	944.30939227
740.98996656	1704.70234114
749.20550459	483.70091743
747.97979798	964.01010101
745.70866142	1748.69685039
752.06437126	690.57185629
755.04009721	285.31834751
744.92405063	669.35443038
749.20740741	98.23703704
749.47580645	1544.90322581
746.71875000	514.26562500
756.01844262	598.91188525
754.36446469	641.79271071
756.23121387	53.80154143
749.60714286	551.33163265
749.72395833	910.14062500
755.08170515	1468.24333925
748.11057692	1683.37019231
751.76129032	1777.70645161
755.55112219	170.88528678
759.53287671	753.50273973
754.41214058	212.67731629
751.50261780	1561.42408377
757.65171504	1705.13720317
754.44927536	1740.50724638
760.62637363	924.19505495
762.70742358	229.41921397
758.84931507	778.96575342
758.00000000	839.00909091
763.50383142	877.96934866
758.61038961	1949.32467532
759.36697248	1062.91743119
765.55393586	1500.97667638
766.64942529	1980.75431034
766.72340426	522.02978723
766.86896552	585.74252874
761.77777778	1685.79710145
760.50537634	940.54838710
766.84959350	734.58536585
768.02733485	798.03189066
766.88552916	99.14686825
764.50746269	258.71641791
762.88953488	1744.20930233
764.46785714	1549.30714286
770.48370927	1766.29072682
769.86376022	155.63487738
769.49006623	483.35927152
771.46420824	557.73535792
767.56632653	681.20918367
773.37183099	1482.74366197
775.53986333	625.74943052
777.63731932	844.99342970
786.04460967	1935.76059480
776.11000000	212.83666667
775.47526882	279.67741935
777.97382199	706.41884817
776.32762313	1726.74518201
785.60416667	319.31805556
785.80379747	1965.90379747
779.70163170	47.36829837
782.63394343	175.32279534
784.25757576	694.49242424
778.33126935	1561.13312693
784.63473054	238.35928144
785.08371041	784.24886878
777.57407407	1545.83333333
783.49726776	459.06557377
791.31005917	576.40355030
781.68776371	668.19409283
780.79527559	504.09448819
788.33732535	740.59680639
789.75352113	681.41901408
797.11704312	1149.94318960
787.66282421	1778.99423631
786.86170213	482.20478723
788.30400000	804.20400000
791.63221884	1478.24620061
789.43500000	1617.95333333
794.18114144	619.65756824
797.31863727	396.64929860
789.31981982	828.38288288
798.75089928	1685.31205036
792.83975659	417.13184584
794.40196078	446.50245098
798.70194004	128.83774250
792.23569024	654.02356902
802.10622155	1712.18664643
795.90476190	293.69904762
790.88000000	510.49000000
792.06481481	841.83333333
791.59808612	1734.13875598
791.84000000	501.24000000
799.19026549	367.57227139
797.58419244	768.72164948
803.69781312	42.31013917
798.03396226	721.58490566
805.80792079	1908.41584158
802.34153005	220.74043716
804.85796545	1631.16122841
803.60777385	166.49823322
802.73130841	262.10747664
800.30120482	1226.65662651
807.53371593	1192.88952654
814.75650118	1239.28250591
812.86426117	63.02061856
803.60485651	477.60044150
804.94238683	635.80246914
813.33112583	1080.39155629
804.97680412	847.41752577
810.65540541	1114.42342342
810.30379747	554.89620253
812.67404427	782.00201207
807.78078078	809.17717718
809.85526316	1215.64473684
808.44637681	748.34492754
816.43736264	1885.22857143
812.48016701	100.00835073
812.81399632	515.20810313
815.60828625	1794.66854991
815.56451613	208.48387097
811.19354839	429.69585253
811.44864865	412.03243243
817.27500000	490.13333333
817.31798246	675.12500000
817.42928040	288.73200993
826.69983278	1300.54347826
811.23157895	1936.06315789
821.17777778	461.89111111
819.28225806	325.48790323
818.96721311	1834.14207650
825.41794872	542.75641026
830.37394958	312.34243697
828.21164773	1955.75852273
829.72596154	2011.65865385
826.75922330	601.40388350
833.30016313	1275.84176183
821.61486486	1930.75675676
826.56551724	421.57241379
831.50000000	807.24046921
835.54061896	1050.74951644
825.77946768	1103.22053232
831.83098592	1568.86299616
832.18581907	407.28361858
835.16877637	623.90436006
829.42307692	95.57692308
838.29281768	233.40147330
833.37037037	388.20634921
854.22335766	404.93430657
830.05454545	513.63636364
833.53874539	579.09963100
838.52461800	1540.60101868
832.92946058	1796.26556017
835.78995434	120.19634703
842.55102041	160.99319728
839.58020990	445.53073463
845.28895184	1018.84277620
848.21219319	1339.61203484
843.22044088	1630.23914496
848.03916449	370.16318538
847.51264591	1107.69844358
832.10559006	1829.54037267
839.58823529	1510.28373702
850.59057437	1249.64801178
848.35699153	1588.33580508
846.44103072	1910.21902874
839.71146245	1168.88537549
841.06021505	1867.51827957
848.22303473	255.96343693
845.30727763	333.76010782
843.34297521	188.50413223
844.73816156	651.73259053
852.58865815	1191.02316294
846.44117647	1822.61764706
846.07264957	107.64529915
852.49681529	591.73407643
848.05136986	305.34246575
854.32097458	1138.75635593
850.99378882	171.54658385
860.68587896	284.33717579
849.84000000	320.45600000
863.49777448	1862.72255193
855.34627832	639.39158576
859.29729730	268.82162162
864.94539249	2010.72013652
858.68634686	123.41328413
867.58178752	386.84485666
860.84710018	1307.61511424
858.12367491	438.94699647
860.07579462	1035.95110024
861.16666667	1066.32882883
869.88836105	1288.76128266
877.44028269	1534.60636042
870.36022727	876.07840909
869.13682432	100.95270270
863.82035928	317.94011976
866.57098765	236.52469136
875.00931677	842.69875776
870.63375796	1553.17834395
871.35656402	1829.32739060
869.91568627	349.42549020
869.82961783	502.07484076
867.89020772	786.55489614
871.55467197	303.68787276
865.95121951	565.94512195
868.04663212	577.09844560
869.30517241	1502.19482759
870.59788360	195.89947090
867.45531915	479.29787234
870.93310463	533.53859348
874.58297872	1957.68851064
869.82231405	329.44628099
874.06445312	764.94726562
875.59106145	1370.16648045
874.63727679	1916.84486607
872.83796296	1201.12037037
883.99442897	1015.82636955
872.15606936	1048.72832370
872.96601942	1105.28155340
880.22976501	226.31331593
877.63315217	267.76630435
881.69253731	1403.26119403
880.25314465	1246.46383648
895.72991453	1319.66923077
882.52191235	1177.26427623
885.04136253	473.96350365
886.05676856	491.79912664
883.53090909	1851.98181818
884.13157895	160.32456140
885.70358306	1071.22964169
891.80989583	1114.38151042
899.53834916	1277.35135135
886.15486726	1595.74557522
891.94390244	389.65121951
900.04595405	1349.10389610
888.03468208	759.16763006
894.46004320	118.80777538
892.72126437	549.59770115
893.89910979	57.99406528
894.91349481	406.93079585
894.07859079	514.21409214
891.37914692	854.59715640
912.58090379	1235.79737609
899.77583697	1843.36681223
911.11878453	1384.19751381
902.67632850	1944.38888889
902.33513514	1995.47351351
911.44368014	1158.95958727
908.83673469	1561.67474490
911.80848963	1923.45607108
902.58949416	1964.72957198
909.32093933	44.00000000
905.91145038	774.58931298
904.42377261	156.38242894
901.58208955	1044.42786070
905.60493827	1593.56481481
900.90395480	1180.23163842
914.76201373	1203.68726163
903.24686192	136.20083682
901.33333333	347.29166667
905.05813953	198.15348837
900.99476440	847.50785340
914.77546983	1892.18001978
909.40750000	506.14750000
911.46530612	897.06734694
903.35546875	1070.14453125
904.75483871	537.18064516
912.27982646	459.50325380
922.62794349	1083.20408163
920.64265928	841.74376731
919.84554974	481.39136126
916.92816635	732.52741021
923.98255814	1664.83720930
921.28785047	356.86168224
916.30703625	1641.52878465
916.73134328	31.53731343
919.55027933	377.73184358
919.36163522	1060.84591195
926.89398023	1424.80772686
917.76086957	2004.06521739
921.24363636	140.45818182
919.67832168	75.98951049
925.34935305	1855.41404806
932.09722222	1310.92515432
926.39473684	869.72697368
934.87950139	1278.78116343
920.27619048	1959.66666667
929.34018692	1980.27289720
944.39487633	714.85689046
942.70976492	1498.23236890
937.29752066	403.72066116
928.23529412	420.56302521
928.38532110	895.62385321
942.80189424	1464.86029992
942.31134352	438.17699115
936.60780985	1928.92020374
938.07951807	246.54216867
938.26217228	70.66479401
933.96261682	1637.41121495
940.46242775	153.65317919
944.14645309	1061.11212815
948.34065934	1095.75091575
946.71026490	1139.11258278
956.32876712	1347.77917808
946.00251889	504.27329975
955.52211435	145.74110032
950.26756757	314.03918919
938.38400000	832.62400000
946.16733068	1107.22310757
944.79166667	1266.80303030
945.64906832	340.25155280
947.94472362	482.15075377
948.45588235	113.40196078
945.10280374	1435.09345794
957.68576710	355.05545287
968.97714286	54.03771429
950.33132530	221.85542169
951.16778523	260.57718121
961.55008489	194.67402377
960.30650155	1378.63467492
958.96821516	1394.92176039
957.53529412	742.80588235
960.24358974	280.31282051
985.34377510	76.36947791
973.04409857	1189.77691310
967.96482412	891.39698492
965.71626298	1170.93771626
964.91596639	418.84033613
964.47094801	1071.50764526
968.91624365	909.90609137
972.52835052	1104.01804124
969.19325153	115.58895706
971.51823708	390.13981763
974.26101695	1086.70847458
980.87896825	1207.22222222
982.05026930	288.22800718
989.63927428	227.53361793
978.27893738	326.00569260
974.03921569	1130.57254902
982.61785714	874.83214286
977.80515759	255.67048711
984.65916955	413.93771626
984.71971496	715.10451306
991.74906925	1387.53090097
982.37826087	130.11739130
982.90965732	192.39252336
991.60956790	1169.19290123
988.27352941	112.71176471
986.76538462	898.10769231
999.21153846	252.03708791
986.23478261	668.38260870
984.46728972	1122.65420561
989.25742574	1079.58910891
988.72272727	1138.44545455
993.31864407	1241.83050847
988.61250000	383.32500000
1000.51296044	1439.74761255
1002.10726073	906.19801980
990.43956044	1108.57142857
994.94924812	1352.79699248
994.32374101	154.47482014
999.50446429	1254.16071429
992.90547264	1852.11940299
997.42580645	32.52903226
996.50746269	395.02985075
999.72625698	1094.23184358
995.43654822	1817.70050761
1004.88505747	1863.55172414
1002.30120482	1881.73975904
1004.34317343	1115.66789668
1004.41561713	1837.27455919
1004.56682028	1134.84562212
1011.34008097	924.75168691
1010.27982327	119.88659794
1008.93489583	272.56510417
1029.23097113	883.11496063
1004.78775510	1905.70612245
1003.60824742	717.16151203
1007.32926829	1186.77743902
1006.87654321	1801.66049383
1025.73774834	176.72317881
1010.52311436	811.73722628
1025.84836852	1339.08637236
1019.64667536	1500.25684485
1011.08955224	384.90746269
1010.27343750	1239.36328125
1011.68534483	170.08189655
1011.73364486	1818.19859813
1027.38697879	1283.17629846
1016.09885057	1306.37241379
1013.84000000	1664.07555556
1018.54453441	1897.62753036
1014.05633803	211.38028169
1017.33207547	838.90188679
1021.39795918	1171.02653061
1018.89583333	1382.66666667
1017.59624413	1846.10328638
1022.14041096	944.54794521
1028.14840989	1929.83392226
1022.95614035	716.96491228
1024.59600000	1135.55800000
1021.92691030	1798.74750831
1031.91710758	1082.69312169
1032.97941176	458.51568627
1031.11792453	828.54481132
1036.98517603	1424.39901174
1023.28571429	1917.53061224
1029.70758123	206.23646209
1025.66875000	779.46875000
1034.42958460	986.68895643
1029.52621359	1646.49320388
1028.26608187	1951.66081871
1034.71621622	260.50000000
1030.79069767	850.47383721
1028.63414634	239.78048780
1029.91029024	806.41952507
1035.04794521	1321.20547945
1025.95555556	1886.04444444
1033.52528090	1118.37359551
1048.36650485	392.20266990
1043.49873418	530.54430380
1043.30250000	938.95875000
1036.51006711	61.49664430
1037.86582809	913.69392034
1040.08103448	1376.12586207
1035.79211470	1787.68100358
1049.50868486	295.10173697
1043.65411765	793.68941176
1035.64377682	1891.48927039
1039.80738786	721.67282322
1038.03720930	1162.41395349
1041.98130841	1820.51401869
1046.31659389	776.23144105
1051.84905660	858.05911950
1038.72222222	1801.41269841
1040.10937500	243.16666667
1045.04458599	1146.86624204
1044.35121951	1844.73902439
1052.58730159	192.17107584
1048.16172507	373.15633423
1048.04829545	1899.77556818
1045.31553398	1916.30097087
1051.25423729	963.95338983
1046.33207547	1863.88301887
1045.57551020	1959.57959184
1059.31691919	227.97979798
1046.87083333	2011.33750000
1045.88695652	1130.30434783
1050.09206349	1390.20634921
1047.53658537	1939.99651568
1050.95695364	1780.88079470
1048.09821429	1805.59821429
1060.15248227	130.89125296
1049.50413223	207.47107438
1063.57164179	563.38358209
1050.30000000	1106.65833333
1059.46039604	161.14521452
1056.90406977	78.19767442
1052.80912863	467.62655602
1052.75000000	1093.67500000
1057.33864542	60.43027888
1059.10256410	451.07948718
1069.70070423	358.75352113
1056.67114094	1764.51677852
1059.76170213	1812.46382979
1073.77238806	1566.83084577
1066.42543353	1937.87745665
1066.79431072	429.87089716
1060.68724280	1796.80246914
1061.24836601	578.13071895
1060.48800000	97.41600000
1064.98738170	1284.70347003
1062.18324607	1827.44502618
1060.34615385	1844.06410256
1061.48603352	1910.07821229
1057.17857143	1961.71428571
1069.50467290	595.62616822
1060.98181818	1235.30000000
1066.99270073	1100.03406326
1064.71921182	1755.97536946
1060.00000000	1891.82758621
1069.61381074	522.87468031
1071.35148515	964.33787129
1066.80000000	1858.95714286
1069.90540541	1893.15765766
1081.44818653	1783.01986183
1070.60000000	1966.12753623
1083.82489451	1482.82067511
1078.41432584	866.33426966
1085.92292871	195.06262042
1076.01438849	1914.61151079
1080.25376884	1296.43467337
1079.21717172	1820.97727273
1080.46139360	1843.10546139
1081.34589041	403.81678082
1080.32653061	1868.58503401
1076.70754717	1988.39150943
1085.00000000	88.38888889
1087.06243706	1322.80563948
1087.38028169	1977.41549296
1091.02058319	345.60720412
1083.30864198	613.11111111
1087.02612827	1545.00237530
1083.31632653	1999.78061224
1094.81316998	175.49157734
1084.76103896	1391.98701299
1090.56666667	564.49841270
1083.48387097	1894.66359447
1087.26119403	971.19402985
1087.13438735	1938.96442688
1089.09333333	1961.02000000
1096.35849057	388.99245283
1097.53826531	431.61734694
1096.98199673	1915.10147300
1105.09894332	245.36887608
1098.55487805	605.18292683
1100.70206490	586.53982301
1106.57462687	809.95318860
1100.30885529	1115.80993521
1099.76595745	1399.54711246
1096.53108808	1566.44041451
1100.81973435	1891.44781784
1092.09230769	2007.43076923
1101.82251908	497.37977099
1100.38248848	979.73041475
1101.12893082	1097.93710692
1097.44897959	1347.27891156
1101.20320856	1831.62566845
1095.39436620	1865.27230047
1099.16184971	1988.45664740
1105.08695652	306.28364389
1095.87142857	960.62857143
1104.93137255	1290.18627451
1102.49635036	1752.31021898
1103.77215190	1772.09493671
1101.08256881	1947.43119266
1107.87193974	416.93032015
1111.39360000	451.13760000
1112.22513812	560.80110497
1101.72631579	1257.88947368
1103.86559140	1382.11827957
1112.56130484	951.81439820
1104.83387622	2009.05211726
1108.68018018	129.97747748
1105.75144509	1972.46820809
1119.25752508	279.84169454
1113.48143406	721.75416133
1116.64124294	922.12146893
1110.44680851	1797.38297872
1114.36654135	87.63909774
1120.99506173	222.43209877
1108.85882353	1812.76470588
1111.13043478	1575.55731225
1108.90476190	1318.07359307
1114.52150538	1847.42204301
1119.52333333	34.93666667
1121.39554613	1396.68716861
1116.18769231	1922.21846154
1111.85585586	1991.70720721
1122.07851852	1212.98814815
1114.98641304	1960.17391304
1115.18004338	389.81344902
1121.12237762	991.38811189
1123.68351648	1865.64175824
1119.36423841	1937.53642384
1125.89346591	871.68323864
1133.74637128	1566.18945760
1128.94357367	1793.03605016
1128.47864322	466.80150754
1120.64406780	510.77966102
1120.69565217	891.37267081
1128.61762115	1259.54977974
1116.95108696	1449.46739130
1121.82278481	1749.09915612
1119.39080460	1816.63218391
1126.86831276	673.09190672
1118.48181818	1118.15909091
1123.99232737	1770.22250639
1128.08478261	75.15869565
1126.79591837	1993.88435374
1118.71171171	1905.47747748
1126.61216730	1462.98859316
1129.24024961	307.17316693
1129.66172840	742.72222222
1126.86956522	1098.84782609
1130.36893204	1964.80258900
1121.57407407	2016.00000000
1133.11338583	258.10551181
1137.54246285	845.15180467
1136.94625407	1283.99022801
1129.50518135	1824.09844560
1129.19413919	620.73809524
1130.93513514	1883.61351351
1135.51381215	963.28729282
1134.73056995	1350.21502591
1137.30353818	1117.54189944
1127.20930233	1903.06976744
1132.89964158	2009.34050179
1129.83798883	389.27932961
1131.37719298	1430.11403509
1142.44505495	764.16208791
1146.14177489	904.64285714
1129.36800000	1844.42400000
1133.73529412	101.22352941
1137.99228792	117.45244216
1133.47533632	1015.43049327
1137.50316456	47.66139241
1136.34934498	401.63755459
1136.57851240	527.96694215
1136.04964539	1918.26241135
1142.54876033	605.24628099
1139.48165138	1530.44954128
1138.65887850	1853.30373832
1146.32976190	575.40595238
1148.89062500	1229.41282895
1144.88929889	1327.54428044
1142.39249147	1934.29010239
1143.92093023	926.66511628
1146.21276596	980.42789598
1139.62745098	1737.24183007
1140.47752809	1748.52247191
1141.91826923	1903.14423077
1145.15856237	1001.69344609
1177.97228637	1355.09815242
1145.53038674	1416.90607735
1146.37209302	1828.60042283
1145.79692308	1952.46769231
1148.19346049	504.88828338
1155.90427099	1297.81001473
1166.22783389	1383.41975309
1151.94379845	1434.05038760
1142.40059347	1770.13946588
1151.97556719	1723.98952880
1146.35271318	1467.27906977
1161.65415987	732.23164763
1158.40740741	947.56427015
1146.51010101	1889.50000000
1148.57704918	1982.54426230
1150.98136646	2006.56521739
1149.17573222	676.65062762
1150.00881057	1601.68281938
1150.96969697	1869.52651515
1152.25111111	1802.29333333
1150.13888889	302.60416667
1153.33516484	1492.88461538
1157.61075269	1852.67311828
1153.68020305	157.41116751
1159.94835007	1523.48493544
1156.19502075	1585.80912863
1156.92161520	1921.31591449
1153.22413793	491.32758621
1159.64668770	597.86435331
1161.02838428	1091.37336245
1164.08502024	1483.40688259
1167.33584337	551.71686747
1169.78320000	665.74480000
1158.45049505	1753.78960396
1157.83484163	122.72624434
1158.98989899	862.86868687
1160.54452926	1112.34860051
1158.19195046	1048.73993808
1154.65217391	1740.80434783
1159.76732673	292.98514851
1160.52000000	1775.44400000
1159.92703863	1971.00000000
1169.34237288	179.60508475
1160.81725888	1943.13197970
1161.40718563	999.17365269
1162.12800000	1366.74400000
1162.37444934	1402.92070485
1173.65836791	1414.99585062
1159.73333333	147.80000000
1161.81300813	516.33333333
1185.76899879	1280.20144753
1162.84337349	1956.67469880
1166.71125265	1828.16772824
1165.07103825	1997.56284153
1173.11904762	1798.98809524
1162.32727273	497.78181818
1176.10233593	769.36484983
1171.89369369	1567.84504505
1177.44482366	499.96700796
1170.04508197	1984.34016393
1175.12166172	74.49258160
1164.82000000	1872.04000000
1178.89264174	851.77442702
1172.51190476	1058.73412698
1177.24726135	1911.01721440
1169.26548673	149.51769912
1184.82545455	629.64363636
1179.48230088	801.44247788
1176.45476190	891.30476190
1173.06360424	1162.84098940
1177.98242531	1759.14938489
1177.37071651	1888.78193146
1170.68181818	1932.64545455
1168.08333333	2013.14285714
1176.65693431	1525.44282238
1186.04905063	395.29588608
1176.46753247	1201.58874459
1173.78612717	1854.61849711
1181.12980769	118.38942308
1176.18994413	1739.71508380
1183.83587140	1868.92893401
1175.95428571	1942.86285714
1177.14090909	1969.62727273
1186.88787879	877.55757576
1184.06331471	1183.57355680
1191.48383234	1577.64670659
1177.87962963	2009.19444444
1179.36000000	46.37142857
1179.86666667	1782.10833333
1180.24358974	1957.05769231
1184.15733333	209.14400000
1181.09016393	1840.25409836
1185.92944785	414.99693252
1188.40304183	1237.76996198
1183.03125000	1817.40104167
1187.94177215	1995.33417722
1191.85429142	158.36127745
1185.16875000	982.42500000
1189.42261905	1597.77380952
1189.19254658	130.84472050
1202.23604310	1737.35063663
1194.24698795	997.16666667
1186.88940092	1935.52073733
1191.80738786	1119.60422164
1193.46055980	1164.68447837
1203.14285714	709.95895817
1193.31982942	1209.42643923
1199.54311649	1969.37065053
1195.46084337	734.91265060
1201.08950617	1950.18209877
1195.88000000	1423.46250000
1197.01456311	1769.47330097
1192.38793103	2014.16379310
1198.50442478	1824.09144543
1200.93201133	865.88668555
1201.04024768	1487.21671827
1197.25827815	1809.18543046
1194.31818182	1840.02272727
1195.46236559	1886.22043011
1194.75897436	1904.16923077
1197.73056995	1501.82383420
1196.92346939	1797.05102041
1197.97282609	793.57065217
1206.54182510	1246.73003802
1200.51104101	1855.07886435
1202.09405941	1933.03712871
1211.67068966	233.56551724
1213.18051576	508.15472779
1202.05323194	976.49809886
1215.83186813	194.73846154
1206.77486911	1133.94240838
1204.49350649	1143.39610390
1200.85294118	1518.13725490
1206.57666667	1786.68000000
1212.13075965	409.58032379
1207.15702479	1992.19214876
1215.16856781	586.19264892
1212.17500000	1506.33125000
1205.24576271	1758.69491525
1207.99607843	669.79607843
1205.00000000	1109.45901639
1219.13743590	1832.28512821
1205.35576923	1909.26442308
1204.91379310	2009.03448276
1209.50694444	155.96527778
1214.08485857	1017.95673877
1214.48880105	1560.75757576
1213.62626263	1868.15151515
1207.78160920	2015.33333333
1219.98382353	609.88529412
1210.12555066	1201.42951542
1217.31656184	1478.40461216
1209.88358209	1886.24776119
1217.10791367	1088.77158273
1217.28652751	930.56925996
1211.36912752	1123.50335570
1221.90361446	1391.81204819
1213.39908257	1431.46330275
1217.59825328	1720.37991266
1218.14249364	1926.34860051
1220.21109123	102.46690519
1214.29281768	212.47513812
1214.69658120	557.31196581
1214.40080972	1180.53036437
1222.86642599	1410.81949458
1216.54347826	1457.91847826
1216.38775510	1805.88571429
1230.02275770	1339.51004016
1224.56995885	364.09876543
1215.23913043	1111.59782609
1216.88888889	1310.57333333
1220.47297297	979.80067568
1219.23348018	1763.11013216
1220.22624434	1909.30316742
1227.81240981	1140.74170274
1228.24236253	71.43380855
1227.26120858	384.86549708
1223.04887218	997.58646617
1221.56692913	1963.69685039
1222.83384615	2005.89230769
1224.34693878	254.71836735
1232.10629371	1590.96923077
1220.79661017	1779.61864407
1224.69795918	1793.93469388
1231.30537975	1270.21677215
1226.87822878	1895.48708487
1237.56996149	53.20025674
1225.40655738	752.32786885
1226.24683544	1983.95569620
1234.30400000	1293.53440000
1235.75298126	1850.21635434
1230.49761905	1948.39047619
1236.86486486	34.06418919
1229.37857143	728.45238095
1240.31153184	457.01893287
1233.47783251	474.35796388
1228.76086957	1114.02795031
1230.18344519	1199.85011186
1229.65993266	562.11111111
1236.73442623	225.32786885
1230.90613718	944.72202166
1235.30857143	1773.50285714
1232.44748858	1876.97031963
1228.45121951	1432.71951220
1239.82020202	1735.46262626
1232.41904762	892.39047619
1232.91780822	1313.59360731
1236.61746362	420.16839917
1241.07692308	1250.31468531
1234.96438356	1753.19726027
1232.95098039	2014.83333333
1237.13333333	85.39259259
1235.00630915	806.99369085
1247.98391194	1481.49110923
1244.71662125	93.77384196
1241.42746615	245.26692456
1236.97169811	1174.56132075
1239.02068966	1910.92643678
1246.07597536	1965.73511294
1248.10218978	492.61167883
1237.06696429	1092.41517857
1243.51578947	280.28070175
1239.32169576	994.85037406
1244.86944444	1928.51666667
1243.20516963	1994.07915994
1249.96734694	976.68163265
1242.34192037	1797.17798595
1241.68786127	1819.77167630
1254.36760563	266.39859155
1240.90581717	753.81440443
1249.02649007	1425.36589404
1247.33101045	1188.19512195
1240.15126050	1573.87394958
1248.54522613	1063.32412060
1248.49079755	1120.32515337
1244.12949640	899.38848921
1247.25974026	1045.07359307
1250.86595174	437.35120643
1245.74881517	1207.21800948
1248.24166667	1871.02083333
1256.03710247	910.62544170
1252.44632768	1149.12052731
1246.70114943	1943.95402299
1265.21584984	1368.82273201
1248.24666667	1099.68000000
1256.15254237	2013.54661017
1251.29353234	1270.51741294
1251.97727273	1886.05000000
1263.74509804	453.31617647
1253.99509804	1357.02941176
1257.83493282	1775.04030710
1256.09480122	1833.82874618
1256.96675900	574.86426593
1253.42708333	239.27083333
1257.07446809	1000.18085106
1258.82517483	388.06643357
1263.09212481	1213.64190193
1262.23786408	1460.49514563
1260.57500000	1853.34318182
1266.98751734	1336.80305132
1258.01438849	1812.94244604
1256.85036496	1905.58759124
1265.05555556	35.01169591
1265.84310345	140.03275862
1263.34625323	1798.09043928
1264.41145833	413.44791667
1265.19000000	590.81333333
1267.88320356	1252.37708565
1267.45810056	1135.90782123
1265.31521739	1991.14130435
1267.95108696	1610.40217391
1269.76102941	1821.96323529
1267.41441441	1891.72522523
1270.46099291	54.81796690
1268.78026906	302.83632287
1270.70056497	658.86064030
1264.47894737	1929.91578947
1266.95392954	1957.83468835
1268.75793651	604.92460317
1267.77171216	1185.20347395
1274.88978930	1872.38087520
1270.01159420	1027.39420290
1265.88513514	1050.29054054
1272.24198251	946.52478134
1271.41399417	1164.67346939
1270.71764706	172.52352941
1283.91513292	570.09713701
1279.98705882	1507.91529412
1277.47588424	1062.26688103
1274.83149171	1907.82044199
1270.84615385	1837.12307692
1278.42307692	88.58974359
1280.96140940	246.21140940
1284.47798742	981.31446541
1273.04225352	1787.05633803
1282.75783476	2011.77492877
1289.70959596	958.18813131
1285.76284585	1094.15019763
1281.06423983	1120.86081370
1288.96489362	1777.71595745
1280.86855670	1296.05670103
1278.85350318	322.26114650
1283.45064378	892.01287554
1286.74591058	1951.92148310
1292.10855263	135.06907895
1283.22836538	632.60817308
1284.00836820	1199.69456067
1278.78712871	1852.23267327
1281.15873016	422.92063492
1280.50000000	1046.25438596
1279.53278689	1925.61475410
1282.37662338	1793.22727273
1286.74062500	1808.38750000
1283.82958199	1831.86495177
1285.59227468	1023.21888412
1280.92105263	1321.81578947
1296.08444902	1598.95674562
1295.34493671	1892.98259494
1289.23550725	1000.30797101
1286.71748879	1994.90134529
1287.25961538	299.90865385
1287.73364486	1158.14485981
1287.27325581	1980.56976744
1291.24862888	662.02010969
1288.75609756	1170.89634146
1288.50746269	1182.97761194
1288.64864865	65.11486486
1295.58093126	318.71840355
1292.53594771	1106.34640523
1291.52368421	1916.72894737
1294.90969900	1375.56187291
1295.80963303	927.77981651
1297.10757946	100.86063570
1295.86335404	1842.59627329
1296.12598425	1856.87795276
1306.46085409	215.83274021
1304.53950954	85.81198910
1302.59183673	613.16034985
1299.50609756	236.57317073
1300.58912387	1827.27794562
1301.48165138	1875.99082569
1303.10542169	191.66265060
1304.63131313	272.56818182
1315.83190661	1935.46070039
1300.21764706	1116.44705882
1302.23170732	1141.62926829
1303.44827586	2004.66771160
1303.07058824	254.29411765
1306.27393617	1985.29521277
1306.01181102	873.31889764
1301.81395349	889.00581395
1308.84229391	858.59139785
1306.10612245	993.22040816
1310.16458853	447.48379052
1326.97232472	1494.67896679
1310.73611111	595.88194444
1306.79113924	1915.61392405
1314.36278195	373.16353383
1307.37583893	977.65771812
1312.99704142	1802.96449704
1316.22222222	1970.62647754
1312.21958457	1842.01483680
1314.35937500	1866.05468750
1320.15420561	1439.75233645
1323.19845857	1881.47976879
1315.24137931	340.62068966
1322.35351562	1392.33593750
1319.59071730	1899.68354430
1328.73956044	1264.61978022
1328.29010989	1335.62307692
1320.36464088	353.89502762
1317.05633803	537.93661972
1323.70172084	426.46653920
1320.46179402	1591.85382060
1321.93969849	129.42713568
1326.84255319	255.01063830
1321.52900232	2001.65893271
1324.64601770	514.58407080
1325.29310345	660.22167488
1323.99221790	1850.06225681
1331.18103448	1025.82881773
1329.70933333	90.11466667
1324.05072464	105.47826087
1327.05960265	823.64017660
1325.14117647	592.36470588
1324.97752809	630.16853933
1333.02558140	195.04186047
1332.64171123	405.26203209
1328.90229885	984.03448276
1331.85714286	1959.33809524
1328.00581395	448.61046512
1332.09941520	539.85964912
1333.94765840	1453.75482094
1332.07258065	1581.72580645
1333.45259939	342.68501529
1347.06533193	43.88619600
1340.59452736	319.27860697
1339.06889353	1419.81419624
1343.69896194	125.08650519
1336.44927536	235.65217391
1333.06666667	1863.00000000
1337.16624685	771.59949622
1343.43016760	151.14804469
1350.19083969	1046.11365564
1338.27812500	1995.25312500
1340.43283582	1896.77114428
1336.81460674	2012.00561798
1342.05592105	104.78289474
1339.95081967	1290.38934426
1343.89630931	687.42882250
1345.59920107	960.85086551
1343.92876712	1001.23013699
1344.76530612	1551.45918367
1346.78088962	1212.89621087
1350.90515807	1405.12978369
1343.25000000	611.47014925
1345.58356164	286.58356164
1344.20454545	1917.93831169
1344.25324675	210.51948052
1340.92307692	1874.32967033
1348.55470738	397.01272265
1348.64090909	356.86818182
1348.34615385	816.99572650
1350.50707547	926.86084906
1348.85294118	1654.74117647
1349.28215768	249.40663900
1346.90588235	629.27058824
1353.43382353	1457.89889706
1351.37368421	643.58947368
1358.60511364	1637.43039773
1363.90944882	259.60236220
1351.01910828	711.31847134
1352.43103448	829.96551724
1352.60000000	344.12631579
1355.62962963	198.16049383
1353.15447154	759.00000000
1365.62941176	912.69264706
1359.16989568	1278.65275708
1356.19266055	779.54587156
1354.98675497	791.05298013
1354.50193050	1890.79922780
1363.33076923	450.03269231
1361.48387097	809.33548387
1365.09591837	844.88163265
1367.78746327	1081.90793340
1367.69855072	1339.04927536
1362.10133333	1616.16000000
1363.49197080	226.32116788
1361.29078014	696.91134752
1357.55696203	1395.48101266
1360.96414343	1494.83665339
1368.99267936	1566.08638360
1368.36578947	178.75526316
1368.12376238	284.13118812
1371.40519481	965.30779221
1370.81576027	1530.77580466
1359.17391304	1551.41304348
1371.79220779	118.88095238
1366.45402299	1018.97126437
1369.44783715	1234.56488550
1375.78484848	937.49545455
1378.11791383	1666.28684807
1376.57392473	157.11962366
1363.97297297	759.79729730
1368.74111675	1217.70558376
1380.14387846	1477.90437891
1382.53838485	1251.13758724
1381.16719745	1317.29219745
1371.65027322	194.18032787
1374.22461538	357.49538462
1375.22463768	753.33333333
1377.05714286	1611.43376623
1375.95512821	822.42948718
1381.11643836	396.32420091
1380.90933333	440.63466667
1376.91143911	558.00000000
1381.55932203	630.76610169
1377.48913043	834.13043478
1383.83027523	1186.71865443
1380.30357143	212.91964286
1377.61956522	593.71195652
1382.36956522	372.66086957
1381.11855670	644.47938144
1386.64105960	1156.60529801
1394.06691109	1510.38955087
1382.50276243	459.98895028
1388.58723958	717.60807292
1388.97405660	1576.77830189
1388.34684685	1593.75225225
1389.04918033	413.26229508
1391.42833052	1133.49747049
1385.74396135	471.88888889
1391.73495935	1107.81951220
1387.14092141	522.07046070
1384.95718654	1221.27217125
1393.16159251	494.33723653
1390.28526646	600.41692790
1392.24376731	1437.82548476
1403.97835821	1548.11343284
1390.57661290	239.76209677
1393.00992556	685.63027295
1402.69213974	997.83078603
1394.79487179	665.17482517
1396.43421053	145.23355263
1390.12068966	186.21551724
1398.71327434	1365.81238938
1397.48653501	317.93895871
1390.22429907	785.55140187
1397.58885942	1087.86206897
1394.09283820	1285.89389920
1394.27705628	278.33333333
1394.08898305	951.08474576
1393.77704918	970.45573770
1398.43951613	175.05645161
1409.04463040	193.23709902
1401.84520124	1466.71826625
1397.86538462	640.40384615
1409.64432597	1212.05864433
1400.77358491	212.52075472
1406.30769231	268.71571906
1402.95207668	627.59105431
1399.27672956	845.63522013
1401.12755102	455.85714286
1404.23219814	531.79256966
1409.18481013	653.57215190
1404.00606061	1719.05454545
1409.90265487	1318.49380531
1404.97872340	1728.34042553
1406.74895397	234.26359833
1407.90027701	754.75900277
1406.63503650	859.41240876
1409.52713178	1126.75193798
1411.02034884	344.00872093
1409.75069252	482.50692521
1417.65537555	164.20029455
1415.13136729	255.16621984
1413.65310078	698.80426357
1406.43076923	788.72307692
1415.11282051	139.22820513
1416.21821036	1490.31083203
1421.67816092	1593.73635057
1416.40663900	1742.24619640
1417.63375796	1022.70700637
1419.85227273	1178.57575758
1414.91000000	459.96500000
1425.04199219	1777.79199219
1426.31911532	101.31121643
1422.77600000	1340.57333333
1418.69565217	1261.72282609
1424.97368421	1404.75087719
1433.54303461	1098.11889973
1424.25555556	849.60555556
1432.40995475	1526.10678733
1423.61666667	1376.25952381
1427.14898990	218.91666667
1425.28723404	34.65425532
1423.52556818	759.69034091
1427.19576720	913.28042328
1431.69708738	1695.12621359
1429.01927711	570.69879518
1439.08187135	1159.65204678
1433.51038062	1805.19204152
1429.09737828	1910.42509363
1428.88715953	331.86770428
1430.49302326	203.37674419
1434.43027888	718.35458167
1429.25174825	690.88111888
1438.84709821	1635.37723214
1433.13661202	1928.93989071
1451.40610329	1141.89788732
1436.61151079	2009.26139089
1437.18275154	739.45995893
1434.24657534	1970.07876712
1436.81198347	1988.91322314
1435.32209738	53.37827715
1434.07786885	770.81147541
1434.99535963	1267.31090487
1438.72222222	830.38647343
1443.25146199	616.52046784
1440.19800000	1667.13600000
1440.23346304	811.24902724
1441.51129944	889.68644068
1451.65559322	1496.67796610
1439.63613861	1848.42326733
1448.81584582	945.34903640
1444.22471910	1125.77528090
1439.86666667	35.67777778
1450.96551724	902.41379310
1443.83381089	1343.52722063
1446.69404517	1870.56262834
1444.69672131	913.11065574
1447.18263473	124.31736527
1443.90909091	234.23863636
1442.60098522	333.46305419
1447.62784091	158.81534091
1448.50160772	1215.36334405
1447.29032258	220.94086022
1445.80952381	564.75595238
1454.48054146	1198.40778342
1463.33543307	174.05511811
1455.66857143	193.13142857
1462.55506929	1263.88767323
1450.49702970	1455.11089109
1459.96080219	1415.61987238
1453.20882353	1892.55294118
1447.90500000	1909.82000000
1458.20959147	107.56660746
1451.00460829	1789.23963134
1464.96779262	1818.47996858
1463.01430615	78.79828326
1454.12587413	1983.61188811
1459.28391167	670.93690852
1459.77411765	856.76000000
1462.02586207	1293.87931034
1471.55628595	1654.21446179
1462.46708464	228.97805643
1461.85650224	574.07174888
1464.00716846	393.29390681
1465.13800425	427.31847134
1462.18928571	1348.27500000
1467.58583106	1443.14168937
1468.60051546	1474.57474227
1463.98963731	593.31088083
1467.43382353	876.15441176
1471.18972896	1787.73894437
1470.98644068	152.05593220
1477.35979292	1602.09922347
1476.98318584	1230.77345133
1461.45614035	1871.44736842
1466.74881517	735.71563981
1470.14705882	892.51470588
1478.25770021	1562.68480493
1478.58465011	1885.79119639
1472.47272727	1457.80606061
1476.02794118	1853.67205882
1474.96325459	1924.54330709
1475.86287625	331.42809365
1479.21265823	808.70126582
1483.49883450	1307.56526807
1476.47457627	598.26553672
1481.37135279	1761.36074271
1483.84104046	187.00578035
1484.23918575	546.51145038
1489.56531049	40.09850107
1489.64139942	405.95043732
1492.73538961	1162.55519481
1483.36496350	1432.26277372
1490.47095761	1514.97488226
1486.04560261	130.84364821
1487.65053763	244.64784946
1489.05191874	428.42889391
1487.93970894	1482.98960499
1492.93626062	377.95609065
1484.47549020	882.24509804
1484.72432432	955.66486486
1491.56640000	990.42240000
1488.47234043	1377.44680851
1485.32718894	969.59447005
1486.44295302	1366.88590604
1490.38053097	1910.91150442
1494.56442831	62.22867514
1486.44604317	74.64748201
1500.96438746	210.91168091
1489.69650655	1454.67248908
1484.22988506	1840.64367816
1492.86956522	148.57681159
1503.21572212	1616.56307130
1498.08444444	1632.07111111
1496.39264990	285.82591876
1497.34801762	666.97577093
1498.63913043	609.88478261
1501.23584906	942.28113208
1503.98426745	1768.78859390
1497.01818182	1924.35909091
1501.09756098	732.82926829
1502.62385321	1428.08623853
1509.60406886	1692.33020344
1506.33297062	1861.70293798
1503.78996865	1225.57993730
1503.50344828	702.68275862
1505.19387755	1008.91496599
1514.39726027	1175.30289193
1504.03058824	1400.26588235
1506.71280277	1195.54325260
1506.63492063	681.55026455
1507.98400000	852.02000000
1505.25362319	1503.97826087
1512.32638889	260.96990741
1509.70238095	395.90714286
1520.98598599	1600.76476476
1513.78403756	864.04225352
1514.42577031	60.50980392
1516.65083135	82.80522565
1512.95594714	470.60572687
1511.42342342	1511.27027027
1524.41214953	1649.28130841
1523.04100946	1552.86014721
1517.90094340	566.89622642
1520.22149123	1218.59649123
1522.32289157	446.58554217
1513.56204380	1267.49635036
1521.12195122	671.87804878
1521.94855305	1519.18006431
1516.86131387	690.94160584
1531.53259533	267.45141451
1522.03436426	710.42268041
1522.13225806	1086.76451613
1523.36259542	371.84732824
1523.04337900	1012.29223744
1524.70618557	1034.40721649
1527.70944310	1066.19854722
1536.86766275	1848.08324440
1528.92731278	541.77533040
1534.06666667	735.54375000
1531.02173913	852.73429952
1523.77528090	1188.25842697
1525.08812261	1761.38314176
1530.50090090	161.95135135
1530.00743494	583.20446097
1531.65873016	750.43650794
1535.48125000	1736.13500000
1529.95263158	213.89473684
1528.22289157	692.55421687
1530.11029412	970.25735294
1532.78712871	1489.03712871
1533.14411765	1876.57941176
1535.81654676	2005.54856115
1532.97580645	1574.50000000
1533.94230769	67.73901099
1540.51680672	1345.74369748
1544.98351648	1441.37500000
1539.90724638	616.34782609
1538.75389408	714.24610592
1544.29245283	49.35534591
1543.66132723	596.10755149
1543.80968280	1467.40066778
1540.67708333	1089.46041667
1546.23600439	1808.08122942
1546.64822134	1594.62252964
1551.59641728	1712.59009484
1542.05288462	318.50000000
1543.74137931	575.16206897
1546.38857143	230.33714286
1547.56140351	1033.11111111
1547.37798165	169.14862385
1548.59210526	724.79605263
1553.63017751	531.96449704
1558.62458472	1870.83277962
1550.71264368	970.05459770
1546.62886598	1486.16494845
1550.20155039	791.39534884
1560.61675127	1425.06725888
1566.36501377	39.86225895
1554.82568807	630.76452599
1555.41545894	802.31884058
1556.02334630	1488.59533074
1561.23500810	1580.33711507
1554.96923077	1102.08846154
1558.92561983	272.05785124
1558.13986014	646.99300699
1557.17647059	1123.59358289
1559.39583333	1079.99583333
1563.31592689	298.64490862
1567.08958838	565.74576271
1560.72762646	597.20622568
1567.47719689	1522.66740823
1563.32758621	121.16896552
1564.31250000	785.61079545
1562.99679487	101.33333333
1565.52333333	982.98666667
1566.21311475	241.45081967
1565.30970149	317.49253731
1565.90384615	1843.29487179
1565.52645503	1819.58465608
1568.52816901	1010.28521127
1581.64994299	339.35803877
1568.68023256	1156.50872093
1574.19658120	134.40598291
1571.37446809	1110.41276596
1572.21935484	1177.60645161
1574.55902778	1602.97916667
1573.74683544	259.64135021
1574.22222222	1128.67857143
1574.57419355	1022.99354839
1584.95234375	1903.48828125
1582.64065041	1981.47317073
1579.87186630	494.52089136
1586.23047252	1718.75024108
1581.85045317	1957.73262840
1579.30026810	1206.53887399
1579.46636771	113.94618834
1578.39037433	1061.11229947
1584.86521739	1626.54782609
1580.61085973	55.39819005
1579.59917355	98.77685950
1579.19696970	1075.25252525
1580.76649746	661.27411168
1588.57559199	82.55009107
1580.28323699	1264.69364162
1584.74110672	1319.56719368
1583.27019499	1430.04456825
1582.65873016	1489.95634921
1587.15789474	639.41130604
1591.04447853	1233.39877301
1585.51146789	1387.90825688
1585.62962963	450.11111111
1584.60317460	1411.58730159
1588.85046729	1505.13395639
1593.72249389	181.76528117
1586.57723577	939.60569106
1584.07339450	955.35779817
1585.65811966	1446.93162393
1592.99381443	248.13814433
1592.37573964	1017.28994083
1586.61600000	1178.48000000
1592.78233438	1571.78548896
1600.29586777	38.47768595
1601.66043165	64.73812950
1597.79340659	153.63516484
1592.50248756	1458.89552239
1593.75113122	539.94117647
1592.93913043	821.40000000
1594.99220779	1808.14805195
1592.04395604	740.84615385
1602.47345133	1844.18805310
1594.92307692	1555.06923077
1601.40407470	111.33955857
1598.97689769	1523.56435644
1598.14127424	1611.18559557
1600.77142857	966.41714286
1599.24489796	1210.31910946
1607.37194127	301.53670473
1599.00000000	357.28643216
1600.56687898	552.15923567
1600.76424870	1374.80569948
1598.27868852	227.59016393
1599.40136054	654.89115646
1602.05844156	501.42857143
1605.70465116	630.95116279
1604.65991903	1127.75708502
1604.38536585	1343.92195122
1606.11504425	602.43805310
1606.54878049	1161.40243902
1607.18226601	1463.01724138
1608.31696429	472.24107143
1606.71428571	1035.55555556
1609.27293065	1819.95525727
1609.32704403	2002.80817610
1614.94036697	361.68119266
1612.88449848	339.48328267
1614.24000000	382.24923077
1616.16939891	1561.92622951
1624.42857143	168.94221509
1614.54605263	659.10745614
1615.44161359	758.93630573
1609.65243902	1015.77439024
1615.17692308	1579.60000000
1619.28952381	1600.83809524
1616.33141210	1268.95965418
1616.39147287	459.89147287
1616.80478088	1515.70119522
1616.86934673	1943.23115578
1618.55666667	431.32666667
1617.84536082	946.44845361
1623.91011236	1881.44301766
1633.70801233	90.34052388
1625.65120594	1718.51762523
1625.79411765	1856.64705882
1641.99611111	1918.45722222
1630.29402262	1835.58804523
1625.63979849	1031.98488665
1623.08737864	1283.91262136
1630.90070093	47.90771028
1626.41463415	1497.63658537
1628.85948905	314.68430657
1626.74897119	922.91358025
1626.47301587	1122.06984127
1630.62613982	700.27963526
1632.51413882	400.37275064
1631.13607595	1529.21835443
1634.78911565	1548.46938776
1634.00277778	939.63611111
1632.48395062	1074.50123457
1641.15770609	1220.26045400
1632.61111111	1568.04444444
1637.88045977	1622.68735632
1632.23788546	730.55066079
1633.76252723	759.70152505
1634.40303030	1643.85454545
1634.32327586	1053.34913793
1634.60289855	1177.41739130
1636.62162162	1462.92702703
1635.95833333	1581.26893939
1636.25702811	1679.74899598
1648.52000000	1986.18266667
1643.87030717	71.96587031
1640.76645435	1704.69002123
1639.27680798	1892.36907731
1636.87072243	1598.31178707
1638.94011976	631.89820359
1643.22680412	566.47766323
1641.10389610	643.44805195
1640.44126984	1120.57460317
1646.25450902	385.01402806
1643.92163009	1752.78056426
1648.09153713	1814.58721934
1646.64752475	832.80792079
1649.06489676	41.47197640
1650.73887240	1665.20178042
1648.85635359	1865.37569061
1647.21969697	306.68181818
1650.54523227	620.41075795
1650.10606061	1074.40719697
1655.18786127	1875.76300578
1659.10539629	1952.86930860
1656.92349727	250.59125683
1659.80211480	134.21450151
1654.75312500	1646.01562500
1652.16315789	975.82105263
1651.06644518	1540.15614618
1649.85714286	958.79365079
1653.65681818	325.70227273
1655.23277467	1845.13780261
1659.83936652	507.71493213
1658.71428571	291.10822511
1657.78714859	904.89959839
1666.50177936	1608.38967972
1660.20036765	1747.18014706
1660.65602837	1800.24113475
1662.44674556	1589.07396450
1667.94230769	1781.57554945
1665.78506375	1568.01457195
1664.34280936	1392.30267559
1663.63081395	1517.24127907
1666.95430108	1827.46236559
1666.98163265	654.44081633
1661.25663717	987.17699115
1666.89629630	1695.03703704
1668.95307918	1416.71554252
1669.44705882	779.96470588
1667.12878788	1541.34848485
1666.14213198	1659.49238579
1669.06545455	1260.56727273
1668.22140221	1724.82287823
1669.02127660	1458.70212766
1672.82943144	1677.11371237
1679.13498920	1886.46544276
1678.16834171	995.27135678
1682.97213930	81.46368159
1677.36392405	325.32594937
1673.61073826	569.54362416
1677.90813648	877.02362205
1683.97019527	1934.58376156
1687.81003040	127.44072948
1675.80821918	2003.37899543
1680.17910448	387.26865672
1693.10526316	2006.48245614
1678.59649123	1523.29239766
1679.43130990	1754.61661342
1681.41417910	1582.71641791
1682.14611872	699.42009132
1680.75480769	1508.27884615
1695.41007194	1848.98561151
1688.65714286	255.91428571
1684.61977186	1196.42585551
1682.83146067	1823.15730337
1683.70661157	1539.41322314
1690.73770492	278.70765027
1689.91563786	1483.06378601
1689.51250000	1702.57500000
1687.67493797	1971.17121588
1692.11031175	1118.05755396
1689.64928910	1632.67298578
1690.43005181	1725.88341969
1689.56182796	1777.88172043
1689.96078431	306.24509804
1691.34162896	906.59276018
1694.93877551	1503.91836735
1693.79341317	1654.47305389
1690.68309859	375.03521127
1691.88888889	1249.30065359
1693.85126582	1347.41139241
1693.79185520	1869.07239819
1694.30000000	111.69473684
1696.21052632	350.78947368
1697.51056338	616.77816901
1697.18840580	633.36594203
1696.62944162	1684.67512690
1698.59482759	510.33189655
1698.06000000	1054.61000000
1697.76470588	1531.61764706
1698.99777283	1801.47661470
1708.18451750	66.63520679
1703.09427609	384.42087542
1700.26482213	1144.11462451
1704.61702128	401.74893617
1711.50520231	310.54335260
1703.77916667	487.65833333
1703.16253444	1897.05509642
1704.21551724	98.95689655
1706.28726287	1301.67208672
1708.69784173	1983.25659472
1707.86089239	534.55905512
1707.84210526	1729.78947368
1707.39893617	1379.36170213
1710.03947368	1704.69078947
1710.41944444	1751.13333333
1712.96061269	1004.44638950
1710.26900585	1876.76023392
1719.47383721	253.54360465
1714.04564315	2001.85062241
1717.52873563	696.81800766
1714.13840830	1252.39100346
1717.15492958	1399.28450704
1724.06923950	967.05221339
1712.81764706	1796.41764706
1712.91304348	343.52173913
1714.20422535	1670.33802817
1715.82119205	1810.16556291
1717.64734300	1912.54106280
1721.13291139	2013.81645570
1725.33456790	168.11975309
1721.93317972	1470.58755760
1722.00802139	1892.84759358
1724.00402414	1119.35613682
1721.83200000	1383.56400000
1724.88095238	1977.53703704
1724.42335766	1230.86861314
1727.49361702	852.33404255
1724.48736462	886.37545126
1725.79874214	1724.81341719
1725.84659091	765.55113636
1727.76899696	1794.27963526
1728.06172840	825.16049383
1734.65546218	1370.65210084
1731.75710227	106.72727273
1726.91481481	917.14074074
1732.17272727	1850.30000000
1730.43315508	283.14973262
1730.05957447	809.94468085
1736.58441558	1593.98917749
1727.21250000	1996.02500000
1732.13333333	296.32857143
1740.03219697	419.10606061
1734.60674157	566.89325843
1737.71088435	901.20068027
1736.32697548	985.26430518
1733.00000000	1047.11142857
1734.62331839	1141.42825112
1736.51906158	876.97067449
1733.85411141	1959.10610080
1736.54968944	265.48447205
1734.83882784	753.09523810
1736.52564103	2008.43589744
1738.70621469	941.44350282
1735.63243243	208.34594595
1738.05200000	837.14400000
1739.52542373	1008.41646489
1741.32276657	225.30259366
1741.58466454	1817.15495208
1753.16546763	193.21993834
1746.99535604	506.94736842
1741.59042553	1472.63829787
1745.09486166	162.07905138
1742.47956403	919.73297003
1748.28834356	84.62985685
1744.38144330	580.49484536
1741.46696035	1983.81057269
1744.43988270	1508.75366569
1745.22372881	1907.23050847
1751.91135734	273.96952909
1744.29752066	357.26446281
1753.91485507	1934.39673913
1752.58253968	301.13333333
1748.26136364	1578.49621212
1749.72765957	2000.94893617
1749.28870293	859.02510460
1749.47183099	1647.24647887
1748.02459016	123.19672131
1756.86705202	135.98265896
1750.13043478	680.47430830
1749.58192090	1060.55367232
1749.52631579	110.70526316
1761.81578947	608.87081340
1753.19629630	773.54074074
1752.10687023	1131.21755725
1765.95805142	218.42219215
1756.73502304	1080.54377880
1756.08362369	1603.78745645
1756.43636364	1667.92000000
1755.64855072	1983.90942029
1757.46606335	1556.37556561
1761.71889401	1571.38248848
1769.24835742	105.85676741
1771.37349398	243.32201533
1761.58045977	568.13218391
1762.00852273	946.15909091
1760.96621622	1184.52702703
1759.32967033	2014.94505495
1760.64880952	981.39880952
1770.58735632	163.17816092
1763.47945205	1587.99543379
1764.00549451	1631.10439560
1769.11143695	1704.34604106
1770.59315589	1899.98098859
1771.67410714	289.08482143
1765.96460177	1684.97640118
1769.03541667	1019.52500000
1768.41902314	1138.47557841
1768.16847826	1918.61413043
1769.46842105	1315.21052632
1766.54123711	1649.57731959
1773.25619835	731.65495868
1771.65970149	1116.19701493
1776.82951289	1525.15902579
1772.27027027	1212.40810811
1772.27731092	794.63865546
1784.06888069	135.54243542
1774.06161137	1835.90047393
1772.39130435	1883.47826087
1777.22962963	1670.81481481
1775.03703704	1729.68148148
1775.90308370	1771.68722467
1783.37274220	501.77996716
1776.83333333	580.80158730
1779.60869565	1720.68322981
1781.49256198	1755.87768595
1781.42187500	305.83203125
1780.16967509	324.89169675
1778.40062112	639.03726708
1778.90217391	1590.55797101
1778.70370370	1626.66666667
1779.41414141	567.42424242
1780.80952381	828.96825397
1779.43264249	945.21502591
1778.03603604	1061.36036036
1786.34736842	419.07894737
1787.29148936	601.93404255
1780.37398374	1689.08130081
1783.50199203	1369.18326693
1787.40189873	1574.12025316
1784.93277311	1605.47058824
1788.57028112	1108.34939759
1789.59581882	1893.43554007
1788.99078341	866.19815668
1791.66779661	704.72203390
1792.17869416	725.27491409
1795.03631961	1409.19612591
1795.19195612	1664.13711152
1790.33678756	1937.70984456
1791.77202073	273.45077720
1796.80291971	1979.67518248
1793.47951807	1819.53493976
1793.76119403	638.87313433
1795.84686775	1161.88863109
1796.07968127	316.80079681
1800.45202020	1631.33080808
1796.55367232	663.65536723
1794.07920792	1527.57425743
1800.37500000	677.19318182
1804.69690265	1117.46460177
1802.44594595	219.93918919
1805.42758621	1504.33563218
1803.88976378	813.33070866
1806.40878378	1198.90878378
1809.00974026	353.65584416
1810.23514212	637.63565891
1809.04225352	950.17253521
1811.93700787	256.90551181
1814.45714286	908.25357143
1813.51497006	499.86826347
1813.62359551	1963.73595506
1824.57481297	1397.18453865
1819.75977654	1000.64804469
1820.56948229	1480.12534060
1818.62459016	1632.71311475
1821.42388759	1763.73770492
1823.87527352	1440.18380744
1823.28571429	1375.05714286
1825.32186732	1889.68550369
1822.83969466	239.19847328
1823.92358804	1185.19601329
1821.64000000	1497.80000000
1825.14219114	1725.71328671
1830.04807692	389.45432692
1829.12648221	265.17786561
1836.40316206	632.64031621
1827.01104972	653.59668508
1831.07065217	760.03532609
1835.87631027	1808.14255765
1835.15877437	408.28412256
1830.69964664	1598.30388693
1832.68918919	1786.12387387
1832.14150943	1939.48742138
1834.52132701	832.35545024
1841.82096070	1613.98981077
1832.47292419	1692.19855596
1838.45482866	310.77881620
1837.62288136	818.28389831
1835.62400000	1822.97600000
1839.60377358	194.18553459
1842.96287129	248.68564356
1835.00796813	999.68127490
1842.45334928	1873.31459330
1837.00000000	165.41666667
1841.38872404	1330.85459941
1841.16981132	1524.83557951
1844.86427146	921.21756487
1844.23340961	1585.86498856
1843.33333333	736.55913978
1845.51633987	1931.94771242
1849.58629442	268.54568528
1848.54945055	1707.06868132
1848.44782609	570.36086957
1861.29964328	399.56361474
1850.62190813	1008.99293286
1854.84334204	296.57441253
1856.23883495	969.67378641
1853.24045802	986.95419847
1853.54155496	1306.00804290
1855.99121265	1352.01405975
1855.57931034	282.53793103
1856.73913043	1542.37070938
1857.05290102	203.00170648
1853.61956522	912.30434783
1859.02564103	1498.53846154
1860.91304348	1911.42710997
1863.78805970	588.84776119
1864.30789474	1763.65263158
1866.42857143	1384.37142857
1865.83502538	1733.88324873
1861.48148148	332.69444444
1864.33333333	626.50222222
1874.14715190	573.97784810
1872.62647754	194.15839243
1865.69109948	759.01047120
1867.65158371	431.16289593
1870.20000000	682.78157895
1866.47732181	1638.74514039
1868.30670927	1819.88178914
1866.96153846	1309.64743590
1873.93197279	1435.75056689
1874.94277108	1896.69879518
1871.11718750	1180.60937500
1874.54202899	1881.28405797
1874.24561404	372.90526316
1873.15068493	1197.72602740
1877.27135678	465.88442211
1879.31460674	1455.04719101
1876.53795380	489.05940594
1878.47300771	1303.05398458
1879.00967742	1278.96451613
1877.45357143	1916.18571429
1887.73244552	1410.45399516
1882.44884488	1869.62706271
1882.10389610	658.36688312
1879.71014493	852.42028986
1884.14519906	390.90866511
1880.94339623	813.49056604
1883.64377682	313.95708155
1881.48404255	827.47872340
1883.77323420	865.91821561
1886.75435540	1064.50348432
1888.43373494	1844.79173838
1885.32231405	934.03719008
1882.53503185	1040.23566879
1883.86187845	1217.57458564
1889.10497238	333.59668508
1888.84200385	1167.90558767
1886.15340909	676.70454545
1891.43050847	356.62033898
1888.58496732	599.07189542
1891.48372093	615.15813953
1888.93333333	1236.00740741
1890.92434988	1608.87706856
1889.61538462	1290.32867133
1892.30853994	740.51239669
1893.26243094	771.11602210
1892.48659004	1145.77011494
1891.17475728	1246.99029126
1897.88366890	462.84787472
1894.90566038	787.43396226
1898.96905222	805.87814313
1897.07571802	1306.17754569
1901.31000000	232.55400000
1899.08924949	1640.86612576
1900.55871886	382.06405694
1900.10052910	1767.55820106
1898.88554217	1887.90361446
1905.44662921	446.39325843
1900.31944444	632.47222222
1900.51131222	899.19457014
1903.80487805	931.73614191
1903.39686684	1559.28198433
1911.40890125	311.46592490
1905.44676409	1474.65762004
1903.66206897	1825.45862069
1901.31775701	398.62616822
1910.13343328	1008.28185907
1906.23595506	1491.46067416
1922.66786141	248.06690562
1911.02024291	593.04048583
1912.22448980	1501.65714286
1911.33632287	1126.04035874
1913.82828283	1218.88552189
1913.74479167	1875.44791667
1917.21585903	560.58590308
1911.57575758	1889.06060606
1919.35277778	290.96388889
1915.83381089	544.05444126
1916.52914798	1233.86098655
1915.51010101	1431.15151515
1915.56275304	1453.53036437
1915.35029940	1687.55988024
1915.90728477	1864.80794702
1917.34615385	348.73626374
1919.70547945	731.99315068
1922.19230769	817.78994083
1919.27962085	1318.72748815
1925.35308057	270.25118483
1922.28510638	746.25106383
1923.50776053	670.34146341
1925.42467949	979.13782051
1923.06808511	446.06382979
1925.50485437	1164.70226537
1926.00000000	1191.47846890
1931.83333333	420.37542088
1930.15909091	364.43560606
1931.79674797	457.82926829
1932.17647059	1376.53647059
1932.54142012	1069.42011834
1935.67811159	1245.19313305
1933.70833333	1258.69047619
1931.28240741	1666.10648148
1938.16865870	1565.90571049
1934.14833760	1752.81329923
1935.74119718	1313.40845070
1936.89211618	1734.43983402
1945.66873706	439.49068323
1946.87603306	465.39338843
1943.59157509	495.84981685
1936.84745763	745.04745763
1940.96581197	994.07692308
1945.99606299	1138.68307087
1942.33101045	801.03832753
1943.22159091	1815.05113636
1943.28813559	523.60451977
1942.29906542	1029.63551402
1948.91358025	649.43209877
1946.54000000	1360.11000000
1949.20353982	1717.19469027
1947.92178771	538.30167598
1949.44574780	1337.56304985
1963.24671533	508.23941606
1955.43768116	585.79130435
1953.88349515	625.19902913
1957.20681265	1297.63990268
1949.63934426	1311.88524590
1962.27038627	399.05150215
1962.20888889	1320.47555556
1956.53881279	1551.27168950
1961.22921914	1796.21914358
1963.94945848	412.37906137
1955.69767442	756.28682171
1956.81081081	1093.90347490
1961.81944444	1531.22222222
1960.63492063	804.88095238
1969.05948553	957.03215434
1958.47953216	1276.60233918
1960.96031746	1574.23809524
1963.46889952	1003.08133971
1962.85772358	1593.77642276
1962.65333333	991.14666667
1974.41860465	728.31782946
1963.66169154	1071.32835821
1969.08543689	639.29320388
1968.85449735	541.60317460
1971.68563686	1090.31707317
1968.41935484	527.70161290
1967.25000000	937.86538462
1972.39710145	455.15362319
1969.51104101	1642.77287066
1975.74828767	1750.77568493
1972.89944134	563.23184358
1970.63793103	744.29310345
1976.58362989	1563.15124555
1976.13770492	589.27377049
1978.99163180	1146.73221757
1975.94630872	1518.18456376
1973.11926606	1544.46788991
1978.92870201	1703.58318099
1981.10046729	473.22429907
1976.07246377	707.87681159
1976.63157895	797.39912281
1979.10059172	1197.65384615
1979.40977444	399.75563910
1981.31739130	782.53478261
1980.24048443	1020.14013841
1979.96442688	1111.44268775
1981.50326797	1131.08823529
1982.95548961	815.24925816
1982.76638177	507.42165242
1985.88684211	1538.12105263
1986.00243309	762.90997567
1992.28758170	872.38888889
1983.97552448	1638.36013986
1981.47706422	744.71559633
1989.54887218	627.60150376
1988.23076923	1479.13609467
1999.11125828	410.85298013
1995.24939467	428.75544794
1987.34482759	560.00431034
1987.81990521	1245.00473934
1991.81781377	490.89068826
1989.46274510	1512.92941176
1988.65803109	647.69430052
1994.93392070	1401.44052863
1996.33550489	800.78175896
2002.71698113	1388.97358491
1993.36752137	1682.61111111
1995.48880597	829.60447761
1994.15238095	1652.70000000
1993.53225806	1709.09677419
1996.39873418	459.98417722
1999.17953321	689.54757630
1997.84666667	740.79333333
1998.14864865	751.04054054
2001.28808864	1075.48199446
1999.31851852	1528.31851852
2003.94043887	613.82445141
2002.30964467	542.07614213
2001.39682540	814.20634921
2005.64467005	1280.89593909
2003.22624434	1508.92307692
2003.28000000	478.66666667
1999.35652174	644.06086957
2004.51267606	1491.45633803
2003.96969697	1013.57828283
2008.27192982	1185.43201754
2008.24336283	526.31415929
2008.87106017	1110.69054441
2009.06401766	1746.31567329
2009.03428571	514.33714286
2009.56052142	974.29050279
2011.23545706	1208.62603878
2009.79729730	627.45270270
2011.31818182	1300.96306818
2011.21485411	1344.08222812
2010.81092437	1633.46638655
2010.34536082	1452.13917526
2011.95094340	1592.16226415
2011.66867470	1648.51204819
2012.24915825	462.25252525
2012.42966752	830.60102302
2013.25000000	637.29838710
2012.99111111	653.76000000
2013.73094170	902.01345291
2014.40322581	539.07258065
2014.39361702	1727.96808511
2015.22797927	1073.11917098
2015.14444444	1675.70000000
2015.71250000	1475.11250000
2016.22500000	1487.77500000
