34.94961240	66.83333333
32.41007194	85.90647482
31.36936937	114.12612613
32.91304348	143.14229249
48.83078603	153.35698690
39.40322581	334.91397849
34.33004926	355.85714286
38.83820663	381.83625731
33.34583333	406.90416667
34.73186120	433.17350158
36.81740977	462.47983015
33.19590643	628.24853801
32.62721893	838.69230769
32.90000000	876.82500000
35.09929078	972.61702128
39.15903614	1005.56626506
37.15977961	1061.68595041
34.89433962	1123.37735849
36.92603550	1145.48816568
33.62048193	1163.89759036
42.50726979	1185.81744750
33.33116883	1242.81168831
33.61452514	1260.23463687
35.80909091	1286.42272727
45.88466757	1310.62822252
37.18457300	1330.50964187
33.54455446	1345.81188119
42.60762332	1366.02354260
45.61350294	1398.51467710
36.50950570	1537.00760456
40.24596774	1602.18346774
41.07160804	1650.05025126
30.90654206	1675.42056075
32.67597765	1705.26815642
42.24254473	1732.56858847
42.60263930	1776.02932551
33.83333333	1797.87619048
40.34682081	1859.45231214
40.12048193	1884.51405622
38.07871720	1964.31486880
38.63090129	2004.39914163
46.21052632	1980.74023769
45.48576850	1583.19734345
43.86646884	1082.87833828
42.67180617	1680.16740088
39.53278689	1269.29508197
49.75000000	362.39761905
49.72043011	1216.53763441
50.11462451	1018.98418972
55.63625304	1548.87469586
56.74429224	661.95205479
57.20681818	1950.47386364
57.39312268	442.10873606
50.01127820	1291.78947368
59.46373057	1626.17357513
50.48358209	97.72835821
58.82071097	687.00772798
58.92608089	1795.92050209
66.11996713	477.06162695
67.24281609	1567.98563218
57.67655786	1033.59050445
59.91208791	172.08516484
62.89473684	1691.82284981
66.67175573	1459.12366412
72.06634304	1834.40533981
67.19642857	777.05357143
71.86943620	1010.86646884
72.38913363	1180.37371512
65.78478261	54.81086957
60.19650655	1083.77292576
75.23123732	1098.82961460
62.91269841	1279.67857143
68.22838710	1654.64645161
62.94791667	93.41145833
73.81927711	1758.52464403
69.27992634	1595.69797422
69.95402299	734.88275862
73.70538244	1375.34702550
64.71875000	1298.48437500
78.49419219	1216.00844773
86.02394527	133.38654504
86.04470426	80.06327373
74.66129032	935.54838710
73.85142857	718.92000000
77.57938144	1127.74226804
84.98039216	2008.94257703
83.62553802	39.73027260
77.14522822	1284.11618257
80.13953488	1347.22674419
83.74471831	164.03080986
77.95312500	1439.25625000
78.32170543	408.06589147
92.91815235	1318.03970827
85.53439153	1398.02821869
84.85324232	1674.56655290
83.63346614	498.97011952
87.46638655	527.72478992
75.24761905	1297.74285714
88.63618290	1782.45626243
87.78393352	424.81717452
91.92215569	1622.41616766
90.60335196	1942.31424581
87.72762646	1966.12581064
84.00940439	555.67084639
89.34502924	758.23586745
90.31259968	1418.06060606
83.93750000	915.43750000
87.55619597	1237.22478386
84.80061350	1697.05828221
87.37606838	727.68376068
90.73463687	1275.66759777
92.01308901	1585.54450262
90.19285714	1153.75714286
107.68604651	1707.58456660
96.17519909	303.38794084
99.08433735	444.31024096
88.67724868	1896.83068783
92.90528634	1461.36123348
102.18558077	1044.98798398
94.02008032	1363.38955823
100.29603399	1916.46883853
102.45748614	478.70055453
95.84768212	1437.91721854
104.99135802	1169.80987654
101.58776596	921.18085106
107.97428571	1603.02285714
102.36241611	949.24832215
108.11409396	1754.86711409
113.48918919	1798.00945946
103.28358209	1346.27860697
107.68475452	554.36175711
113.26566757	717.28337875
108.25940594	1647.54059406
106.96142433	1141.41246291
109.72181818	1214.51090909
109.48126801	1671.78097983
104.64088398	1563.25414365
112.09711684	54.61305008
115.91036415	371.89635854
126.00575264	1472.46308725
113.16490486	1850.69978858
114.44672131	34.21721311
118.48079470	416.70331126
121.82207792	81.08051948
121.26731470	329.56379101
121.33105469	1432.18652344
117.86991870	1578.93983740
122.24793388	528.35674931
114.02020202	309.62626263
112.35333333	1960.30000000
121.08793970	1775.94472362
122.92625899	1180.27697842
121.00136612	1354.16666667
113.37037037	1946.12962963
121.59620596	1631.41463415
123.74068966	1924.55586207
127.70600000	469.96100000
121.32826748	958.70212766
127.65172855	180.64660691
121.66169154	1614.72636816
124.15860215	1734.90591398
125.49384886	1312.70298770
131.53035714	439.08392857
127.67315175	507.92996109
133.53142857	1394.75142857
137.10499360	1495.05377721
128.91620112	1953.53258845
131.08823529	663.68137255
135.46368715	852.99162011
128.45731707	1120.36585366
135.81217391	1603.67478261
138.14823529	551.42941176
130.23131673	1713.76156584
130.15945946	1656.69729730
133.97783934	1751.81440443
135.78728606	702.72127139
138.56509695	1262.36426593
132.70283019	1547.64150943
140.70313987	49.74785918
137.33020638	257.07504690
145.36801752	1134.61007667
137.46614173	225.34645669
134.01345291	894.37668161
136.55614973	719.58823529
139.05000000	742.40161290
142.13409962	1236.22094508
140.06227106	1414.57142857
138.08351178	1576.93361884
139.40268456	1997.21812081
140.27034884	114.72093023
144.60520607	167.20173536
144.72000000	1771.46074074
144.25045045	1629.10630631
149.95304695	1673.12987013
149.88706740	621.14025501
139.77906977	1698.32558140
145.01396648	1978.29888268
152.81142857	324.64714286
156.36916395	348.23887079
147.76410256	890.61025641
147.02249135	1729.70415225
140.72619048	1428.05952381
142.24242424	509.03030303
156.53072034	1276.54555085
150.66319444	1921.12673611
154.63752665	1946.50213220
151.02600473	1009.32860520
156.32668329	1309.08603491
166.87267081	1712.09627329
151.37500000	526.11428571
160.73554913	1642.00289017
150.22891566	713.06024096
154.03291139	303.16455696
152.41911765	1404.51470588
154.03937008	1447.53937008
154.88627451	1507.61176471
155.37478411	240.03108808
152.04945055	869.50000000
155.49612403	1156.85271318
163.50992366	1545.18931298
158.44364508	1427.92326139
162.77120316	1171.84220907
166.09633419	1600.82267690
154.77500000	1415.98750000
164.72926448	69.95774648
162.80560420	546.80910683
164.20516717	1981.89209726
167.90168539	509.81460674
167.92720971	639.74870017
163.93471810	860.75074184
164.92356688	1391.79936306
164.07602339	486.42982456
161.73652695	1188.15568862
160.29192547	890.43478261
164.76063830	1024.70744681
175.59721011	297.49171752
175.38604651	1210.46627907
171.31124260	1850.80473373
174.53768844	34.62060302
170.39644013	185.06472492
163.32653061	1787.27551020
173.83083832	1323.74700599
164.59433962	1405.49056604
173.67220903	52.18764846
179.66107784	1472.18323353
171.92550143	264.98280802
169.23316062	1488.70984456
181.51594747	375.19793621
178.47791165	1442.45381526
177.66224367	688.03860072
181.66444073	1502.18030050
176.93017456	1665.81546135
172.77178423	1957.00414938
174.85892116	1011.92116183
179.99851190	1894.32142857
179.01818182	135.26493506
175.08154506	871.38197425
172.33333333	1680.87356322
175.95161290	1409.30107527
174.88043478	1422.90217391
181.68639053	1941.58579882
186.03789474	1184.88421053
190.02739726	1920.09215442
181.83086681	542.69978858
188.19251337	833.95855615
177.01923077	1385.04807692
195.16666667	565.72519841
184.61413043	1028.51630435
185.35027473	1641.06593407
191.02739726	1348.88904110
186.26463104	1522.71246819
189.02012072	1831.37424547
190.83887916	1873.17162872
193.24170616	1383.22867299
186.67326733	1683.42574257
183.21985816	272.40425532
189.53142857	420.27047619
183.48780488	785.76585366
186.06632653	645.32653061
183.67307692	1422.71153846
200.32208364	55.00146735
195.37765957	324.49822695
190.19143577	1598.93702771
191.42944785	870.97852761
191.46905537	1410.45928339
201.77090909	1985.24606061
196.81085271	722.48992248
195.95167286	1079.00929368
194.34177215	936.68354430
204.35096154	1529.83173077
198.67067669	467.78195489
205.07043344	510.20665635
207.14071856	631.31437126
195.54201681	1322.63655462
196.13733906	591.11587983
202.01143583	1951.19567980
201.20249653	682.47711512
204.43728814	895.54745763
201.52229299	143.55414013
201.52556818	1425.90909091
197.41577061	1628.22939068
198.00784314	1851.94901961
197.48235294	538.17647059
214.00789733	355.26258638
212.14869888	1483.80483271
205.44578313	1504.02891566
210.46640827	119.26744186
205.74226804	1678.42611684
210.43809524	707.51428571
209.93365696	1703.38349515
210.06192661	450.64908257
205.18000000	80.87000000
215.90683230	1225.57054126
214.38777908	417.43830787
206.92915531	1596.44686649
212.64628821	1616.88209607
213.82006543	291.60087241
211.96837945	931.15019763
208.04430380	1311.46518987
218.56102004	1835.19125683
220.88300836	384.89229341
214.56910569	1277.58536585
220.43166441	735.44519621
219.99487179	1887.13418803
214.17391304	533.74456522
209.23267327	587.78217822
219.23608018	1254.25835189
220.49022556	240.33984962
216.73354232	549.13793103
212.78991597	1342.90756303
213.74914089	1851.33333333
224.47058824	440.76470588
227.95228628	829.69582505
223.50000000	855.52196382
221.40883978	1381.48895028
219.87058824	1066.24000000
220.93195876	1926.01649485
227.90407674	1322.56834532
227.86604361	1955.08411215
230.50956284	1553.83879781
223.69916435	1687.27019499
222.21578947	481.36578947
222.26096998	84.55196305
221.77058824	984.00588235
228.65853659	1495.31436314
229.38716814	1584.16592920
232.25742574	271.06435644
228.53907496	568.03349282
238.50708924	803.63052544
225.87040619	1526.90328820
229.36434109	464.18992248
230.49100257	1470.75835476
231.10139860	716.09790210
229.18770227	903.46601942
232.20240137	931.18181818
226.89325843	510.83146067
238.50726744	1423.07122093
231.57575758	537.74242424
238.84429066	881.80795848
235.69623060	1757.37915743
236.07594937	305.92405063
238.90078329	1868.40208877
236.08121827	523.93908629
236.89801700	755.80453258
236.47975078	1717.19314642
240.25326371	506.33159269
238.77083333	1271.65178571
247.85714286	258.42696629
239.67195767	289.03174603
243.92757660	1229.10724234
238.40104167	1513.04166667
245.84413793	155.96413793
241.37037037	1613.38271605
240.80718954	193.59803922
244.86929716	356.78051788
241.07225434	480.76878613
247.75400291	635.47598253
245.00000000	1114.54117647
248.97813579	1921.33601841
242.86038961	1251.34090909
250.79675676	1646.15135135
246.32653061	399.98469388
256.45720040	710.69687815
246.27923628	1378.95942721
256.33271202	1517.55265610
254.17113665	1821.26436782
257.29166667	90.16840278
256.94749403	1288.86157518
255.80283912	122.66561514
249.91390728	319.62913907
257.12715856	917.43642072
255.43317972	1132.66820276
256.12484076	1352.39745223
258.46303502	1392.48054475
253.02762431	1775.55524862
254.77261614	857.86552567
249.99206349	1571.68253968
256.73161034	581.27037773
259.00477327	1945.25059666
266.33829974	294.43032428
251.50877193	1266.87719298
264.08482143	613.51041667
264.38814815	655.81925926
260.23641304	1487.60869565
259.54117647	1727.75588235
257.75118483	1748.32227488
264.15593705	1256.10157368
266.02060606	1464.94060606
268.54225352	1412.57394366
267.57267442	1434.45494186
270.64536082	542.80824742
263.36690647	1962.21223022
262.96265560	198.72614108
260.18719212	397.29556650
265.73958333	1113.11458333
272.45930233	258.38139535
267.12307692	1147.51153846
273.10373444	1368.87344398
273.50440529	1872.69603524
276.37890625	994.56640625
265.43455497	1979.71727749
270.83986928	1759.84967320
274.00516351	1832.58003442
280.48665298	1907.53388090
280.17941953	2005.82189974
275.55407970	425.70208729
272.92500000	336.81500000
280.12018853	503.09426551
276.24336283	1568.88790560
283.38174274	1636.30456432
268.07482993	1779.73469388
272.43421053	1932.50000000
275.35580524	210.88389513
286.53161175	625.47818344
281.27690289	587.04593176
282.49760000	1015.49120000
283.73447016	1730.82582217
278.26991150	766.52212389
285.05277045	821.64907652
285.19814815	1847.76481481
278.13609467	1964.44970414
279.92018779	1769.90140845
290.59490741	737.12500000
281.41530055	797.00819672
279.14218009	1397.32227488
290.80469584	1476.62326574
274.16981132	1978.71698113
296.68248175	351.15328467
286.85937500	1079.51339286
280.92513369	1152.10160428
284.86186186	1512.50750751
297.98635123	1666.61328480
289.36254980	1694.86055777
283.95391705	1981.95852535
286.85214008	1319.79377432
289.51052632	1447.99473684
289.45762712	1528.65423729
299.23426573	886.36975524
291.18848168	1168.18848168
290.18012422	138.72256729
294.06387226	375.74850299
292.91206030	1109.44221106
290.81720430	776.95698925
296.46331237	1338.96855346
296.00892857	1884.70238095
295.20698925	1968.42473118
309.38025210	532.66036415
301.75620438	932.00729927
295.90163934	1422.16721311
291.37696335	1759.74869110
309.09583333	1926.38402778
300.64859813	1371.97570093
303.07613636	1400.81022727
297.46368715	1435.59217877
300.85424354	1502.22509225
303.30654762	49.07589286
305.87327824	74.41046832
305.57812500	301.50000000
305.78632479	1026.20024420
303.81532417	1055.13752456
298.30102041	2013.32142857
296.76435045	1561.95770393
306.20855057	584.81960375
307.70257611	958.70843091
299.88442211	1788.31155779
306.68397291	160.63205418
304.94076655	141.13937282
317.74308756	397.23156682
315.01428571	1614.10519481
315.83585313	1121.00000000
321.93422222	1686.41955556
305.58045977	1833.90804598
321.23463687	662.16759777
304.10091743	1901.51376147
323.08967391	1728.99932065
313.80410023	1968.59225513
322.11475410	621.13023679
316.23434705	1452.43112701
315.41411043	1886.90184049
318.42992874	777.57244656
320.27848101	755.39421338
322.15822785	843.30907173
321.92474344	483.96921323
324.75104312	1100.14047288
323.57871397	258.05764967
325.29137199	374.37199434
329.32507740	1204.81578947
336.09048724	1756.17865429
336.19460501	54.28805395
331.22279793	1048.90025907
333.09807516	1328.15948671
328.00813008	1631.43902439
339.11049285	103.50000000
334.82037534	1976.55093834
331.12037037	1899.67592593
332.19088319	2010.13390313
338.06398537	588.46252285
329.94300518	1397.95854922
331.99761905	1784.98333333
329.05349794	76.36625514
331.91455696	1171.22784810
332.21993127	422.84879725
332.03153153	1516.80630631
340.61685215	561.70111288
336.83472454	878.67111853
333.52554745	1455.55474453
336.28037383	1652.23676012
337.85483871	32.23387097
337.23948220	211.52750809
342.41525424	1027.36228814
338.52486188	1938.43922652
345.21694915	324.44067797
344.50904393	1192.39018088
342.00000000	1389.07661290
349.12234043	1480.80186170
349.42609582	907.20591233
354.64111922	369.79440389
341.89221557	1435.05389222
345.22302158	1668.14388489
344.11228070	1802.50175439
340.42056075	399.25233645
346.44957983	1275.70168067
348.89601386	1631.33795494
346.83943662	146.41126761
352.45530726	1424.89944134
361.32018927	1444.18138801
348.28286853	384.78087649
350.39144737	429.73684211
350.59770115	1012.17624521
350.54513889	838.04166667
354.71800434	1244.92624729
352.00374532	1407.18352060
353.17266187	1842.24460432
357.74681239	170.53734062
353.58115183	414.85863874
354.66110184	638.94824708
355.20331950	1894.84024896
355.21153846	400.43589744
362.31524548	1861.24031008
356.61047836	1925.46013667
354.69473684	80.05263158
354.04761905	209.42539683
360.97761194	227.22947761
354.49032258	1261.11612903
355.26431718	34.76651982
361.05679513	1096.62880325
360.98439376	1709.81872749
366.33421986	288.17907801
358.29365079	445.77777778
362.67142857	750.36349206
361.03977273	1586.97443182
365.33256617	1796.82508631
356.64806867	607.67381974
361.71011236	1567.96853933
372.65990160	541.38683887
373.21910696	943.73727934
359.90909091	977.40692641
368.36633663	1391.70049505
362.46469248	778.46697039
362.62295082	151.40163934
364.06578947	62.80921053
376.40637066	622.53474903
368.57275132	674.81613757
359.48305085	1036.73728814
364.87569061	1274.23480663
365.09912536	1326.96793003
370.46212121	798.81060606
375.68668407	847.98259356
365.59653465	1008.98267327
365.85751295	1956.20984456
374.29676512	1733.47538678
375.67435897	45.50128205
371.60541586	423.10444874
375.38249400	899.08513189
371.79826087	1608.56521739
374.60360360	1415.62312312
377.31905299	1983.16798196
377.48975791	346.62011173
375.46657183	1926.68136558
379.22025316	84.75316456
382.77909483	702.33405172
379.64285714	1639.32571429
373.69005848	1224.33333333
386.54921803	401.36982521
374.85148515	479.02475248
378.90000000	767.60540541
379.09976247	1254.66508314
374.40462428	174.85549133
380.93296089	197.80865922
382.63038549	569.79818594
379.78306878	649.88888889
390.37633452	121.40747331
383.99370277	1570.47103275
391.96024096	877.58915663
393.20144462	983.97592295
385.58934169	1238.25391850
381.81881533	1273.60975610
378.51063830	219.85106383
383.39560440	1156.12637363
383.51304348	1952.40000000
390.04020101	1302.12562814
393.90972222	592.38750000
401.26638478	652.89746300
389.38414634	1485.01219512
388.91099476	1108.98429319
391.45798319	750.49579832
389.63063063	1610.99549550
401.64285714	37.04054054
393.88520408	217.40561224
401.78938053	680.56283186
402.22176871	68.05714286
400.79349364	524.49222065
408.51048089	433.54130703
398.20731707	736.58841463
398.45723684	1098.82565789
397.46320346	1283.28138528
396.96745562	1520.59467456
404.41703540	468.16482301
400.38955823	1268.23694779
408.42857143	1605.70105820
398.83884298	1625.12396694
404.03140097	106.07729469
405.37500000	766.04924242
403.61520737	1469.73732719
412.90279627	1534.01331558
409.29022989	1370.70402299
402.61467890	1501.10091743
408.07715134	89.21068249
408.32746479	191.84859155
406.52207294	1573.93857965
414.44791667	1012.37384259
413.93838863	1511.75355450
411.38410596	1153.92935982
408.79431072	1640.76367615
409.13333333	235.28125000
412.82776350	1488.40874036
408.35231317	144.63701068
414.93640700	1766.50874404
413.20518868	1678.01886792
413.08099688	861.50467290
409.22988506	213.85057471
415.34945055	1697.97582418
422.10024155	796.63526570
415.99469496	55.73740053
417.73242188	742.74804688
423.17771883	887.97435897
414.38500000	1992.36500000
415.66089965	2008.60899654
418.74564460	416.58188153
420.84051724	1130.58189655
433.91984733	836.53180662
433.58670820	496.03946002
426.67710049	987.88303130
435.89672802	1174.62269939
425.89189189	1582.62162162
421.19289340	150.41624365
427.93055556	593.59920635
428.65885417	136.35156250
427.29197080	771.16058394
438.86126374	51.61675824
424.74137931	1751.44252874
427.17391304	218.13315217
437.75090253	858.21480144
428.15439430	1721.19714964
429.49292453	192.72641509
432.80592992	1145.96495957
429.60363636	1194.29818182
426.16379310	1356.80172414
428.50896057	73.30107527
431.26824034	620.67167382
439.22130178	1040.82721893
428.77391304	1367.22608696
432.60000000	955.63750000
444.62152778	1126.36342593
434.26484018	745.36529680
436.38686131	1690.70559611
435.99615385	1614.72692308
443.52622673	446.63620981
448.56568779	1594.98454405
442.24148607	1736.81424149
442.75362319	415.98840580
440.32876712	1205.77168950
440.31596091	1656.24755700
441.54045307	813.76051780
455.39622642	1094.18785890
440.55200000	1704.98400000
443.80400000	785.86000000
453.40831296	84.84759576
447.98507463	1238.15174129
444.65762712	202.88813559
451.22521008	1064.14285714
446.71475410	1717.51147541
448.91812865	613.48343080
449.57654723	771.94136808
449.19915254	481.31779661
450.31165312	659.82113821
453.02369668	1629.17377567
448.17977528	1673.19850187
449.28358209	591.16417910
454.75324675	1760.57402597
448.15162455	742.86642599
457.93802145	1015.02383790
456.90286624	218.23248408
452.58282209	172.38957055
454.92007435	531.29368030
456.60387324	126.95950704
459.17216117	825.63919414
456.22270742	1155.60480349
457.51773050	430.36524823
456.05147059	762.63970588
460.30496454	645.25886525
462.53917910	799.47947761
457.26511628	568.46976744
457.86434109	991.00775194
471.95599022	559.30806846
458.75830816	1655.63746224
466.62579821	498.90293742
463.32797428	187.67202572
463.07861635	748.85534591
462.85436893	1748.25242718
474.10273082	116.59037711
474.74889381	1119.36615044
471.44064386	161.47283702
478.88178528	1035.62123040
481.72860847	239.09248055
486.86200257	357.73940950
472.04418985	914.83797054
467.05577689	1616.03984064
483.04968944	519.90217391
467.21428571	422.50000000
477.44021739	768.91847826
474.99775281	1249.24719101
472.52777778	1852.84490741
489.98177083	1674.31250000
481.76994220	654.38265896
476.15234375	1061.11914062
476.61440678	1533.49152542
481.03291714	983.83881952
485.16773017	1615.67547858
474.59032258	536.84838710
476.29487179	815.26068376
485.08520179	1463.96412556
483.77350427	1713.14102564
476.58823529	434.21568627
472.79562044	640.47445255
476.78048780	193.24390244
480.50497512	213.20398010
493.15236788	608.90803020
485.13731343	173.51641791
480.25988701	1008.19774011
492.58117326	1073.85129604
485.71460177	797.36283186
485.53580902	1641.10875332
483.35532995	487.79695431
490.58861578	856.93790427
487.30794702	422.12913907
486.29365079	905.55555556
488.00000000	1241.08982036
490.10661765	1096.13602941
495.73333333	1420.25641026
496.45494830	76.92023634
502.40811725	1134.67305524
491.58086957	1565.10782609
490.79104478	1828.01492537
494.56451613	1924.26267281
504.14427245	110.92321981
501.35778894	192.71557789
495.99716714	959.97450425
500.49382716	996.36419753
493.68309859	1229.75352113
507.04077010	452.67836920
507.01611665	548.90253262
502.72895623	786.73569024
496.92105263	1105.78947368
502.57812500	1290.70703125
512.02130178	255.00946746
508.43811395	283.20235756
509.43824701	1034.44223108
501.07758621	1238.39655172
512.64647713	937.13844252
509.71018651	1636.02582496
510.92773893	969.49650350
510.96129032	2012.93870968
516.65447667	63.18789407
509.36754177	1551.21241050
512.52321981	471.80495356
513.38424821	1112.42959427
512.55180180	1865.89189189
511.29859155	863.80845070
509.10596026	1059.89403974
513.78672986	1090.78909953
521.17435321	633.75478065
514.70540541	1727.17027027
512.96141479	1748.39549839
526.34691502	575.30849825
520.01178782	740.47151277
532.50830890	40.46334311
514.75568182	1073.10795455
524.98000000	1374.04333333
523.23491379	1513.73814655
522.26303318	829.90521327
522.91379310	849.49425287
524.25254582	599.78411405
526.67957746	1014.58450704
523.08551069	1824.36579572
522.09876543	1351.54320988
522.79810726	1691.64353312
529.21280603	497.63465160
522.35426009	1675.83856502
526.02102102	233.12612613
524.79591837	1058.27696793
533.03765690	204.28138075
527.98881432	958.13870246
534.05198238	1777.27312775
525.48728814	1842.21610169
528.27226463	789.13486005
538.57668067	1666.17436975
537.98864497	114.04314913
541.71643110	272.12544170
533.68281250	1861.59062500
532.87976540	1737.43255132
537.56595092	162.45398773
540.96640316	863.74110672
535.41845494	1092.00214592
534.55095541	1340.42675159
542.66328829	764.22297297
534.30534351	615.19083969
542.54605263	1075.05482456
537.26546392	1813.34536082
539.80511182	1363.02236422
543.67094017	729.45726496
538.16551724	834.11724138
547.98089172	1046.41932059
544.81120332	1424.03319502
540.05882353	248.03431373
553.11168033	627.90676230
539.26143791	847.76470588
547.83129584	1127.22738386
541.36000000	1500.23000000
547.52620545	1551.56708595
541.42285714	1138.43428571
546.69549550	1964.52972973
539.80909091	80.28181818
549.02237522	525.29776248
547.29090909	1723.84545455
540.19620253	232.15189873
548.00604230	440.78247734
545.34027778	600.17361111
544.40740741	649.19259259
557.90799562	501.84337349
555.77990431	475.74162679
559.23364486	805.06261682
555.48517520	215.99730458
553.60763889	544.86111111
564.79233622	559.35475896
557.76020408	241.28231293
558.52928416	914.35357918
554.83000000	53.85500000
560.09381238	879.89421158
559.46278317	1455.01941748
566.32483370	661.79600887
557.54878049	1469.64024390
566.71719457	1352.59276018
569.67477593	301.13572343
573.78384528	1325.67804323
563.81152993	1609.39689579
571.98775510	424.54421769
566.73049645	607.58865248
572.36405530	1385.68894009
568.24666667	1289.33333333
571.67300380	1516.53992395
583.87871486	42.94939759
576.05932203	952.56250000
579.28299008	724.96262395
577.27113703	1085.20894072
573.86046512	1889.86710963
576.47131148	268.21413934
568.42231076	447.47011952
572.72570194	1168.23974082
575.16483516	209.23809524
582.84730195	467.67164179
569.40983607	528.13114754
574.44297082	1665.59549072
581.29314421	784.88652482
581.11287129	1150.52871287
576.42410714	1279.05357143
579.99356913	1834.85369775
575.05000000	110.03636364
571.42553191	535.44680851
579.64285714	1731.62732919
588.49958089	1978.64543168
576.80701754	623.57894737
583.92547660	907.74350087
582.64686469	1450.08580858
580.93636364	887.81212121
586.28743546	1860.47848537
585.62929936	1600.74649682
582.41520468	569.47953216
587.67567568	926.13022113
585.87829615	1187.42393509
582.45502646	332.15343915
592.47066849	1132.30832196
583.76219512	1310.85365854
587.11612903	236.78064516
598.25457103	221.17580872
592.67616580	1206.27461140
602.09615385	294.19481605
593.19653179	441.17485549
588.04792332	550.16932907
592.65634218	634.56784661
598.85014006	2006.40756303
597.21524664	670.19058296
590.91520468	1657.14912281
597.25000000	321.60250000
596.74160207	571.25064599
600.43598055	1553.06645057
605.29324547	824.84184514
598.23611111	698.18518519
602.34824903	938.32101167
593.55555556	1893.74897119
603.95527157	1258.18370607
597.91695502	1521.25951557
594.41111111	1871.31111111
597.88793103	1881.28448276
599.05306122	1333.36326531
600.65371025	1671.34982332
603.23676012	479.86604361
602.17191977	774.19197708
606.27541828	1023.78764479
604.49868766	1113.61417323
606.91785150	1690.90995261
610.84641256	343.97533632
609.58743842	1919.89532020
609.93044822	897.99845440
605.21937322	791.72649573
610.43968872	1719.29571984
609.70731707	757.86097561
613.92351275	1870.88385269
618.24784483	617.90840517
620.89740566	1389.21344340
609.32508834	498.61837456
629.20236220	859.67795276
612.18415418	643.79229122
616.84267913	1655.01869159
608.08547009	1889.52991453
618.28820598	152.27574751
609.49275362	1502.91304348
612.72509960	1848.52988048
613.55363322	723.87543253
615.12809917	1373.34710744
614.59036145	31.28915663
624.67713976	703.80173348
622.21064815	873.46296296
626.54271845	1624.48834951
618.52209945	1902.21546961
631.85769528	1144.10286156
627.92406877	49.58309456
628.56314700	484.36645963
634.00769231	303.92564103
626.64955752	742.78407080
622.11029412	676.15073529
630.58979206	802.55576560
630.69767442	79.50657230
632.83540802	453.09958506
631.33174792	246.51605232
621.81379310	2011.57931034
636.52758955	1213.67376573
634.83025210	1185.43193277
632.30717863	1255.76126878
631.81451613	599.34408602
635.39323467	840.03171247
642.46538462	649.36538462
630.40668524	1684.91364903
639.00101523	1988.36548223
633.80274443	1436.93138937
630.53125000	1709.21153846
631.73246753	1770.59220779
637.65739130	139.17217391
643.87261785	1089.15145436
634.08849558	1371.56194690
637.25611746	978.23164763
649.38425926	1238.40625000
641.68354430	1753.55189873
639.37656904	727.19246862
636.91041162	1499.30992736
637.50134048	1729.66487936
636.49769585	2011.36866359
645.26878307	682.15026455
649.75279330	765.68575419
645.63729977	1656.10183066
649.45518207	168.54341737
652.15137615	119.24426606
645.16267943	750.72248804
646.56276151	622.29707113
650.21596859	1055.68717277
648.77263969	1693.06358382
651.44902913	1629.62864078
653.05076142	1779.16243655
650.51913876	1467.06459330
651.81847134	1564.52866242
648.73333333	1714.27333333
658.54311454	951.27155727
647.66887417	1165.72847682
649.50793651	1420.84656085
650.78225806	2014.09677419
662.34365782	1196.17846608
650.51006711	1433.40939597
663.15688367	66.49413020
650.44247788	243.57964602
656.16666667	260.72448980
661.31392694	313.77397260
659.65170940	740.68803419
670.19341216	224.38597973
662.48004315	584.11218986
653.41600000	147.72000000
664.80277778	523.26296296
666.81129808	824.86298077
667.26509186	783.74278215
662.13798450	1010.98759690
656.73648649	1936.18243243
663.97204301	927.74623656
662.12062257	1454.32684825
666.81048387	1103.28225806
669.05395683	1969.57913669
664.81856540	1999.98101266
671.60878244	849.32135729
673.34543987	688.74818402
666.62179487	1478.82371795
668.41696113	866.38162544
675.36795775	893.88292254
667.48392857	1949.23571429
672.58969805	249.85435169
670.97777778	1257.79629630
675.61324786	144.68589744
666.12500000	1380.68421053
670.86666667	1693.87301587
674.87715517	1393.12068966
679.91698113	1717.26918239
668.45355191	1776.63934426
671.98637602	1134.41961853
687.41216678	1863.61585783
677.23846154	1792.48653846
675.26245847	1893.28737542
674.36654804	270.68683274
674.46579805	1300.13680782
677.08223684	1370.72039474
682.58823529	1741.58650519
678.78025478	544.99681529
678.21495327	1232.58878505
682.34545455	759.27954545
684.57644991	947.80843585
689.65909091	1990.54132231
685.94820717	2012.76494024
685.46701847	453.54353562
682.78461538	1182.66153846
692.45120226	432.46817539
692.20391061	1267.28491620
684.90697674	860.96124031
694.96666667	564.84597701
691.65776294	787.44073456
692.35443038	869.18987342
689.64679912	1141.12141280
688.02659574	529.27127660
701.67660343	740.20054201
699.36674817	1203.82885086
692.92134831	1595.85767790
697.92412747	40.89074355
696.00653595	651.22440087
690.72490706	1301.92936803
692.36741214	1365.68051118
694.39500000	1608.64500000
694.72268908	1173.84873950
693.50393701	1076.42125984
695.80122324	1785.50764526
694.75543478	476.46195652
700.96326531	678.74693878
696.85477178	691.41493776
700.95757576	1806.70000000
702.68666667	172.80000000
711.90518084	407.01564027
711.34180139	665.84988453
708.35135135	137.59366263
706.25986842	451.74342105
703.30177515	536.40236686
707.91008772	766.73026316
706.93869732	484.60536398
714.92071197	1522.44336570
702.48344371	1747.43708609
706.79651163	2013.88953488
714.05940594	1076.37425743
710.15811966	467.97008547
711.28237792	885.01698514
708.58640227	1373.82436261
709.03153153	1184.74774775
706.78294574	1589.40310078
709.75555556	1756.22777778
709.96894410	1780.57453416
708.20670391	1844.70949721
715.83615819	585.57627119
716.59562842	1038.92076503
720.28472222	47.92083333
714.04347826	1882.39420290
718.35971223	427.78417266
718.15317287	1467.63457330
723.44029851	1022.50000000
718.81048387	1797.65322581
721.89039409	1128.90886700
729.20891089	1170.32178218
720.14419476	1651.61985019
721.39509537	165.15258856
721.86862745	560.65686275
721.12647059	1860.26470588
722.42517007	780.27891156
717.72289157	1811.80120482
725.11504425	446.25663717
727.80463576	1766.91721854
725.94262295	795.30327869
723.70639535	1192.53197674
737.92161017	1055.12288136
726.38770053	1385.25668449
728.55179283	1553.58964143
734.76874003	1447.25677831
730.30961298	1965.21348315
732.91760300	1103.62921348
727.68020305	2013.38071066
726.05288462	893.16826923
728.75536481	873.23605150
728.67713004	1876.47085202
734.76138829	599.70498915
730.92567568	128.28716216
740.19562842	365.27650273
742.26931106	105.67536534
738.04084967	156.18954248
743.38762215	59.62540717
739.06701940	336.04232804
745.46358792	1544.30905861
739.38842975	711.14876033
747.28498728	235.39185751
741.54471545	580.73983740
738.79428571	771.71428571
746.07623888	298.58703939
745.38071066	456.08121827
739.79032258	996.17204301
746.63924051	1507.55696203
746.47803882	1884.27477017
750.00000000	1936.64594128
741.21938776	784.91326531
744.00757576	885.23295455
741.14705882	1218.08823529
745.63070539	615.50622407
748.03529412	1123.19495798
744.63157895	1143.25358852
746.81907895	438.15460526
747.02475248	865.05940594
750.73977695	1005.47583643
751.90589888	1685.94943820
756.65058824	133.20470588
752.08435583	1163.40490798
748.13907285	556.09271523
747.51590106	1783.09187279
754.04339441	1969.72227580
756.96755725	208.29007634
755.95081967	570.43169399
761.20364238	632.52317881
756.81038961	1378.96883117
754.02538071	350.45685279
759.24892704	1473.50643777
754.89552239	697.61194030
758.34422658	1821.61437908
765.67111650	330.10679612
765.64348786	605.50772627
763.57967033	476.24587912
764.58193980	1045.79598662
761.59402460	1789.50790861
764.12030075	88.47869674
762.26771654	551.72834646
765.05405405	1360.53153153
760.58567775	717.35805627
764.82113821	1292.29268293
769.00713267	534.62054208
772.38611111	1185.29583333
764.43023256	194.77325581
774.39661017	403.46610169
776.32796610	1141.19491525
772.09523810	1260.56395892
763.37820513	1864.57692308
763.68858131	291.29065744
771.32397004	1069.01498127
764.88648649	1010.96756757
769.03361345	1441.23109244
767.65073529	1879.40441176
774.53917051	1897.70660522
769.44166667	107.40833333
778.44363636	1459.71090909
774.76808511	1534.13617021
771.79679144	1940.66042781
777.40915395	578.35506241
769.32800000	261.92000000
781.24587459	1676.81930693
777.35820896	1799.98320896
771.54807692	1167.77884615
776.62170088	1840.78885630
773.24745763	1968.51864407
776.40449438	1382.34456929
783.28189911	1617.39070227
775.52212389	1823.56194690
788.19855596	2006.18652226
779.14728682	312.75581395
783.91250000	1650.68333333
784.08673469	120.27040816
781.24520256	373.33688699
781.56983240	433.77094972
782.59357278	1341.13799622
790.04976077	653.36937799
782.79381443	1478.53350515
781.62429379	1579.93502825
786.27881041	296.62081784
780.98371336	471.07491857
788.27640449	967.27865169
789.71669004	488.70827489
784.00000000	890.41558442
786.06798246	1287.12719298
781.02500000	1369.06666667
785.82495345	1947.19180633
784.06818182	136.35454545
789.43902439	228.04212860
788.73288440	258.95510662
790.75671141	1392.58053691
785.49537037	103.19444444
794.79908676	946.86757991
790.42655367	1162.10734463
793.62549020	834.47450980
790.53557312	913.01383399
794.90248566	1562.64244742
793.83579336	157.78413284
791.03061224	605.64795918
792.58246073	539.21727749
802.32989691	338.23195876
799.65801887	1827.46226415
799.98349057	987.43396226
792.26351351	1525.21621622
796.13409962	1005.75478927
798.78243513	1188.97205589
802.95324284	1598.77526395
796.03809524	358.99047619
810.48129424	383.07987867
805.77842004	703.02986513
797.31683168	1169.50495050
807.26971609	1633.12302839
802.11173184	1963.87150838
804.47262248	507.16426513
806.94036209	1727.24494143
806.11872146	1945.07305936
812.46987952	141.87404162
809.79102384	409.32959327
811.77726751	627.40413318
807.44444444	448.33333333
805.37022901	1290.95801527
816.17961165	1422.11771845
809.90659341	1497.92857143
811.94457831	243.98795181
813.31902718	297.71816881
814.63615023	1343.40375587
812.26439791	1845.12565445
808.47953216	959.01169591
810.90943396	1358.55849057
810.87719298	868.79824561
815.95591182	997.23446894
816.66326531	1391.85714286
810.43416370	1980.80427046
810.20618557	116.96391753
814.11192214	1578.87347932
817.80968858	660.43944637
817.51247166	357.09750567
809.93162393	542.11111111
812.21076233	1447.09417040
816.24932976	202.36461126
819.88653846	837.31923077
818.18181818	1073.69090909
826.42920354	1868.59439528
821.85471698	1654.32641509
830.37637131	226.12995781
824.97656250	269.29036458
825.60330579	324.43305785
827.41908007	1365.98466780
815.60227273	1965.04545455
822.13215859	1159.33039648
829.45470085	1560.86153846
834.56830601	186.88743169
828.25000000	674.46370968
834.52282158	1618.85062241
833.03378378	159.88175676
833.40953717	1760.95371669
833.91752577	694.63770250
838.18726592	1492.44943820
827.21052632	1974.69407895
829.48760331	31.93388430
826.31095406	53.30388693
826.15476190	715.53968254
830.74385965	1948.14912281
829.22480620	729.14728682
826.19161677	1501.87425150
828.17142857	1006.89523810
832.40000000	430.49666667
847.28062971	1009.44695414
833.72631579	541.09122807
832.35028249	641.83615819
840.46486486	1672.70270270
844.41609823	342.30422920
835.18050542	1068.38628159
835.73849372	1218.74267782
837.25806452	909.05707196
845.32123212	404.01540154
837.32217573	1148.68200837
841.19803371	1421.84831461
849.30370370	479.87407407
837.91978610	653.51871658
846.19131833	1048.04340836
845.71160610	1390.38804220
841.37708831	1804.56563246
849.60311751	250.13788969
842.10000000	1109.75333333
851.76643192	311.92840376
838.91780822	678.30136986
845.51004637	1830.11746522
846.27108434	594.87349398
838.41509434	1961.57547170
843.43023256	375.35348837
847.19058296	40.21748879
845.27987421	89.92452830
844.88636364	556.37878788
852.08541667	1605.18750000
843.77941176	1784.85661765
855.50270270	287.35000000
840.39726027	717.26712329
857.73549656	618.65093412
848.54670330	1551.80769231
849.44176707	206.89959839
853.52622061	1521.33092224
856.90355330	1579.72208122
854.38737201	536.46757679
849.07421875	1261.98437500
867.47989950	1115.91624791
853.07022472	1209.00842697
857.55639098	1856.47218045
862.11163895	120.72090261
860.68658178	705.56415279
851.33505155	902.57731959
862.03071253	1241.72235872
866.40291262	1337.50291262
853.07197943	1954.30077121
854.60642570	1974.07228916
862.71556351	1064.75491950
870.99895507	586.29153605
857.73184358	1093.86033520
861.31914894	1777.02340426
865.54219949	268.89002558
866.79401408	1269.06161972
868.04957265	1816.69401709
863.47096774	99.96774194
867.88165680	782.37573964
867.04481132	1185.35141509
862.22962963	1991.15555556
871.58634146	214.13560976
872.10967742	499.66451613
869.91016548	364.67848700
873.09115282	34.33512064
863.05882353	2016.15686275
880.33303330	85.65706571
868.08611111	334.53611111
887.06253521	443.34985915
872.19279661	1220.51906780
875.15789474	148.72894737
874.54304636	2002.59161148
871.78090767	405.41471049
879.20200753	664.02258469
881.50049068	1866.02551521
873.15625000	928.65625000
870.22325581	1511.60465116
884.43504532	236.52719033
875.79550562	1418.36179775
882.90995261	1699.69826224
874.73479319	1971.49635036
877.74425287	256.88505747
879.90243902	469.22838137
884.53552632	53.85921053
880.90507365	1572.50572831
883.70891089	1954.13069307
883.66822430	910.07009346
893.01235465	537.48982558
888.70465490	342.02889246
888.20662252	1893.85827815
893.43952569	749.06956522
894.75942029	1256.02801932
886.29117647	1474.85882353
891.56793478	173.16304348
896.00000000	268.82978723
891.84751773	509.79078014
895.63776493	893.87861272
897.39065817	124.46921444
895.80000000	1378.20196078
888.92946058	937.60165975
893.30353430	1342.07068607
891.68152866	1824.63375796
895.05671642	1843.74328358
901.76783005	484.91198786
894.89592760	922.12217195
896.00636943	1804.95116773
892.73740053	1223.09549072
902.92908828	156.38205499
903.55099502	192.76741294
907.69426752	364.85350318
902.59967846	640.43729904
904.22872340	1298.84574468
896.46766169	609.60199005
901.77528090	1557.04719101
895.97500000	75.61000000
902.06712565	302.36144578
903.31567329	1395.60927152
896.34437086	1748.09271523
910.72251309	1323.98560209
906.48029557	668.75000000
899.61428571	36.00476190
904.12307692	1906.39038462
913.83786408	1452.15339806
906.58604091	1139.74247894
912.05964215	1505.54075547
902.95652174	934.47204969
915.62609787	1726.53324969
908.53038674	504.38674033
909.42962963	1830.30370370
907.22364217	57.38019169
917.83387622	689.06351792
910.36046512	1409.76162791
915.06075534	1972.99671593
912.98004988	1857.76059850
923.06435006	109.61904762
909.41605839	1750.87956204
914.88225806	83.41290323
924.05926724	1657.89978448
915.69064748	264.10071942
921.95833333	1482.04528986
925.87456038	904.25087925
927.28787879	1163.41003788
923.73899371	1570.83647799
931.37045204	138.84123484
924.30303030	2010.80716253
920.88757396	1429.73964497
926.77068558	1947.38770686
925.05163043	1389.46739130
928.42397661	168.48099415
926.01619433	1110.35222672
934.94969109	396.49955869
924.29741379	1830.35344828
929.68965517	703.51034483
932.70672098	225.93686354
935.15360983	1291.23809524
941.45579710	580.00797101
943.79178338	1409.06722689
934.92324561	485.28070175
942.55094340	1894.10440252
931.29940120	996.65269461
939.06506024	1463.87951807
937.78512397	1426.78512397
943.76689189	90.38513514
939.38032787	1839.42622951
943.33701657	1954.45303867
953.67699115	1978.79424779
938.55414013	1554.10828025
940.38805970	1230.00995025
938.97126437	1116.73563218
946.35937500	419.75260417
943.77289377	692.61538462
943.04545455	1563.73636364
941.14516129	1479.85483871
948.16723549	613.26279863
954.69553806	195.25196850
947.97647059	1647.71764706
951.67934783	127.53260870
962.04805077	1476.70444243
965.88814532	109.26673040
966.03724605	683.81038375
957.32792208	708.68831169
956.19675926	1288.98379630
959.39761092	1550.71843003
959.98478261	1702.05869565
966.98144712	269.91743970
961.36851852	1315.37407407
969.60361842	476.30098684
962.12772586	627.31775701
971.84625000	412.78875000
961.78238342	745.89119171
974.77118644	1683.20338983
965.63076923	1726.68846154
965.47532468	1743.89090909
968.18285714	1838.40952381
968.08800000	1154.53800000
969.19148936	1818.78115502
976.74428274	36.87733888
968.68421053	209.14645309
967.79268293	1803.14227642
977.60409146	525.51865223
973.00126582	575.41518987
973.76363636	801.62809917
972.93123209	608.94842407
977.57398374	729.64227642
980.50809061	495.87864078
982.16431925	1541.89984351
979.24422111	1947.67638191
977.55218855	818.40740741
979.33147632	1891.22284123
982.20915842	1917.48638614
974.05056180	701.60674157
985.64656212	241.04221954
979.19230769	1427.53994083
985.87530169	1321.96621078
985.00837209	849.71441860
981.13114754	1567.38524590
978.76106195	713.89380531
981.47777778	1659.01851852
984.48555957	1786.03249097
982.16551724	635.97241379
994.50512821	62.67521368
990.66472643	1755.20838184
984.33695652	172.71521739
995.46567411	1395.93631100
981.26886792	1733.60377358
996.09637188	1846.60204082
986.43037975	1868.50632911
990.77486911	1168.41361257
989.57435897	1478.99316239
985.02092050	1809.25523013
985.11464968	1826.92993631
991.28373702	705.29411765
993.91985428	1447.83788707
991.71072319	124.78553616
988.91608392	555.26223776
992.27090301	1647.92976589
995.77308294	590.83255086
989.79310345	2014.79310345
1000.21765601	613.88432268
990.52354571	272.02216066
999.54621849	827.00840336
994.20675105	85.93248945
998.35325132	890.97188049
1007.34543987	1105.72881356
994.57636888	1135.73487032
992.13043478	719.66304348
997.23788546	150.15418502
995.80357143	480.64285714
999.90476190	658.76984127
999.99232737	637.53708440
994.52713178	807.47286822
997.99568966	1619.18965517
1000.67500000	791.14062500
996.87307692	1422.01923077
997.01219512	1803.84146341
995.51086957	1573.54347826
1007.53644315	454.09426628
1007.92449664	1873.14261745
1006.69873817	288.52681388
1006.19251337	1663.68449198
999.36029412	1822.43382353
1016.13496933	257.90184049
1004.61484919	1541.18793503
1004.17333333	1768.21333333
1007.14421553	502.14263074
1003.96085409	730.98576512
1013.62074554	1892.04376013
1004.14216867	1924.31807229
1006.70725995	2006.33723653
1009.68571429	175.04000000
1006.49535604	1976.77089783
1009.20738975	1199.09892729
1012.81081081	202.63963964
1013.38589212	710.07676349
1014.42274052	90.99416910
1020.04941599	121.64690027
1020.58056266	1695.86572890
1015.93212670	1786.48190045
1015.31769723	377.29424307
1011.24421594	1153.55784062
1018.63041183	406.01795143
1021.38696538	790.07535642
1025.83448276	316.40172414
1015.06296296	1612.45185185
1018.43356643	1637.02447552
1018.03875969	1831.01550388
1026.75672981	733.19740778
1017.05882353	1988.01568627
1024.72155288	521.87684070
1021.46742210	153.52124646
1020.75897436	189.27692308
1017.43266476	1738.26647564
1020.40000000	1911.90000000
1017.21212121	574.29797980
1027.60478200	1531.14767932
1027.86766712	1407.84174625
1024.82142857	1853.47321429
1024.62000000	554.41600000
1042.54355109	1138.78475712
1028.96911197	1751.76640927
1025.78378378	630.58968059
1037.82325030	655.22657177
1037.11366385	677.82466747
1031.65918367	429.27755102
1036.66551724	569.88103448
1035.54079696	783.51233397
1038.79491525	1172.60169492
1026.47881356	1154.59745763
1041.08774584	1550.78668684
1039.47445972	212.79567780
1039.84853701	37.06540448
1036.21451613	1613.07580645
1044.65646732	535.58275382
1034.19892473	697.41935484
1035.18275862	1728.22758621
1040.54853621	180.69491525
1032.80769231	1111.78365385
1044.27024185	1878.11777077
1044.14609929	57.00000000
1053.02325581	1452.02325581
1045.01456311	1648.00323625
1037.08988764	1818.84044944
1043.84724187	290.77934936
1046.28390368	445.41571610
1033.90816327	1898.39795918
1040.38875878	622.95550351
1040.05944056	1797.98251748
1043.41266795	144.53166987
1046.21467890	337.88807339
1046.98727016	1106.00990099
1038.06808511	1768.02127660
1045.97600000	402.44533333
1041.43624161	1335.62416107
1047.09978308	1906.89154013
1052.89403974	1939.17384106
1049.67962963	598.57037037
1049.25167038	1581.25835189
1053.79436153	1711.84742952
1052.21559633	1787.15596330
1070.51131222	345.61764706
1059.75413223	547.24380165
1054.90784983	641.02730375
1058.66770186	1827.43478261
1063.73556231	159.97264438
1061.87179487	572.16734143
1049.20370370	1530.95370370
1051.25465839	1763.15527950
1065.38109162	233.74658869
1057.43813387	858.66328600
1055.32558140	1806.12403101
1063.12461059	316.12616822
1063.23470839	703.16358464
1058.01190476	2015.70238095
1068.40250696	1869.91922006
1062.82397959	74.60969388
1057.61379310	1331.11034483
1067.38307692	98.19692308
1065.43993232	190.23519459
1059.49707602	1203.18128655
1064.13157895	895.18421053
1063.48467967	1531.52924791
1067.65815324	1666.36738703
1067.76879699	1750.02443609
1064.38912134	452.36820084
1065.78723404	629.10638298
1068.36250000	611.35000000
1068.24632353	672.84375000
1076.12588235	843.30000000
1075.19305019	45.46428571
1077.34707904	470.79725086
1072.41592920	1782.60000000
1066.27777778	594.25694444
1067.92631579	1194.05789474
1078.93048128	1582.42673797
1076.63368056	1999.40625000
1084.53518519	1765.94074074
1071.23684211	821.89912281
1075.47461929	1630.15482234
1082.30522565	644.72565321
1077.95225464	1698.28647215
1075.55980861	912.18181818
1079.51230769	743.10923077
1077.64637681	1261.91304348
1075.88043478	1735.64673913
1079.53003534	1808.73674912
1073.93617021	2014.92553191
1078.51002865	116.71060172
1094.40267765	616.12667353
1079.01176471	1891.92156863
1081.78248588	1209.43785311
1083.23035230	448.84552846
1079.97535211	525.99647887
1085.39566929	493.74409449
1074.71014493	590.55072464
1083.46456693	1151.79527559
1085.70753065	79.24168126
1088.28135048	200.41318328
1091.36317136	226.32608696
1089.25000000	1187.44335938
1086.78633975	587.60770578
1092.97279652	774.27421110
1093.25547445	898.85401460
1083.41666667	1342.77777778
1083.59395973	1441.02013423
1081.59166667	680.14166667
1091.01253482	1461.55988858
1091.41647059	1548.74117647
1095.79204640	392.83844242
1088.59824047	1647.80351906
1098.55209581	147.42874251
1089.53424658	536.89497717
1084.49586777	813.26446281
1095.19060052	1370.19321149
1094.10198300	2011.09915014
1095.45614035	1355.89122807
1098.55820896	665.58507463
1092.81465517	918.46982759
1102.65398956	1503.59656972
1101.10840438	1694.56516443
1103.62762763	1795.57657658
1107.36164844	509.88645921
1105.57502420	1884.45401742
1102.34426230	1840.34715526
1096.00395257	1227.69565217
1097.21739130	1260.87290970
1105.95000000	1280.20294118
1102.10337079	1623.03146067
1101.37209302	934.13178295
1099.85517241	45.56551724
1101.20942408	748.19633508
1109.58047493	66.08575198
1106.91480447	282.18715084
1104.31797235	1637.59907834
1097.38931298	108.66412214
1097.67080745	1339.95652174
1101.53846154	1865.58791209
1108.01977750	1916.19283066
1106.33093525	478.50839329
1102.88757396	1529.51479290
1110.83385093	106.84006211
1104.72784810	1215.51898734
1115.15117581	425.03247480
1107.44695260	727.35665914
1114.38993711	1156.53249476
1119.93019608	253.51843137
1120.39350181	638.11793020
1110.59130435	1651.46956522
1112.82222222	353.45185185
1118.84508349	1436.48423006
1117.94346979	1481.16179337
1112.26666667	909.16969697
1115.37243948	1237.67411546
1109.97560976	1345.39512195
1118.43943662	83.91830986
1119.93081761	760.69811321
1116.46464646	1183.25454545
1126.93718843	874.13459621
1110.79545455	1462.36363636
1122.26022305	34.53159851
1116.63963964	925.38738739
1113.00537634	1550.29032258
1130.89090909	606.44210526
1118.56521739	1211.19732441
1127.19815059	323.29326288
1131.09055118	1663.96653543
1121.23728814	1716.34110169
1127.80747812	572.28957836
1119.41304348	655.94347826
1127.50171038	707.79133409
1122.56600000	1993.06200000
1137.90140845	1617.49119718
1123.52091255	1635.26235741
1127.94252874	1559.92528736
1127.43260188	1696.25391850
1131.23304348	1824.92347826
1124.69945355	1845.47267760
1133.26142132	1543.94670051
1130.46894410	1325.25465839
1122.80000000	1464.20666667
1125.08333333	342.47222222
1131.18006431	1414.65273312
1135.18090452	499.09380235
1137.89583333	1192.82083333
1143.04991681	143.90682196
1142.94641314	399.86603284
1131.60173160	929.91341991
1128.20472441	1885.15748031
1133.01886792	908.99056604
1136.04785894	1582.60705290
1147.23611111	204.48529412
1142.18285714	1455.01333333
1143.98595787	1975.01203611
1133.90000000	72.68000000
1146.77213115	904.16065574
1137.94703390	1214.25847458
1136.58720930	1392.69767442
1136.10434783	1471.70000000
1138.96111111	83.06111111
1151.96721311	114.14549180
1154.30637079	1855.77523264
1146.04234528	1714.91313789
1145.04524887	1888.33031674
1145.50526316	712.36052632
1146.07017544	295.03778677
1147.89490446	1405.47770701
1149.69957082	1571.60944206
1156.59154930	369.42253521
1150.12540193	470.83601286
1146.74454829	766.22429907
1155.25163704	834.69784846
1148.14285714	2014.96825397
1150.03903904	742.22222222
1156.69536424	251.05298013
1156.25974026	673.95324675
1145.41290323	933.99354839
1148.98654709	1422.74439462
1155.58741259	1475.06759907
1159.03593556	1671.54275093
1159.25226244	1251.75565611
1158.75223214	493.13839286
1158.50980392	721.03485839
1162.98555957	633.87003610
1157.86246418	779.47851003
1155.11025641	1219.53846154
1163.17633411	1603.64269142
1162.17204301	222.78494624
1164.71250000	230.13750000
1172.22745098	598.07450980
1168.77178423	1281.83817427
1160.02985075	1736.50746269
1167.97023004	57.05412720
1171.44596651	458.24048706
1167.22924901	1435.60869565
1167.98023715	796.88142292
1170.27536232	874.91485507
1165.17374517	1414.76447876
1163.79605263	1724.67105263
1171.00000000	33.81226054
1169.76415094	1643.49292453
1164.14705882	2013.53676471
1170.09737828	909.94382022
1168.97560976	83.03135889
1171.36591479	1211.83458647
1170.38186813	1911.11538462
1178.22727273	134.59725159
1179.88052209	172.69176707
1177.19836639	1766.13302217
1180.33622829	301.77543424
1174.78671329	1354.78671329
1178.89045383	1375.65414710
1188.74120083	217.40476190
1186.88914550	1631.71824480
1187.80111732	327.21340782
1175.91811414	392.22084367
1175.45000000	730.75666667
1184.17226277	482.71678832
1176.93103448	668.77115987
1176.52644836	1243.50125945
1172.97142857	1495.67619048
1185.71364318	1663.48875562
1180.43133462	1726.87814313
1186.35195531	96.91061453
1189.88251748	350.64895105
1186.12395310	2000.84757119
1186.56496063	716.14763780
1189.52848101	243.30063291
1190.05383023	894.16977226
1186.23780488	2015.59756098
1182.65232975	624.40860215
1184.92354369	795.72572816
1189.76744186	196.06744186
1192.56005398	1214.84885290
1195.87901701	1413.06616257
1192.75191816	1549.60613811
1186.51903114	1907.07612457
1193.22245763	640.11016949
1197.83888889	1687.63611111
1193.93096234	504.23640167
1199.71200850	769.13071201
1197.53846154	876.22719141
1196.11904762	1360.73214286
1197.94636678	1745.81487889
1193.93781095	391.87064677
1198.64651163	33.18139535
1204.77798165	415.78807339
1194.36301370	1885.61301370
1197.45824411	52.49464668
1200.53877551	119.35510204
1199.10400000	148.39200000
1213.68056407	284.63090129
1203.07835821	1774.66231343
1202.35483871	1379.96480938
1205.41797753	1869.26292135
1201.12048193	1921.34538153
1205.81849315	666.54794521
1209.00596421	1710.86679920
1200.82383420	1906.12435233
1207.38641189	1469.11889597
1213.94241417	172.91029900
1206.96703297	314.55311355
1202.96800000	1981.92000000
1209.43171806	1294.59030837
1215.55684755	1663.38759690
1220.10434783	1559.76811594
1208.92274678	1571.39914163
1221.42030697	477.23022432
1209.57777778	1541.40740741
1213.90149893	1937.12847966
1209.96045198	638.57062147
1211.68513120	1894.39941691
1221.92592593	581.49485597
1216.32887189	706.16061185
1220.25910931	1733.29757085
1210.60919540	2015.24137931
1222.50341064	214.21009550
1224.51665433	354.27609178
1218.17351598	1757.03652968
1215.63787375	1842.25913621
1229.36111111	1856.58479532
1232.12661675	66.20558203
1220.10000000	556.04000000
1224.47599451	39.58436214
1218.45600000	745.34400000
1216.58064516	902.14516129
1219.66225166	2007.36423841
1230.04306632	512.18173988
1222.32608696	1550.37681159
1217.79545455	1911.40340909
1228.33049818	148.37667072
1216.67826087	539.09565217
1225.68278530	654.98259188
1231.63166144	691.66300940
1228.79295775	322.32112676
1227.03903346	771.46282528
1228.81992337	1283.45593870
1228.73156342	1801.10471976
1233.22852234	1894.84536082
1230.17124736	123.25369979
1230.42005420	1416.50135501
1229.61279461	1699.03030303
1226.63076923	1771.95769231
1230.14733542	421.37774295
1228.08064516	1303.28064516
1224.16363636	1575.02424242
1225.47887324	1709.23943662
1242.46854460	1921.87981221
1229.45070423	1875.69014085
1237.06583851	804.30683230
1243.06791339	1829.52559055
1228.26771654	1485.35433071
1231.22404372	751.30601093
1243.36320305	1610.53002860
1237.43410853	712.94573643
1241.65694683	545.67924528
1246.51000000	620.47111111
1247.86323957	732.73617847
1245.56110155	1433.66092943
1239.00271003	1583.01897019
1241.89142857	472.80571429
1237.29054054	2009.14864865
1242.34389140	1722.04524887
1241.55345912	213.55974843
1236.53846154	461.81538462
1256.68852459	593.98251366
1247.16707022	373.60048426
1238.93548387	1735.08602151
1253.79113924	1789.62115732
1250.71823204	1411.94751381
1245.06413994	1876.11370262
1244.68055556	577.78703704
1246.83870968	192.48387097
1255.76421405	675.97324415
1249.43243243	41.50270270
1253.21350763	232.47494553
1253.06046512	462.99302326
1260.76595745	260.61382979
1256.08883553	102.22208884
1258.81126761	527.54647887
1256.64903846	660.29807692
1255.72255489	841.95808383
1263.24140212	139.00462963
1258.83152174	414.97146739
1257.96529968	762.33596215
1259.39505119	1296.97866894
1250.19642857	2000.69196429
1253.38489209	1730.64388489
1265.62982005	499.90616967
1262.07607192	812.34993084
1263.95219124	1356.91035857
1263.13058419	1395.80412371
1264.11111111	1338.53427896
1263.45965770	1897.92909535
1261.40782123	213.34636872
1260.23361823	572.85185185
1261.78160920	856.79885057
1263.74468085	879.09819967
1265.30033557	1877.60738255
1271.23809524	330.25502646
1262.75342466	450.38812785
1272.85438336	688.35215453
1268.88919289	1973.15868673
1272.73513986	370.37062937
1272.57692308	49.60545906
1272.71226415	555.46540881
1267.90058480	243.63157895
1274.09713376	293.63853503
1276.15873016	1530.50661376
1276.37406855	903.03427720
1266.20560748	1427.87850467
1271.54838710	437.72043011
1281.95081967	972.51713860
1280.52631579	31.67251462
1275.38170347	643.62933754
1275.68877551	753.67346939
1279.83495146	831.00416089
1279.33500838	734.54103853
1277.43611111	1728.30694444
1279.09074074	468.47222222
1275.55197133	621.01433692
1287.72399672	81.68796069
1285.51597633	408.88402367
1277.14953271	1381.71028037
1291.44824399	225.19685767
1281.77500000	607.21500000
1284.18750000	594.74632353
1279.15476190	1301.64880952
1294.35840188	1437.54641598
1298.57257257	1923.82282282
1284.89791667	270.23750000
1285.29059829	705.48290598
1293.77529412	1663.64941176
1283.38916256	1341.18226601
1286.40498442	1980.98130841
1286.77272727	1357.85858586
1291.14058355	450.30238727
1300.62334218	1401.73872679
1294.58695652	861.98160535
1291.56569343	916.89051095
1297.10291595	496.03430532
1298.42610837	1892.11453202
1300.34469697	248.09090909
1298.00917431	300.24311927
1300.30109204	347.82683307
1289.37962963	626.86111111
1302.19240838	110.18848168
1305.50275028	322.26182618
1297.53244592	648.08319468
1295.14453125	1870.12109375
1299.18346774	53.76209677
1297.46000000	380.66750000
1300.20646766	617.51990050
1304.59433040	787.37341153
1302.05061082	894.08900524
1297.71923077	1716.39615385
1303.54438642	699.82637076
1299.10655738	1348.40983607
1295.33139535	1698.93023256
1306.04836895	176.07649044
1302.51923077	749.81456044
1300.61475410	831.06557377
1292.56250000	1731.56250000
1309.19405594	726.18881119
1304.57380952	1001.30952381
1307.69194313	400.33412322
1304.28880866	589.34296029
1301.19141914	269.42244224
1304.58426966	462.70224719
1310.32243517	1527.56031567
1313.50600343	36.78730703
1306.55500000	981.44250000
1311.54495413	478.78348624
1305.41477273	1799.16477273
1308.84751773	669.37234043
1314.56940510	1391.32861190
1316.06810631	1640.46013289
1310.42569270	1861.79093199
1322.51243339	135.80994671
1317.98373984	849.80325203
1311.99293286	1779.97173145
1314.22383721	1936.11627907
1313.42622951	1354.27868852
1316.16949153	1464.98305085
1316.25779626	79.58004158
1312.68553459	269.53459119
1318.75550122	1816.11735941
1320.93271462	1956.62180974
1321.81266491	418.27704485
1325.73505060	642.56209752
1320.55922865	873.28374656
1321.06512605	759.31722689
1319.86466165	532.90601504
1328.59417808	1540.46061644
1321.43478261	200.58528428
1340.78855219	296.83973064
1330.36594203	1481.49818841
1326.84182306	165.82305630
1323.45886076	578.76898734
1334.14808044	1783.55758684
1328.54583333	102.33541667
1331.28363636	215.66181818
1323.08955224	399.74626866
1329.97916667	1834.51666667
1334.75762440	667.99518459
1332.30681818	1605.13181818
1336.72125813	994.91323210
1337.02191235	1498.93426295
1346.66075949	904.12658228
1330.52582160	904.65258216
1327.85326087	1930.05434783
1336.08281573	388.30020704
1338.83551402	1026.53831776
1341.16304348	78.01207729
1342.41551940	194.71964956
1336.97255575	326.82847341
1346.12631579	2014.02105263
1337.99669421	533.08429752
1348.31890661	960.82232346
1349.12156167	571.35936114
1343.98166432	792.60648801
1344.49078341	870.48617512
1344.21135029	1432.84148728
1347.53751705	229.93042292
1339.79591837	409.17687075
1346.27377522	602.20749280
1351.91212458	1686.51056730
1350.07872928	432.90745856
1343.22372881	823.55254237
1351.96315789	53.09736842
1350.06400000	1420.54000000
1344.16763006	1470.12138728
1343.75000000	106.32777778
1350.61672909	133.04494382
1361.63863636	458.94545455
1349.29508197	837.98360656
1349.85576923	1405.41346154
1343.51250000	1839.78750000
1365.00518135	1603.93782383
1350.84161491	1621.92546584
1351.04000000	1852.42666667
1359.96401515	502.38446970
1355.99042146	545.95210728
1351.56066946	1386.58577406
1361.16846986	1578.11901082
1353.95000000	1824.71346154
1356.11952862	1905.00000000
1355.38461538	162.87267905
1359.60849057	673.76650943
1356.31376518	1062.69028340
1356.38968481	1522.94269341
1353.77368421	812.51578947
1355.78353659	1872.93902439
1359.95642202	385.28096330
1361.36344969	1712.76386037
1368.33658537	849.57195122
1367.69438445	111.24406048
1360.97832817	1042.22910217
1363.61001789	989.72987478
1370.32424537	1020.64362220
1360.13850416	1798.85872576
1363.08376963	251.78795812
1366.75208333	323.17500000
1367.28618968	620.40432612
1369.09271523	776.40927152
1369.29890110	939.98241758
1368.06106870	593.84732824
1373.01164295	918.18499353
1375.70178042	802.65430267
1372.43827160	823.31069959
1369.04556355	219.02877698
1371.67353952	1757.36254296
1377.51321787	78.86235187
1367.68067227	1732.31512605
1367.95081967	1393.80655738
1365.11235955	1412.69101124
1376.20078740	33.16929134
1370.99788584	293.10993658
1367.20000000	1628.33142857
1377.48056537	1790.13074205
1369.53140097	1854.57487923
1370.80622837	1071.45328720
1376.73383085	48.52985075
1382.79534110	346.00000000
1383.89964789	1890.90140845
1371.61538462	1996.95384615
1379.60220126	875.12264151
1377.95505618	1832.90730337
1382.42057026	1467.52953157
1372.70000000	369.94000000
1380.97024793	535.73057851
1381.88480000	442.21760000
1382.18157182	1050.30081301
1383.00428266	976.40042827
1384.26666667	200.30289855
1379.22580645	724.41532258
1382.28776978	1984.88489209
1376.03680982	1416.87730061
1385.54853273	957.81941309
1392.63345521	1077.68372943
1384.89487871	1662.63342318
1382.29629630	1584.78148148
1386.38620690	999.92183908
1382.24064171	1953.97860963
1387.16311167	581.73776662
1381.22317597	1722.49356223
1397.18191161	1864.34326824
1387.26562500	1966.37187500
1387.67796610	275.24364407
1393.98484848	498.35252525
1388.32537313	1330.85671642
1390.18771331	632.79863481
1384.78378378	833.66216216
1395.15657312	1738.59379616
1398.71843575	135.20670391
1401.95164234	1681.67791971
1387.96078431	1775.64705882
1400.55373134	2005.46119403
1395.48571429	1537.44873950
1390.81151832	111.21989529
1398.28335626	378.47317744
1401.21600000	656.51866667
1393.19075145	1562.24855491
1401.76885246	716.33114754
1395.78431373	1819.50000000
1392.96276596	1367.89361702
1402.96507353	61.98897059
1401.12454212	556.38827839
1396.25000000	699.30681818
1407.79058824	39.90941176
1404.75709001	834.73982737
1391.94444444	1035.46296296
1405.99806576	285.80464217
1401.03378378	522.97972973
1394.63366337	816.19801980
1403.25078864	1020.82018927
1398.44590164	1167.66885246
1412.07041073	1802.34367142
1399.83577713	803.73020528
1409.23039216	1154.53104575
1409.40064795	1983.62958963
1402.87988827	875.64245810
1406.99728630	217.78561737
1399.70224719	1775.81460674
1399.85903084	1838.23348018
1410.82758621	247.78232759
1408.71676301	308.06358382
1406.49253731	1469.23432836
1413.90734824	407.58466454
1418.93091231	1756.47387068
1412.12683824	81.56985294
1415.10903173	983.56305940
1402.52857143	1575.10000000
1411.57345972	106.73775671
1404.84408602	538.46774194
1405.43023256	958.49127907
1418.17821782	1045.68206821
1412.44050992	356.99291785
1403.09929078	1696.27659574
1418.94766059	181.44250595
1414.42020202	1183.80404040
1403.93877551	1521.53061224
1414.95101351	630.62331081
1413.93538462	853.48000000
1414.90015848	1945.22662441
1411.81818182	1336.87987013
1412.52298851	457.31896552
1417.00000000	731.01680672
1410.65497076	927.10526316
1422.72065728	692.35563380
1419.46302817	149.42605634
1420.99838969	899.51207729
1419.91452991	1580.71282051
1422.49001052	1714.30809674
1416.18879056	1829.92625369
1414.72588832	440.19289340
1420.98651452	1406.79875519
1414.37577640	1531.12732919
1428.95676906	470.81569966
1424.42634315	515.49913345
1418.65682657	1844.68634686
1415.97883598	1882.86243386
1427.06654676	1782.39388489
1428.64508929	533.76116071
1424.86041667	665.09583333
1423.52162162	551.73783784
1422.86861314	935.52554745
1428.63419483	1552.94234592
1426.86679537	1017.46718147
1427.61181435	1860.75105485
1422.64071856	318.82035928
1430.20145631	866.75364078
1424.51583710	1125.22171946
1426.26415094	331.36320755
1425.43269231	1961.82692308
1423.89655172	1969.86206897
1435.22500000	623.36785714
1432.99788136	1640.54872881
1428.16467066	213.87125749
1431.89135255	1469.74944568
1431.51336898	1487.92780749
1428.60465116	61.36744186
1431.93987342	444.90506329
1446.47850770	921.57826440
1435.62538700	230.04953560
1430.61470588	1238.78235294
1441.31159420	1676.64492754
1438.64161850	1898.71242775
1436.80805687	297.18720379
1439.90000000	1103.76792453
1436.39294710	1403.74055416
1437.05025126	1940.74036851
1443.51063830	1968.65673759
1437.32188841	354.78969957
1440.38419619	276.95367847
1434.71527778	1504.81250000
1437.73059361	244.66666667
1436.92207792	1735.55844156
1439.46652268	1999.11231102
1443.73831776	258.51635514
1443.90381679	412.29007634
1440.71212121	435.06060606
1441.40909091	894.30454545
1446.68137931	1054.38896552
1445.87393162	1836.77777778
1449.82248521	47.56065089
1451.11634757	1581.46097202
1442.48249027	126.75486381
1450.24223602	1231.10683230
1443.20588235	1598.45378151
1448.84306569	1443.83211679
1442.85474860	70.34078212
1457.04761905	688.24295432
1447.67029973	709.63215259
1447.80362538	1796.76132931
1451.28474576	146.28644068
1452.77301927	1022.41113490
1453.40312500	1084.55312500
1457.30824891	889.33719247
1449.85201794	1544.42376682
1454.30255403	589.35756385
1454.47189349	1757.88017751
1448.70114943	846.07279693
1451.59633028	1736.42507645
1448.02010050	1778.27638191
1453.13562387	1495.67269439
1457.37592138	1413.10565111
1449.45038168	1425.19083969
1453.05128205	1986.91666667
1451.89603960	1563.44059406
1452.66242038	427.89171975
1462.67572156	1265.23599321
1458.52554745	235.77007299
1453.24657534	463.24200913
1463.18377322	291.94232649
1457.60849057	750.13679245
1459.11990950	2002.71040724
1462.34364821	77.26547231
1460.22850679	365.23529412
1467.53765933	442.90498262
1465.18042813	761.68807339
1464.86699507	1651.51888342
1456.50000000	1433.50000000
1460.24031008	817.69379845
1468.36855670	35.99226804
1468.72198276	780.66379310
1466.73036093	1820.71549894
1473.60233918	260.05964912
1475.97181628	499.73382046
1459.57894737	1506.57017544
1466.75757576	1974.58008658
1470.80059524	1571.52083333
1467.68092692	1791.93761141
1474.54910097	1950.14799447
1470.54295533	571.02061856
1467.05714286	1004.27142857
1467.22509225	1428.81180812
1474.19607843	407.12669683
1475.40892857	873.73392857
1465.49553571	1537.73214286
1482.62555457	1736.25643301
1472.75322284	1050.76611418
1471.11392405	515.54430380
1477.67912088	1779.14945055
1481.18853974	1282.26802218
1491.10625000	173.27890625
1474.01355932	1501.05762712
1475.31785714	2009.02142857
1484.07362784	716.16064257
1475.97590361	597.65662651
1479.64417178	1025.10020450
1490.10059676	218.91645354
1489.94902913	310.81715210
1487.13483146	998.86677368
1490.25352113	1623.04107981
1488.29429134	1864.67125984
1486.66101695	527.96610169
1484.04026846	610.01677852
1492.61032532	1080.51838755
1482.73198847	1154.39193084
1483.77678571	1671.40535714
1487.77491961	1433.06752412
1484.97272727	1541.92727273
1484.16800000	853.02400000
1483.37073171	431.43902439
1498.00974314	588.41629761
1482.38461538	736.97902098
1492.12406015	1932.82706767
1492.09295775	481.40000000
1489.53394495	902.57614679
1490.57489301	970.02853067
1486.76190476	1519.65178571
1487.36538462	119.10769231
1489.91935484	796.96612903
1501.85991510	82.04123711
1492.72312224	138.81443299
1495.80465718	1768.70892626
1499.81576145	40.11501597
1489.59750000	1813.00000000
1495.10732984	1899.58507853
1497.70926966	452.36516854
1495.30392157	422.10457516
1491.26635514	948.14018692
1497.59398496	1125.42105263
1504.73108384	400.73517382
1496.24824356	1049.04215457
1493.73451327	1572.35840708
1505.31853496	371.15538291
1501.45328283	550.75378788
1506.89968404	757.01105845
1507.80184941	1585.70541612
1495.98561151	1794.86330935
1509.24340176	1701.73411535
1511.83830172	1667.52664860
1516.47462687	261.79776119
1503.44753086	644.50000000
1509.83590463	1957.64516129
1502.20253165	1536.53586498
1502.86387435	1559.27225131
1504.16981132	940.53301887
1502.75196850	1513.54330709
1506.33502538	662.48730964
1512.20819113	682.34641638
1510.48725212	808.82436261
1509.44473684	1616.99210526
1504.17085427	1822.57286432
1517.19585253	1183.92972350
1517.64371257	1792.94211577
1515.77262693	824.03973510
1513.12666667	529.40333333
1506.27642276	796.68292683
1515.35162095	1753.12219451
1507.44827586	431.12413793
1523.15822785	784.03006329
1510.25132275	1431.29100529
1520.21720117	957.39941691
1506.67924528	955.84905660
1519.26072041	1036.76672384
1517.86168741	1730.62517289
1510.71573604	163.54822335
1517.51903114	569.97231834
1518.59636731	131.27043391
1515.64312268	841.27509294
1522.48604993	1557.52716593
1521.53750000	513.29375000
1515.89576547	631.08469055
1519.45093458	1138.93457944
1521.45833333	1531.52678571
1520.41116751	2014.59390863
1523.31369661	1059.52430044
1518.16959064	1090.28947368
1525.43550296	1113.77514793
1515.83673469	1933.05306122
1524.12719298	323.01425439
1525.60986066	1990.82529475
1523.60465116	210.13289037
1524.63405797	611.39311594
1532.52935943	451.49644128
1520.91459075	653.91103203
1527.65350090	1858.63734291
1525.91506849	1512.08219178
1528.11807229	158.49397590
1526.04736842	183.31578947
1526.88212928	668.98098859
1524.61340206	551.63659794
1525.63054187	1969.19704433
1529.04761905	581.11904762
1537.12834821	1273.90959821
1523.82191781	1492.59589041
1524.42574257	1629.45544554
1532.53319714	416.72216547
1526.56488550	771.78625954
1539.69571046	349.89812332
1542.98547215	371.40920097
1540.08556701	703.32886598
1532.78896882	923.41726619
1536.50796178	1946.26592357
1543.61491161	1813.63566487
1535.50152439	89.37347561
1548.04725898	803.27599244
1535.85714286	1584.65037594
1533.38131313	1606.24747475
1534.15068493	760.23972603
1536.09118541	1151.32218845
1530.91851852	628.68888889
1534.39130435	724.48369565
1540.20714286	988.36714286
1532.83333333	682.51190476
1538.29280397	738.62034739
1534.34181818	1699.70909091
1538.55183946	531.19565217
1538.06857143	1443.43142857
1552.43454259	306.64668770
1546.78078484	1073.85250338
1543.49481865	1619.94818653
1538.78476821	1723.62251656
1540.63773585	940.28679245
1537.84905660	1091.91698113
1534.30412371	1750.84020619
1549.02579853	1124.45331695
1536.76760563	1677.33098592
1543.52593660	131.93659942
1543.66355140	173.66355140
1545.12954545	1196.89318182
1547.31893688	1688.21262458
1550.44124169	2002.41352550
1545.06622517	1248.85430464
1554.56647020	486.86574984
1550.26875000	1975.09375000
1550.79354839	622.83440860
1551.01226994	672.54478528
1546.51860465	1552.71860465
1551.37715517	1868.92887931
1554.03963012	399.31307794
1545.78000000	717.50000000
1545.08032129	1521.13253012
1550.88157895	246.49436090
1548.16806723	571.93697479
1545.92592593	1705.56790123
1553.02412281	750.83771930
1549.23809524	1716.46825397
1558.75625000	59.12343750
1562.12291052	551.87512291
1567.48543689	999.38557559
1552.55793991	1232.51072961
1554.68253968	117.10317460
1556.80000000	1262.54285714
1555.03355705	1343.68791946
1559.06980803	925.78010471
1558.46351931	1051.13519313
1560.43735499	90.22737819
1565.09375000	435.67788462
1553.71957672	1593.53439153
1555.31854839	1954.72177419
1555.81428571	1015.05000000
1563.78559177	1705.06518010
1555.31515152	725.02424242
1562.39019608	1096.78235294
1565.09561129	1446.85736677
1556.91566265	1967.66265060
1573.34578043	160.70799104
1556.07352941	1576.40686275
1561.37043478	1653.79130435
1568.91130012	195.43013366
1570.20890411	1022.42123288
1569.61530507	851.72905895
1562.89204545	1148.92613636
1562.16577540	1899.85561497
1568.59815242	340.63972286
1577.09210526	33.52894737
1575.15213946	754.22979398
1565.17149220	885.50111359
1571.21771772	1467.04204204
1563.82159624	1880.61032864
1567.33689840	1245.34224599
1566.03768844	133.46231156
1569.17914439	827.90106952
1576.30396476	1217.68281938
1563.39830508	1133.38135593
1570.98382749	357.68463612
1572.81690141	945.38028169
1570.98854962	1277.92366412
1565.65517241	723.25517241
1566.61538462	1334.43786982
1566.45454545	1431.48181818
1580.18661088	406.08117155
1578.92539455	606.75753228
1579.10101010	711.20202020
1578.95723014	902.03869654
1569.62729659	1584.83727034
1571.27837838	1928.98918919
1575.64320388	2008.32766990
1576.46346555	1063.07098121
1574.26229508	1967.94171220
1577.33537832	115.39059305
1574.07171315	289.65338645
1580.28330523	513.84991568
1573.34782609	530.30978261
1575.60200669	1988.09698997
1574.98615917	625.37024221
1576.34990440	1124.08221797
1575.47439353	1317.06199461
1584.66222760	54.59200969
1586.55431131	1633.03023516
1580.70156250	1808.78906250
1581.75395431	666.73813708
1577.88770053	1602.80213904
1583.18416206	1767.01657459
1581.44394619	1880.85650224
1577.04545455	1093.66883117
1589.35313808	454.67949791
1580.00000000	1333.81111111
1581.93051360	1663.29003021
1586.68804159	303.50433276
1596.02014388	1157.58417266
1589.76260504	363.65126050
1590.76906780	1397.61652542
1587.79120879	1704.43040293
1591.29158879	1895.81869159
1584.51063830	379.41843972
1589.93346008	274.17680608
1588.09342561	1109.21799308
1594.80476190	181.05238095
1590.44748858	1676.67123288
1589.75873016	535.77777778
1600.05516266	921.20509194
1599.86564299	1128.60652591
1594.90590810	1938.46170678
1593.59210526	2014.46052632
1594.93449782	1601.29475983
1601.61349693	1658.49079755
1602.09898763	90.40044994
1599.03333333	221.59523810
1601.89088575	856.07702182
1604.92550790	130.32505643
1601.97806216	1235.59414991
1609.25925926	1319.85112564
1606.24299065	391.61014686
1604.18775510	728.55918367
1599.11952191	831.11155378
1602.11384615	1512.10461538
1596.69178082	1962.91095890
1605.50580046	1422.81438515
1614.33385335	672.24570983
1610.61440186	1100.18466899
1597.71951220	1644.58536585
1605.20273973	1870.30958904
1613.00142450	38.09829060
1611.47090909	1760.71272727
1611.20175439	421.91520468
1605.50819672	1983.04918033
1612.02402957	351.77449168
1611.18475073	876.61583578
1619.99806389	2000.92158761
1608.04866180	297.17274939
1617.58554729	1837.24123273
1612.64946889	625.41426404
1614.87599364	701.90620032
1616.44377510	1065.73493976
1615.42370572	1545.52179837
1619.37003058	62.07492355
1619.64839319	556.76370510
1616.57710280	572.56074766
1609.56521739	2014.59782609
1616.22148760	158.82644628
1616.48953975	333.74476987
1623.29838710	110.11129032
1622.10022272	458.12843356
1621.99843014	1645.15070644
1618.66911765	493.00183824
1618.15824916	835.44949495
1612.03255814	1626.77209302
1617.20689655	1882.75369458
1623.84684685	1187.56756757
1620.03225806	1506.05913978
1627.29218107	186.99794239
1621.40449438	937.17078652
1625.96176471	312.58676471
1629.09221902	595.45677233
1621.30088496	1079.93805310
1625.13571429	228.39047619
1620.74137931	1728.50000000
1631.30926217	1336.73312402
1630.03795967	375.83985765
1629.29528536	287.63027295
1623.62162162	1898.20540541
1627.47272727	1751.91363636
1634.80534918	644.42644874
1631.65263158	728.10977444
1634.37137331	1360.75048356
1627.36623377	779.08831169
1635.60510204	1259.76224490
1637.32097187	883.45907928
1628.17441860	1234.04651163
1635.66772655	1673.75993641
1638.78389831	617.30790960
1632.09183673	821.58843537
1630.67197452	859.56687898
1636.10000000	1130.13541667
1635.28680688	137.73231358
1639.50566426	410.39031926
1634.78595318	48.24080268
1632.64601770	1784.89823009
1644.87261905	1101.25833333
1637.89290495	1551.94109772
1640.21814672	698.68532819
1644.16531605	252.41815235
1644.56570156	546.11915367
1634.94270833	1732.96354167
1646.02154750	493.28207640
1636.47058824	839.89304813
1637.86516854	1846.38764045
1644.39329268	273.02134146
1649.56010568	1698.27212682
1651.50622407	1179.76348548
1644.90452261	583.76633166
1640.57142857	955.01503759
1657.64771748	1869.85271318
1655.45050505	213.89393939
1653.35171386	432.82712370
1647.32319392	1209.57984791
1658.06105733	1384.52047655
1649.67857143	1797.41666667
1651.30109890	113.17692308
1646.69354839	303.64919355
1647.69129288	326.24538259
1646.73097826	2007.66576087
1647.36548223	235.50253807
1654.52798054	360.60948905
1650.90069930	674.33986014
1653.91557496	770.11499272
1652.28140704	1989.39447236
1651.20454545	718.59545455
1649.89084507	1343.49647887
1658.39037433	173.40819964
1646.38800000	455.29600000
1648.53741497	288.78231293
1649.33670034	864.79461279
1651.37538462	742.66769231
1654.49226804	1118.93298969
1655.97530864	48.56944444
1650.74358974	1842.41346154
1654.29102167	959.92879257
1654.36453202	910.21674877
1652.29655172	643.14482759
1666.17193426	462.58533502
1659.47796610	801.36271186
1658.23773585	1038.07169811
1655.82812500	1358.35937500
1675.02725724	70.48977853
1668.15672677	136.06380028
1666.45924225	390.09414466
1664.99571734	635.11777302
1660.42028986	653.52898551
1667.08695652	1267.84136310
1664.47471910	859.37078652
1672.43271768	1200.69261214
1667.09861111	1778.89305556
1659.64197531	2015.39506173
1664.45398773	326.01840491
1673.98222222	262.36444444
1670.86821705	288.70232558
1662.40160643	306.00000000
1667.60740741	512.07962963
1667.07343413	1225.58963283
1663.56097561	1332.34634146
1675.48196248	100.51515152
1668.15457413	543.40378549
1669.13636364	1160.20681818
1666.23140496	238.14462810
1675.64718163	573.91544885
1674.93344710	1408.03754266
1680.53015075	2004.22613065
1673.07085020	668.19230769
1674.41232227	1348.83412322
1667.69343066	1659.93430657
1676.75317348	1980.33286319
1673.85319149	1539.68085106
1677.83095238	793.84047619
1671.66371681	1292.94247788
1682.40308370	920.64977974
1680.77985948	477.58313817
1677.13225058	956.84686775
1673.95945946	1080.67567568
1675.11676647	1698.41616766
1676.56156156	750.01201201
1680.83028083	1040.90231990
1680.45804196	1557.16083916
1683.39910314	431.81464873
1682.99617591	1235.49330784
1681.56689342	1432.11564626
1683.33891993	979.08566108
1686.76133652	1096.84248210
1682.61607143	155.02380952
1696.62235394	353.43776461
1680.74642857	1714.38214286
1687.41400000	645.28200000
1691.52075919	381.02728351
1692.79946164	1683.83041723
1690.12477718	1942.81639929
1691.57833089	859.03074671
1700.81271838	495.62823201
1688.00296736	1284.66468843
1689.46462264	1848.05188679
1697.94907814	532.57682177
1694.45942029	820.59565217
1692.99337748	672.17715232
1699.64769648	1312.12104788
1694.05913043	1787.31478261
1688.87786260	452.83969466
1702.41798942	1433.68959436
1699.69487751	789.40089087
1695.58695652	191.27717391
1701.71361502	281.75586854
1699.11601513	886.18284994
1698.77954545	994.66818182
1689.98305085	463.69491525
1699.41566265	1964.22891566
1705.63819692	139.14946619
1708.35908441	1259.85407725
1706.83175355	1756.05924171
1711.96066380	745.09956976
1707.23025210	411.78487395
1698.13815789	1062.25657895
1712.28856826	1233.44395117
1713.20349435	970.56526208
1706.00000000	442.32158590
1704.79665072	459.76315789
1698.26717557	1031.49618321
1704.81632653	86.25170068
1708.30464716	579.47160069
1706.90873016	1077.15873016
1702.64550265	429.41798942
1705.58803987	942.51495017
1713.96842105	1147.48721805
1709.72928177	1176.02209945
1712.90909091	2014.06493506
1710.64113786	655.59299781
1716.20362903	686.12903226
1703.03846154	1701.07692308
1713.15631692	1802.32976445
1715.65905632	621.77016743
1719.05563910	336.57142857
1712.51585014	1046.36599424
1717.60317460	43.92743764
1718.93814433	175.59793814
1718.03140097	1064.37681159
1711.38486842	1684.58552632
1724.06900585	198.96491228
1721.06964286	900.95000000
1725.47482014	308.28879753
1724.72506083	829.76317924
1715.70000000	1702.65263158
1716.93313070	1962.57142857
1726.26102941	670.85294118
1727.67680608	1100.06337136
1735.58798736	1713.45416228
1717.27346939	1732.84897959
1728.55909091	777.69772727
1717.05813953	951.20930233
1720.74285714	432.44897959
1724.85548173	1332.71262458
1726.29562982	801.70951157
1725.51246537	83.61495845
1719.60869565	935.59627329
1737.74882629	1161.02347418
1733.41717791	250.15644172
1724.64572864	465.66331658
1728.72649573	1642.96296296
1728.05928854	368.25889328
1733.27054795	1815.82705479
1731.41731066	276.50231839
1725.28723404	599.80851064
1724.32258065	1032.03870968
1725.85113269	1680.84466019
1737.97897503	218.80289093
1733.01126761	1738.63943662
1729.72762646	1834.09338521
1738.58243081	702.64500602
1726.95628415	1181.92896175
1727.48684211	1248.12500000
1728.48846154	655.08461538
1730.44075829	957.84360190
1739.59888268	105.20335196
1729.54088050	1044.07547170
1730.94642857	1467.58482143
1731.57627119	1754.73446328
1735.80668258	924.22434368
1730.91623037	944.29319372
1736.71594684	1266.28903654
1732.38275862	889.45862069
1736.05865922	1530.77374302
1734.22813688	1696.79087452
1741.75497382	1016.53403141
1738.45396825	455.29206349
1733.35882353	635.90588235
1736.74796748	1188.13008130
1736.57471264	51.20689655
1745.84738956	71.40428380
1744.64099783	619.15943601
1738.85714286	1203.59852217
1745.20542636	1626.54844961
1738.74501992	1228.16334661
1744.56190476	1241.42857143
1745.22013652	1449.86518771
1738.69387755	334.09693878
1748.48910891	1344.21584158
1748.96058091	682.82987552
1749.30571762	733.25554259
1743.20571429	1086.02285714
1747.37848606	1324.21713147
1756.12351190	1770.77008929
1754.56008584	349.73283262
1756.97824116	655.63191296
1743.25190840	1076.52671756
1748.53769841	1563.75595238
1755.05083089	858.64711632
1748.12268908	509.26722689
1759.24335966	768.07896626
1749.41007194	1251.78417266
1744.85507246	1656.60386473
1749.48346056	1042.74809160
1749.84186047	1957.00232558
1759.71825877	235.62152358
1754.21061360	268.83250415
1747.04310345	960.24568966
1751.67863555	1112.17055655
1750.60120240	938.50701403
1745.77631579	166.46052632
1747.73170732	490.09146341
1752.73060029	813.73499268
1754.68710359	1887.63636364
1750.29078014	321.43262411
1749.21111111	1504.00370370
1761.30049875	1548.29800499
1750.11274510	1743.31862745
1762.17445483	916.93302181
1764.00996016	385.69322709
1753.90839695	881.26717557
1762.08482143	186.92261905
1756.65420561	1177.02803738
1764.30389222	1822.38473054
1755.80392157	1309.30065359
1768.26445396	160.45396146
1778.60016488	312.75927453
1766.66604478	288.52798507
1757.50000000	477.52747253
1764.60270270	1517.61081081
1770.10756972	1291.07835325
1762.60714286	1396.33516484
1767.50315789	414.22736842
1773.90664100	438.49278152
1769.50245700	1262.55159705
1765.63073852	1132.54690619
1763.51273885	1660.31528662
1765.63396226	991.62641509
1763.23015873	1008.27777778
1763.86690647	1158.45323741
1768.66746411	211.59330144
1773.85922330	949.46601942
1774.31030578	1053.01812005
1770.05229794	1743.00000000
1766.25000000	487.26562500
1763.51552795	1468.21118012
1771.57446809	331.22074468
1768.66666667	1025.96573209
1779.22397770	1090.35408922
1765.94736842	1313.92105263
1768.50299401	1878.50898204
1776.80485116	687.91069460
1769.72950820	884.34016393
1779.31939163	2006.63878327
1781.29805616	503.84449244
1769.05851064	1183.26595745
1783.29521277	1679.22473404
1768.40816327	475.84693878
1780.93407821	725.17206704
1787.59733531	1454.82679497
1774.44262295	747.16393443
1775.29082774	1977.63982103
1774.26898734	811.42721519
1774.04716981	1113.09433962
1779.68055556	1409.11666667
1775.05645161	1809.41129032
1791.53853383	472.24530075
1785.47262774	590.95255474
1777.24742268	868.56185567
1785.28537736	1245.57547170
1789.25362319	1727.83876812
1791.14136546	547.75903614
1787.08947368	1160.16710526
1792.25414365	1341.58011050
1786.96897038	364.15091678
1781.01365188	1132.41296928
1780.16964286	1329.69642857
1795.29964222	1369.10822898
1797.42892562	917.59752066
1789.57001972	201.04733728
1792.24236453	232.76551724
1788.50903614	610.63253012
1791.10967742	766.86666667
1787.91489362	1884.29483283
1789.16842105	1752.85789474
1792.42376238	1769.91287129
1791.81313131	33.82323232
1793.26283988	1018.62990937
1789.58981233	1282.08579088
1802.36892583	1602.52429668
1786.89385475	1815.97765363
1784.03333333	665.45000000
1798.56441718	991.26134969
1798.43740573	1118.52337858
1800.55555556	179.82295482
1789.59183673	407.13775510
1798.24759615	625.05048077
1792.50763359	960.37404580
1795.32929782	1195.47699758
1798.82038835	645.67718447
1808.46343537	749.25425170
1797.84263233	1507.53505007
1793.39354839	1665.34193548
1801.56756757	1975.37422037
1791.45600000	663.87200000
1802.86995516	854.76532138
1808.08289474	416.59342105
1801.92812500	1051.07343750
1795.87826087	1415.96086957
1797.56650246	1996.28571429
1798.27941176	393.17156863
1798.97560976	686.18847007
1801.91803279	77.84836066
1800.07031250	1099.82812500
1807.77121212	1303.10454545
1808.17089679	707.71742809
1809.67595819	1705.68989547
1809.01515152	515.60774411
1806.89680590	822.29975430
1812.05084746	1079.74576271
1813.76499508	1173.01179941
1802.91794872	1748.89743590
1801.90322581	1089.20967742
1814.58437146	376.28425821
1811.32425743	592.24381188
1804.96703297	957.02197802
1821.62997225	654.69565217
1814.61075269	1787.18279570
1813.86859688	1259.37639198
1808.48275862	2010.24482759
1814.33811475	37.86680328
1819.26199616	281.79942418
1813.23319328	1430.95588235
1817.08945687	251.64856230
1813.43489583	1206.82291667
1810.59459459	1760.55405405
1811.11510791	397.53237410
1807.18181818	633.40909091
1812.33908046	453.81034483
1810.60176991	1094.59292035
1812.77177177	1520.02702703
1822.58372093	548.54651163
1813.89908257	613.52293578
1825.07037457	939.08740068
1824.06187767	1012.28093883
1820.44221106	1139.44723618
1831.91214470	1384.58570198
1822.44629630	229.68703704
1817.30344828	628.84827586
1829.53993251	838.12710911
1820.56655290	1401.32081911
1814.65714286	1456.72000000
1821.22857143	1768.58367347
1833.27249135	495.50173010
1822.61633663	1738.06930693
1821.85353535	905.57070707
1828.46180556	1101.13368056
1820.99473684	571.85789474
1818.15126050	1120.31092437
1825.71951220	1249.01829268
1822.59714286	202.16000000
1831.47152847	465.79720280
1828.53697183	1229.67781690
1824.90705128	1346.10576923
1822.22222222	1494.17921147
1822.61643836	1904.09315068
1829.56769984	811.73572594
1820.27173913	1621.00543478
1822.68817204	1883.56630824
1823.90867580	1468.33789954
1832.21265823	1724.62278481
1826.41686183	1046.02107728
1834.05976096	1511.28950863
1830.54362416	1811.37751678
1829.24664879	1632.84182306
1826.35428571	617.40000000
1826.73846154	697.66769231
1826.97297297	1697.50675676
1834.83116883	2014.46753247
1837.78323699	218.86994220
1840.15265082	426.63436929
1828.86956522	1125.82608696
1842.91912709	702.60847240
1839.08173913	1605.56173913
1840.69689737	270.60620525
1831.44943820	590.08426966
1829.06060606	754.18181818
1830.56481481	1113.11111111
1843.23439490	1779.22547771
1833.37837838	602.80405405
1840.70757180	919.73368146
1846.28656126	744.77569170
1840.15027322	578.40983607
1843.38461538	1361.11208791
1852.54673721	1553.49559083
1843.11735941	1642.30806846
1850.39813582	401.90279627
1845.18287938	873.69779507
1838.78879310	1887.97844828
1852.41831239	156.81867145
1848.04324324	898.25045045
1840.93043478	1051.71014493
1843.23076923	1194.10859729
1843.09650924	785.97535934
1844.59523810	1123.79365079
1840.97047970	1145.76752768
1843.93078759	1173.08114558
1847.96725784	612.70122783
1844.81686047	1338.92151163
1840.49079755	1744.09815951
1841.06201550	258.89922481
1851.35400517	243.32299742
1855.82331512	301.73041894
1862.55416406	1940.39949906
1848.49624060	677.83834586
1862.05084746	1802.40977069
1847.74400000	1910.79600000
1848.73387097	910.38709677
1848.47222222	1244.91666667
1861.52397743	1661.48589563
1852.38222222	1827.25333333
1858.01796407	723.99600798
1855.45428973	1218.36708861
1843.26923077	1628.26923077
1852.86111111	2003.72222222
1858.32234957	940.49140401
1854.87401575	1737.25196850
1863.20030120	1158.14457831
1859.28735632	1468.71034483
1855.48947368	1624.71052632
1851.22047244	1701.70866142
1850.92500000	819.84166667
1860.45219638	1766.48578811
1864.50822669	534.99542962
1859.72012579	832.61006289
1858.18484848	1611.00606061
1865.51053640	356.77203065
1854.51111111	1068.40740741
1860.33333333	1690.82026144
1856.15217391	587.08152174
1861.87196468	777.17660044
1858.68138801	1509.10410095
1862.71080139	815.25087108
1867.43626571	1279.23877917
1868.11546392	1893.42474227
1861.65808824	271.31617647
1869.04778157	488.08191126
1868.37982196	844.84866469
1864.22709924	1355.67748092
1865.36176471	443.85294118
1872.60925197	1186.97539370
1877.67139175	923.73969072
1863.62589928	1906.89928058
1873.15808383	698.58203593
1872.21035058	881.50584307
1874.68320611	1229.10687023
1876.74378109	34.79104478
1876.73389356	803.46638655
1872.62554113	391.93506494
1866.87000000	1634.98000000
1877.33826248	62.31146026
1869.20987654	284.74074074
1870.95744681	859.59148936
1874.46613546	1250.10358566
1873.08609272	1577.69315673
1868.60924370	1995.65546218
1871.19647355	1831.08564232
1886.10008780	1383.10008780
1876.68058968	134.63144963
1879.42678348	578.21777222
1879.88940092	1062.84485407
1883.94086429	1445.61258529
1881.09567198	1483.97494305
1876.60045147	1514.45146727
1873.38068182	1915.16477273
1875.75965665	262.22532189
1872.27439024	1561.29268293
1873.40206186	1625.25773196
1879.33828996	751.22118959
1886.47661188	901.86346397
1883.24826904	320.66963403
1873.12871287	767.00990099
1886.29396662	724.43774069
1885.44316310	985.54036244
1882.96657382	151.78551532
1883.96671290	1134.60194175
1882.35866983	1334.50593824
1877.78066914	1685.60966543
1882.74721190	376.09293680
1885.93589744	408.53076923
1884.04320988	462.50617284
1883.87619048	1409.09841270
1889.59036145	1925.72289157
1885.20042194	776.28902954
1882.19512195	1860.40975610
1883.36742424	286.47727273
1878.76388889	823.37500000
1886.15137615	829.23853211
1891.15164521	1760.34048641
1888.18705036	1168.84892086
1888.65373134	1554.34477612
1894.90752351	359.96238245
1887.37062937	1824.37062937
1893.48721805	851.99398496
1887.17826087	1697.63478261
1886.09923664	1812.98473282
1894.92443325	175.01511335
1887.48979592	537.43197279
1901.12518629	1612.69895678
1898.42601626	1301.27479675
1889.33739837	1901.34959350
1902.91390728	268.53200883
1902.20211361	669.69749009
1895.31840796	688.62189055
1902.09900990	1869.13613861
1897.57615894	601.89624724
1908.41090317	1093.09031733
1892.04651163	163.13953488
1894.42168675	389.53012048
1897.59344262	561.72786885
1898.67302452	1152.38964578
1899.97570850	1008.92307692
1911.07764953	1121.06190976
1903.02995008	1683.57237937
1895.84750733	1954.12903226
1896.59734513	43.13274336
1893.58333333	130.77777778
1897.82845188	310.30962343
1902.45021645	804.05411255
1903.12723658	1335.95626243
1905.77139208	149.64878672
1899.41290323	292.73548387
1904.22309711	703.77427822
1900.46408840	1810.23756906
1904.38336347	68.16998192
1897.51773050	544.31914894
1909.18892508	1183.04560261
1912.53265306	390.12857143
1913.79973298	455.57543391
1914.20776420	1475.02300503
1908.65107914	751.74460432
1910.99337748	786.07019868
1908.69375000	1535.28958333
1909.61428571	1750.76571429
1906.75059382	976.09976247
1908.72040816	2001.33265306
1912.02342342	1220.63603604
1916.77830189	39.58176101
1908.06808511	419.05531915
1907.63422819	913.99664430
1914.86019737	1430.34046053
1908.13270142	933.45971564
1914.34289617	318.76502732
1914.89077413	559.24920467
1913.46472019	955.09002433
1916.93466667	1391.61333333
1914.28838951	1949.77278402
1915.70912548	182.28136882
1915.78062157	1283.27787934
1913.81850534	1317.46263345
1922.25944584	903.78337531
1924.03290247	291.85193890
1913.22839506	1153.05246914
1915.78571429	2016.30000000
1911.00000000	692.23188406
1922.65046296	888.12731481
1919.94249201	682.43130990
1920.39606742	1891.95224719
1927.16751788	517.61593463
1928.80840164	646.50717213
1922.05645161	428.39784946
1921.21198157	939.48847926
1924.53617021	212.00000000
1925.04436860	148.47098976
1929.64462810	1165.88636364
1926.84782609	1448.72463768
1928.19934641	227.05882353
1928.74946004	253.27861771
1938.89882353	788.60235294
1935.70275229	975.14220183
1930.03747871	110.34412266
1929.40217391	759.94130435
1936.50809061	1145.10679612
1935.38252427	1049.27864078
1934.69195751	1251.96813354
1929.58064516	1784.49379653
1927.29870130	2005.11363636
1925.92436975	1365.42016807
1932.28755365	1645.64592275
1925.61855670	1757.50515464
1932.69614512	339.50113379
1939.57142857	1860.09831029
1933.83561644	441.72602740
1932.51351351	921.83783784
1944.74826790	1314.67205543
1932.68750000	1988.43750000
1942.19963370	52.58424908
1935.95229008	554.95801527
1937.39189189	1217.36216216
1940.91122715	1232.85900783
1939.69047619	1294.12169312
1934.78102190	1764.43065693
1946.96057924	394.18825422
1946.11944719	943.60710760
1940.11886305	1022.28940568
1946.79760120	1126.45577211
1947.08167770	180.05960265
1939.85234899	465.04697987
1940.83754513	1006.25270758
1937.01754386	1433.96929825
1938.38918919	1462.01081081
1947.87084149	1361.31115460
1947.82790224	1395.84317719
1943.28491620	1660.35754190
1937.21951220	254.58536585
1947.62773723	583.96715328
1945.03846154	70.36217949
1947.51620370	1756.05092593
1961.46724470	94.50096339
1961.49153738	131.53667137
1957.28952772	536.44866530
1954.95752896	892.16988417
1950.26064736	1580.27597956
1957.88327316	767.81107100
1951.79322034	909.87457627
1944.75000000	1446.54838710
1952.28162291	450.91169451
1957.28807659	1990.33681462
1944.95454545	111.34545455
1953.04770017	1512.88245315
1957.57733990	1901.33103448
1962.16301887	720.16452830
1950.25139665	1208.48044693
1958.12125535	255.71041369
1960.87915937	1188.09281961
1952.38188976	1738.16929134
1957.61873638	39.80174292
1964.72384220	1458.09433962
1954.09756098	1469.93902439
1956.61538462	502.48816568
1958.80994152	1946.85087719
1956.07500000	615.33500000
1964.73285199	691.71480144
1966.92011412	1242.37232525
1967.45036320	1488.54116223
1956.85714286	989.12925170
1959.91118421	1003.87500000
1966.95487627	1294.28675400
1968.60367454	164.27821522
1963.20512821	558.61538462
1967.59521219	1060.51360174
1969.00298805	1344.06972112
1968.56600660	70.21452145
1968.77459954	368.16361556
1967.59302326	1097.95348837
1968.12771739	1152.79347826
1961.25806452	1227.53763441
1969.65890411	1612.52054795
1969.52559055	469.23031496
1967.30864198	1213.80658436
1969.11884058	1274.16811594
1970.06153846	790.76666667
1967.14693878	965.33877551
1971.15136476	985.44168734
1967.18705036	1725.46043165
1972.14084507	308.94542254
1972.71897810	829.89781022
1966.83246073	1568.86387435
1969.33136095	1739.76331361
1972.38580247	341.05864198
1972.58479532	489.15204678
1972.17647059	807.09558824
1972.66847826	1438.48641304
1969.27741935	1878.68387097
1972.80660377	427.92452830
1973.57356608	863.40897756
1974.40201005	643.17085427
1974.02577320	1511.22164948
1973.68750000	1705.30769231
1974.38866397	188.30769231
1973.76106195	1416.14159292
1974.78703704	507.82407407
1973.29357798	1936.40366972
1975.25149701	882.96407186
1974.80158730	1260.02380952
1974.47115385	1031.36538462
1974.95180723	1951.46385542
1975.64285714	1006.19387755
