-3936.317602	-132.660872
-3931.121562	-221.768466
-3922.045206	-126.136028
-3919.735119	-166.144199
-3907.712281	-179.589587
-3906.682561	-202.671933
-3899.782597	-129.952135
-3894.018275	-222.430557
-3885.858537	-103.540229
-3881.698814	-120.761980
-3875.949599	-154.551080
-3872.397930	-107.439893
-3860.217420	-188.322885
-3859.862595	-201.707727
-3844.281289	-162.668594
-3846.232848	-177.457280
-3837.518433	-151.319519
-3828.941690	-130.699488
-3828.285417	-144.697067
-3822.163303	-158.841575
-3816.251797	-216.263115
-3810.457891	-115.559492
-3807.940399	-144.036037
-3792.879973	-124.606144
-3790.966110	-187.570054
-3782.229611	-127.655356
-3766.031226	-150.826493
-3757.072318	-189.233227
-3755.520834	-126.826073
-3933.182561	-119.314853
-3883.803859	-201.044075
-3821.247667	-172.768093
-3825.791454	-187.651339
-3888.684753	-146.327070
-3847.615014	-194.583554
-3761.503785	-141.926605
-3892.566657	-181.664143
-3876.789356	-141.065745
-3841.788531	-212.841220
-3833.483762	-204.525602
-3806.264961	-203.825813
-3803.557189	-154.078119
-3786.258337	-150.855446
-3925.886575	-59.394482
-3924.951800	53.983592
-3919.296142	4.332964
-3895.315933	67.471883
-3895.432648	101.133836
-3890.751024	-22.375552
-3888.270804	47.922758
-3881.295235	55.773721
-3877.597377	-59.182211
-3876.912654	50.218918
-3870.549132	22.662182
-3864.486817	-19.347736
-3859.792215	6.877790
-3850.191619	4.411590
-3839.729918	-2.671299
-3835.753929	12.434375
-3820.043688	-12.545252
-3816.691547	-22.083345
-3815.068012	6.676601
-3813.673685	-12.348763
-3817.229753	-52.510270
-3795.387398	29.479484
-3794.278629	14.583637
-3790.529890	99.792217
-3786.170043	43.631645
-3779.071066	-24.737945
-3777.011865	-46.469608
-3773.607656	53.377597
-3766.013443	20.227811
-3754.159057	38.703663
-3917.169396	-36.627847
-3885.140691	-86.006923
-3852.552641	-80.418231
-3838.137526	-14.460364
-3795.331926	87.214285
-3755.565273	28.324140
-3917.135043	28.683567
-3908.967630	-75.509412
-3889.059298	26.276847
-3838.187865	59.534940
-3832.370068	-65.733230
-3787.103492	21.036599
-3776.587309	-52.445990
-3924.481866	-70.288222
-3851.377865	34.344047
-3922.977622	271.650331
-3919.039075	191.542556
-3916.822201	264.843407
-3915.003387	169.363027
-3911.746356	288.032282
-3905.152056	143.188835
-3895.713590	256.966001
-3893.922325	293.650901
-3875.341165	213.251840
-3868.686745	179.055427
-3870.366311	127.061086
-3869.516092	264.412420
-3859.924937	153.177000
-3863.326841	282.978184
-3856.785130	170.843557
-3855.888990	199.352974
-3849.762729	130.613687
-3848.074151	207.840766
-3843.643353	171.603070
-3841.062711	264.186817
-3840.082131	249.479867
-3826.505766	298.098648
-3825.365124	198.475541
-3824.503723	125.911385
-3809.803621	163.886707
-3807.152478	187.344631
-3803.918165	138.192007
-3801.979949	298.989606
-3792.363552	185.149935
-3786.642119	146.736423
-3779.338720	206.555911
-3771.474232	129.705668
-3771.468818	291.863138
-3766.588861	170.044027
-3754.907864	234.357300
-3876.032947	240.361082
-3769.756593	220.121095
-3763.785452	284.261172
-3756.977782	162.922528
-3913.167023	132.609832
-3818.752611	236.200825
-3810.726139	121.193807
-3783.571152	254.569855
-3899.583196	148.721867
-3769.586973	275.677643
-3859.947514	118.276720
-3756.851718	201.471585
-3927.889028	322.450717
-3926.632500	403.349386
-3918.890291	426.944290
-3913.167842	384.274569
-3904.942656	479.259635
-3902.614351	424.528561
-3902.980979	324.646948
-3900.383013	409.453434
-3899.865118	356.156447
-3897.357124	331.182924
-3889.845547	368.115958
-3891.201783	479.522411
-3881.201320	441.356392
-3876.494094	386.703699
-3858.870690	391.774515
-3850.045079	317.048655
-3845.485984	430.752040
-3839.444459	448.200108
-3842.274575	358.975775
-3837.184797	406.069245
-3834.859112	431.656843
-3833.524389	469.058959
-3825.139847	336.627966
-3826.184598	403.019356
-3822.787223	326.618609
-3822.846485	383.835159
-3817.322245	417.348832
-3815.550198	491.370515
-3813.971153	383.764647
-3808.021511	469.755424
-3793.001928	421.221152
-3792.082951	355.551212
-3788.818368	332.304576
-3789.611956	360.282856
-3784.584648	379.932612
-3778.655865	350.604191
-3776.647865	373.174040
-3772.905657	391.952417
-3770.701057	454.766311
-3771.766061	487.674244
-3764.358063	479.166758
-3758.613453	432.956342
-3927.491913	466.714571
-3903.016490	459.873252
-3888.570551	423.653399
-3883.818341	323.542528
-3877.027231	460.761880
-3832.691188	415.621920
-3751.375553	333.140545
-3929.128097	440.058696
-3922.722708	448.505068
-3872.146723	409.799224
-3851.116957	339.970911
-3815.313624	481.336912
-3788.592844	393.278406
-3769.288745	410.901782
-3748.975223	472.771895
-3896.931775	423.943337
-3861.321878	375.415948
-3937.495292	566.787871
-3937.177488	558.522961
-3934.789618	644.220290
-3927.373752	658.797152
-3925.553874	582.125495
-3924.631464	521.149839
-3912.200543	665.537030
-3905.637785	624.641899
-3902.876809	584.096095
-3901.080913	600.582607
-3888.427615	683.149514
-3885.223397	589.992441
-3879.751606	593.654841
-3871.923756	597.342142
-3873.035038	559.907069
-3867.637797	530.846871
-3865.527733	671.824980
-3863.171149	628.470856
-3860.997368	691.921737
-3846.424362	654.554935
-3848.052435	618.624158
-3841.717907	631.252755
-3837.311232	518.552428
-3821.375796	528.149707
-3823.027020	652.653268
-3812.455366	698.926792
-3808.270388	673.157563
-3798.502629	664.233368
-3800.873342	580.158073
-3795.658857	613.914643
-3793.431616	699.334169
-3786.493297	690.012442
-3776.300818	632.320735
-3773.508991	655.200240
-3774.412310	701.344840
-3766.090771	667.649783
-3757.034674	582.249778
-3749.617004	584.048658
-3750.829659	658.421203
-3747.676802	679.384733
-3900.795792	575.180192
-3881.744439	651.753700
-3852.823124	687.999353
-3841.875994	535.210453
-3836.371599	554.661672
-3818.670481	597.342994
-3766.002717	645.428192
-3758.716818	569.804247
-3886.789148	619.113928
-3889.171954	695.363696
-3864.228647	573.627077
-3844.505732	579.827662
-3835.468198	699.854192
-3836.321331	674.013923
-3832.985768	601.721134
-3825.784156	556.707380
-3817.866021	628.482667
-3897.210716	522.532003
-3820.502017	674.288627
-3788.292212	534.412186
-3936.047134	813.446389
-3930.879496	734.758295
-3926.450207	796.787844
-3926.287697	727.453648
-3925.055773	751.224994
-3921.658866	893.557528
-3921.818232	856.042549
-3916.784636	726.538854
-3919.872718	828.120383
-3912.594799	731.524981
-3910.832423	854.765484
-3905.279279	897.174612
-3901.592192	782.800540
-3901.872999	769.052359
-3898.476149	887.879825
-3889.003862	863.733359
-3885.235093	803.565014
-3883.540665	881.655403
-3875.154091	769.698771
-3873.400641	856.617274
-3868.454448	720.876366
-3866.695605	807.511582
-3862.112621	795.589866
-3856.430693	769.087120
-3858.575664	727.081866
-3856.414527	752.774249
-3854.318803	830.415314
-3852.842154	732.502117
-3834.728621	885.540823
-3830.000380	823.476609
-3828.849673	786.398751
-3830.490801	752.150261
-3829.040729	805.284132
-3824.549754	859.263562
-3823.691470	716.100458
-3817.331316	750.067179
-3816.810016	822.433332
-3802.585122	873.489396
-3799.067707	895.003008
-3795.467234	759.469446
-3793.765733	721.992664
-3785.934592	847.688189
-3767.492082	846.624427
-3764.607609	784.692987
-3759.006935	738.299478
-3756.742520	757.996516
-3750.434815	861.140594
-3932.633544	774.839841
-3904.693763	759.141483
-3902.392069	805.939761
-3891.074249	841.681211
-3873.338573	823.811467
-3851.007920	794.933566
-3848.790855	725.387847
-3830.597070	771.344570
-3805.516006	740.656475
-3803.850443	834.206590
-3789.702701	858.046799
-3786.471863	756.567537
-3778.703065	880.452591
-3769.402371	901.996020
-3900.328649	833.898788
-3866.934199	847.681531
-3855.220177	825.110590
-3795.251375	796.355599
-3751.524607	783.060794
-3810.544990	722.850362
-3911.370433	717.021616
-3837.027097	785.852459
-3927.527620	1053.189924
-3924.012232	1004.297030
-3923.799640	947.750686
-3914.502640	1004.476928
-3915.196015	988.925273
-3914.903114	1020.655964
-3907.276061	1094.215955
-3889.699240	1053.123548
-3892.041226	988.294591
-3886.597790	1012.398764
-3884.497200	1071.928299
-3872.020268	985.366831
-3870.395678	1055.011577
-3868.068639	1010.147135
-3867.716055	1028.996087
-3866.786577	966.590192
-3864.334771	988.464332
-3861.627416	1095.451074
-3853.373094	1074.716069
-3847.976930	936.032114
-3841.160423	966.963757
-3829.898679	924.344771
-3824.340068	949.906217
-3820.860054	1017.089299
-3818.827927	969.245108
-3803.503961	1075.368724
-3802.394878	971.442489
-3795.541488	1071.929661
-3790.482155	954.460333
-3789.342202	1055.220694
-3785.887783	1072.183312
-3778.939358	997.238167
-3776.856908	965.947513
-3777.837845	1084.901535
-3771.293313	1018.081544
-3765.411719	1044.906145
-3764.514485	1011.240078
-3762.458843	929.838501
-3751.436517	958.169128
-3914.850120	946.261668
-3906.668398	942.533878
-3772.831471	978.941370
-3755.010147	1013.917152
-3752.550030	1092.670665
-3918.052667	1035.150957
-3917.747620	1041.835798
-3898.626208	992.779845
-3854.017675	957.690917
-3803.590953	1049.657866
-3909.878484	1036.668171
-3883.841494	944.949274
-3771.979744	1001.668953
-3893.158309	1036.804867
-3888.231756	922.474806
-3781.782161	958.107736
-3764.974451	1088.598769
-3761.345000	996.891609
-3753.888142	950.102307
-3935.421198	1229.712985
-3929.546591	1153.627989
-3921.552433	1274.233933
-3919.340255	1292.911759
-3911.088999	1143.467481
-3904.079879	1149.568039
-3900.133318	1299.935783
-3897.895332	1250.273767
-3897.334723	1140.390557
-3894.171740	1153.945545
-3893.427862	1138.445229
-3883.165911	1271.292513
-3881.683874	1154.416520
-3871.722645	1174.109355
-3875.362049	1197.973495
-3876.760833	1237.430032
-3868.083560	1216.923213
-3865.984490	1290.365742
-3861.634312	1259.160390
-3858.961977	1236.243972
-3859.555800	1219.936159
-3858.811880	1297.789429
-3856.884742	1195.383443
-3846.926206	1281.522130
-3842.510682	1140.425564
-3840.183381	1190.386255
-3840.450029	1155.920186
-3831.570828	1274.717257
-3830.472520	1177.848453
-3826.063719	1225.300800
-3820.120902	1194.413803
-3821.066605	1274.906280
-3817.719162	1290.807016
-3815.930379	1117.423548
-3806.603987	1245.101061
-3805.349481	1143.309701
-3805.505198	1254.483249
-3803.637276	1159.787188
-3801.136635	1216.863054
-3787.193057	1234.413729
-3782.526180	1146.278097
-3782.173614	1271.824149
-3773.724622	1136.046160
-3770.691043	1199.014724
-3765.667532	1173.330257
-3765.513066	1138.580239
-3768.212126	1248.859367
-3764.257517	1226.023317
-3756.178037	1204.783698
-3931.934043	1213.064088
-3890.424242	1216.070535
-3767.274406	1164.776175
-3762.311165	1281.006807
-3756.030337	1238.095487
-3936.728260	1242.442942
-3916.154199	1206.408953
-3916.287624	1247.782601
-3870.959965	1240.644146
-3846.775630	1112.321579
-3841.547336	1235.231486
-3836.047043	1237.716418
-3834.902146	1154.830032
-3813.797280	1142.904519
-3812.755328	1269.010117
-3786.597799	1186.944981
-3883.494926	1245.327072
-3897.475562	1260.695678
-3892.907528	1230.235285
-3798.929289	1125.337580
-3787.238903	1150.441065
-3858.961542	1247.109559
-3727.332610	1267.118468
-3727.494507	1120.764188
-3724.780162	1138.423947
-3722.395265	1293.017238
-3720.819745	1277.428646
-3714.137600	1227.744484
-3714.172355	1136.752752
-3703.067253	1153.197867
-3694.740769	1180.122236
-3692.429053	1193.392481
-3686.979444	1154.857386
-3686.254475	1273.368660
-3682.996870	1203.927690
-3684.179998	1224.836627
-3682.355931	1248.142293
-3677.907786	1299.370743
-3675.496455	1276.494924
-3669.796450	1230.720021
-3665.577263	1170.869249
-3656.331622	1238.277700
-3654.176309	1136.091911
-3653.819116	1288.417734
-3650.880103	1263.303966
-3640.881362	1250.650319
-3637.815446	1279.741225
-3625.872101	1114.793104
-3627.364507	1284.434715
-3615.306643	1297.196555
-3613.279050	1211.416257
-3604.068042	1190.534208
-3600.634273	1219.227376
-3597.171049	1278.427114
-3594.538522	1162.856768
-3578.555545	1228.601921
-3577.066424	1249.146742
-3574.812344	1174.373980
-3570.030012	1186.493676
-3568.344458	1201.579570
-3560.642839	1235.715376
-3550.396422	1209.787141
-3551.040310	1242.431367
-3674.683536	1291.639316
-3656.236071	1199.627419
-3646.479591	1202.872982
-3616.848157	1173.494194
-3617.414967	1135.720880
-3597.391974	1264.560616
-3558.827837	1175.519903
-3597.540454	1248.502229
-3571.213461	1231.039352
-3572.923305	1115.147786
-3562.049371	1222.559055
-3728.247470	1092.098683
-3731.810580	1008.063626
-3730.791786	1074.695711
-3723.892941	1065.529356
-3720.480734	972.603553
-3712.591885	1028.695972
-3711.993804	945.973159
-3702.355427	1082.735457
-3696.150281	945.760915
-3695.650060	1044.059660
-3691.894005	919.527246
-3687.296249	949.137989
-3691.249314	1084.731683
-3679.418609	1000.293315
-3675.701674	1094.451287
-3666.577308	1075.943074
-3666.802182	1059.515874
-3658.501437	929.123537
-3656.469851	1079.324219
-3652.947536	1031.833561
-3643.210000	1062.632259
-3636.979832	979.327974
-3633.060070	1096.387227
-3633.583403	930.046736
-3628.014647	1064.648964
-3608.003549	958.696160
-3606.510887	990.152985
-3600.284120	970.707906
-3601.218390	1010.724667
-3587.832777	1028.895116
-3578.389744	1031.911304
-3575.888438	997.170378
-3569.013258	1099.784241
-3568.941998	1033.261530
-3567.343534	1010.268293
-3552.509788	1091.186985
-3552.941756	971.095105
-3720.005473	1095.339007
-3718.648007	1054.684467
-3680.654751	972.802044
-3663.202894	1005.998881
-3642.834543	929.761141
-3636.015968	1038.488580
-3611.582588	1094.323310
-3601.692679	1071.467722
-3713.262761	1082.971468
-3676.862162	1089.074410
-3673.437892	973.940104
-3661.928285	1076.247013
-3582.681001	978.862744
-3579.994279	927.717508
-3569.345148	980.326323
-3589.796463	1073.976723
-3607.285162	1097.513656
-3573.784608	922.642093
-3732.109879	754.355086
-3728.978650	849.585469
-3721.408114	807.913111
-3719.882035	853.717403
-3717.857730	779.096219
-3715.477554	886.082799
-3706.286336	897.914043
-3704.144260	815.420401
-3704.553517	884.793273
-3702.901085	721.278101
-3694.193533	770.847417
-3690.111438	743.222416
-3686.624831	868.663589
-3683.305610	731.085351
-3681.406861	897.844930
-3679.369700	849.043322
-3681.485780	878.364928
-3678.073092	800.515922
-3674.440582	792.882398
-3670.867390	752.060564
-3673.280127	736.126912
-3665.578897	828.973831
-3663.509927	899.056022
-3662.166889	755.787173
-3655.033063	895.880195
-3654.822028	771.700432
-3654.031687	729.292901
-3652.012487	825.771986
-3650.687391	797.778620
-3647.230170	812.821428
-3644.277668	751.313951
-3640.079437	827.417557
-3636.608580	775.651145
-3634.695453	838.714917
-3628.177939	866.089591
-3626.595089	786.593036
-3626.227864	747.696792
-3616.179507	846.490595
-3614.206325	776.280946
-3609.817174	718.876690
-3611.082695	882.589902
-3604.954554	832.112453
-3602.060339	773.520183
-3601.079805	797.555026
-3600.569032	823.160867
-3597.663497	751.883579
-3593.489739	840.802621
-3586.057027	887.640759
-3582.569931	729.656769
-3578.562090	783.128452
-3568.412236	846.765455
-3566.750464	866.559157
-3566.211493	883.721802
-3564.413874	801.493519
-3564.786078	762.096114
-3552.429793	784.201242
-3553.008663	860.935221
-3722.667403	824.418018
-3720.131951	734.263948
-3708.528553	760.920611
-3660.850881	878.962274
-3561.799289	811.319795
-3558.823873	736.364887
-3707.659481	749.611006
-3676.958100	768.732911
-3665.976482	727.121795
-3665.336871	811.068334
-3644.296874	826.738261
-3635.753321	724.234011
-3591.656777	772.944776
-3704.004283	798.952972
-3689.650971	779.579941
-3656.574326	765.845213
-3631.705227	764.157867
-3608.534760	795.787783
-3731.336439	672.114776
-3724.051064	662.083922
-3712.174371	637.272408
-3695.589418	571.215476
-3690.797392	665.332483
-3683.251881	669.606771
-3680.596681	661.038093
-3675.080864	597.310779
-3675.178426	520.365300
-3673.402959	552.254216
-3664.401312	629.644846
-3661.791953	520.915733
-3663.465807	670.513246
-3661.117945	571.339673
-3658.002597	678.856269
-3651.565552	644.540026
-3650.060547	619.175845
-3649.468053	602.266829
-3644.349550	566.585514
-3637.069656	549.421089
-3631.037838	669.395846
-3627.241917	613.746054
-3626.009930	575.700647
-3611.868722	679.911288
-3602.718141	649.920270
-3588.081504	676.459728
-3586.570969	606.849870
-3586.716101	585.754914
-3570.265210	675.110369
-3566.129970	545.214957
-3564.283138	599.225961
-3560.042744	582.541045
-3556.749888	638.192584
-3555.045838	664.812605
-3553.956941	688.191046
-3549.987880	571.706113
-3724.189377	616.549564
-3703.382618	654.250134
-3679.007927	563.833733
-3646.078386	693.993331
-3645.211219	675.239513
-3619.659607	565.482618
-3617.571683	532.628652
-3602.055376	524.746321
-3600.085796	538.332323
-3563.526546	674.727435
-3554.535426	612.183832
-3724.349765	681.542670
-3711.284732	522.781920
-3587.260889	618.086932
-3590.202730	684.866102
-3583.389174	623.047077
-3581.925120	700.797350
-3633.697745	534.852275
-3636.043799	582.863579
-3626.722637	581.967141
-3624.901980	598.022692
-3608.025179	534.362605
-3583.377126	645.836468
-3731.272996	354.028057
-3731.550849	460.819302
-3722.707160	437.561705
-3716.799792	414.164445
-3709.590450	359.084249
-3705.632965	413.590163
-3696.358824	503.682206
-3689.884386	489.534871
-3689.118780	378.368363
-3686.043578	469.768140
-3663.322506	344.663694
-3658.674118	367.633073
-3656.211001	487.065706
-3647.680680	391.222116
-3648.463830	341.978002
-3638.208736	436.995287
-3634.919737	445.683032
-3632.964930	457.826322
-3616.438378	406.994837
-3607.291411	322.334674
-3604.469096	496.072919
-3598.791655	343.510414
-3593.361717	497.285928
-3591.269868	450.492824
-3590.414497	408.865278
-3580.552086	400.889620
-3572.597283	404.378010
-3573.044899	329.595686
-3573.968751	335.202351
-3571.282432	347.665516
-3565.803317	483.360457
-3561.806689	335.447971
-3560.299533	360.733912
-3556.700772	354.972426
-3555.055897	434.611024
-3553.044931	499.864824
-3664.178539	361.158006
-3641.521758	491.508408
-3603.633179	475.959340
-3729.249461	383.817907
-3706.577772	381.906417
-3660.614051	455.169066
-3600.689694	438.151652
-3600.824305	454.980732
-3594.708300	459.207671
-3591.263385	431.766399
-3585.130375	427.133553
-3583.969948	410.281108
-3583.462497	389.783768
-3578.426920	349.961891
-3575.019857	373.058637
-3568.419973	337.117685
-3731.766388	170.579275
-3722.235846	126.894220
-3722.860937	148.674854
-3721.361268	118.611617
-3720.026172	196.084097
-3704.778780	247.162796
-3698.192127	137.613170
-3697.886968	291.574627
-3696.383087	277.783667
-3693.743128	184.777465
-3691.684662	219.691046
-3684.094936	171.527582
-3665.771726	167.859621
-3665.719409	226.902839
-3661.933538	275.726749
-3660.293556	170.154588
-3649.356420	136.799528
-3640.192397	259.500488
-3638.540567	224.072664
-3630.601261	206.515165
-3629.011467	122.123582
-3618.239543	260.832870
-3607.212715	195.347799
-3598.239978	143.596515
-3594.538994	117.765066
-3583.645403	235.082530
-3579.715648	206.607575
-3569.443117	208.899525
-3570.209310	193.217333
-3565.403642	174.791987
-3568.152622	295.975654
-3564.446926	300.888042
-3561.247143	138.236386
-3560.551133	267.447022
-3559.207673	288.615694
-3557.208298	276.583975
-3556.312558	252.764925
-3559.088578	259.865190
-3721.261513	215.613907
-3720.152325	230.178046
-3704.144812	177.978300
-3692.466216	192.482058
-3683.178800	291.294146
-3683.199940	228.309768
-3609.694711	224.938219
-3583.145541	155.212500
-3547.344714	129.771603
-3650.113152	247.220899
-3608.745024	268.304184
-3553.062949	260.773939
-3726.667190	198.548805
-3628.837095	237.852667
-3554.181994	241.270133
-3733.130630	-61.906708
-3731.964089	9.938126
-3716.510124	-5.299762
-3707.899601	53.475797
-3703.953994	-32.504570
-3697.786133	89.650721
-3695.394966	10.265104
-3695.458420	-33.195101
-3683.931251	67.523040
-3671.464058	-18.596214
-3669.136071	20.829929
-3649.799734	5.259390
-3650.949391	58.569331
-3648.810292	76.255455
-3647.765492	28.478456
-3623.882732	38.723794
-3623.865053	92.350923
-3618.582052	-53.030746
-3604.595235	93.437440
-3598.986922	6.139832
-3598.559076	-61.954242
-3593.108624	-75.564433
-3587.410901	3.203581
-3580.292622	-28.698847
-3580.208609	73.756453
-3578.160072	32.591199
-3575.417801	-52.483885
-3566.165441	75.868669
-3565.319713	-81.713830
-3564.657011	6.760260
-3563.122546	-9.020463
-3560.286206	20.931769
-3554.099052	-23.253943
-3559.144458	-2.223082
-3555.095034	101.938230
-3552.694410	-31.450216
-3550.977625	96.611012
-3696.591034	36.205222
-3690.026742	-11.272466
-3689.397537	-61.543512
-3673.634951	88.993747
-3659.749226	-48.375375
-3646.344728	-47.528564
-3634.214860	82.923605
-3622.368735	-7.878549
-3603.642988	-41.851275
-3729.900437	84.331574
-3707.205518	-17.779662
-3617.147041	-35.696051
-3551.728278	-79.633004
-3705.842825	70.979219
-3679.603232	-74.607585
-3675.499274	20.799415
-3703.108539	-115.860903
-3700.215845	-132.986618
-3702.930671	-200.109402
-3693.651062	-164.572682
-3674.333043	-122.885134
-3668.560567	-106.799005
-3665.477849	-176.624107
-3653.513110	-108.515151
-3654.475105	-191.692186
-3643.220817	-160.386091
-3635.416434	-198.492962
-3621.407641	-171.856768
-3612.056106	-283.096978
-3596.172590	-147.245481
-3592.797122	-190.397739
-3573.995742	-156.257082
-3564.633331	-104.350732
-3550.175751	-234.620488
-3686.448365	-149.723336
-3637.632137	-177.565702
-3570.235415	-131.806465
-3549.574363	-159.215333
-3684.787545	-123.798345
-3692.985716	-201.183806
-3601.417007	-213.913737
-3705.668039	-216.379964
-3652.852642	-207.765272
-3631.815170	-120.939138
-3616.917502	-114.131399
-3617.255119	-192.262094
-3609.372260	-105.162657
-3592.703219	-104.602874
-3572.890486	-211.960266
-3520.941949	-152.272814
-3509.626491	-200.745251
-3502.000390	-154.025333
-3500.407085	-132.336262
-3494.675212	-112.632517
-3494.524397	-205.210941
-3488.989187	-199.268827
-3479.406384	-153.264149
-3474.202842	-110.956412
-3463.457152	-132.211905
-3454.577437	-156.690511
-3449.184724	-177.277873
-3442.414510	-180.009836
-3439.173154	-214.782824
-3437.898093	-142.060164
-3432.377285	-135.394358
-3421.264940	-171.324913
-3418.692970	-128.989533
-3412.582122	-187.287154
-3411.449898	-214.535685
-3394.139884	-209.617843
-3389.730894	-191.735959
-3384.015874	-188.094377
-3374.849987	-189.265728
-3469.089494	-269.442701
-3436.468085	-207.767850
-3352.393498	-171.253899
-3489.981151	-194.879090
-3387.470396	-201.268091
-3386.284257	-102.723571
-3358.882388	-185.957267
-3423.361567	-130.657082
-3507.382195	-179.793251
-3476.981023	-190.761458
-3476.488170	-163.317884
-3466.707512	-194.115956
-3473.999581	-197.152335
-3442.827235	-201.844003
-3422.381415	-206.064589
-3405.633067	-186.719533
-3395.063562	-107.121385
-3381.151390	-188.530981
-3422.572573	-185.593244
-3499.545441	48.491463
-3497.949033	-17.785899
-3492.758447	6.208934
-3493.645023	-55.073352
-3492.908896	-41.915630
-3485.482790	85.658344
-3482.060067	-81.905228
-3479.340963	58.093435
-3477.094220	79.400260
-3472.273246	6.984348
-3467.563835	43.450524
-3464.898573	-27.518268
-3458.379926	68.828979
-3452.155778	104.263529
-3446.488141	2.641604
-3445.963309	80.198770
-3430.969877	-65.419262
-3428.849064	1.764893
-3427.442083	-20.084674
-3428.364586	60.042361
-3426.127355	47.565148
-3418.692041	100.063824
-3413.148219	-52.464003
-3399.081913	-44.978444
-3391.920404	-17.082061
-3394.885159	-55.942990
-3387.416221	-72.884138
-3373.802807	1.141443
-3373.130791	-68.149960
-3371.665833	-21.721376
-3365.281216	18.542975
-3355.360947	48.268891
-3469.777788	-9.099563
-3452.620504	28.481668
-3455.458188	30.012596
-3426.940992	-39.326637
-3416.339457	-70.043615
-3414.023434	26.840391
-3373.051879	42.462141
-3500.072485	-76.432860
-3420.472477	60.649588
-3413.188134	0.438042
-3406.120964	1.311029
-3521.524266	34.784043
-3509.256898	1.556797
-3516.511802	251.967540
-3513.287337	190.664550
-3512.020233	289.776402
-3504.556522	222.545444
-3504.638546	162.332560
-3503.102191	134.233902
-3498.741625	273.215714
-3489.304682	275.042950
-3482.849897	202.154917
-3479.281140	241.597605
-3474.681012	142.230369
-3470.734025	180.633656
-3459.728053	273.739064
-3449.023811	143.188460
-3448.545367	180.219674
-3439.253499	133.038966
-3431.457351	161.115364
-3424.744969	187.852080
-3422.386583	284.101425
-3419.588908	193.789746
-3414.856451	238.629865
-3415.864828	158.289501
-3413.876971	207.804054
-3399.883884	137.913693
-3399.263462	182.939395
-3397.383884	159.523503
-3387.335272	216.207730
-3381.698872	253.881561
-3370.189568	176.418636
-3367.605255	277.133066
-3492.749320	136.971009
-3468.618504	287.865309
-3453.204626	156.296147
-3430.860229	222.152500
-3426.294720	261.185924
-3421.169115	127.975559
-3385.680642	287.191824
-3385.006607	268.391368
-3536.032532	160.560128
-3472.789961	127.270815
-3441.211117	248.415243
-3406.216424	272.815745
-3406.157868	129.180033
-3380.536424	161.115102
-3373.528721	154.911747
-3354.383650	186.735244
-3445.594433	282.399497
-3531.616042	414.320464
-3533.028113	328.153677
-3530.190887	454.871004
-3523.577050	383.944386
-3507.570031	491.252366
-3495.939350	430.721947
-3490.533392	451.885101
-3486.185349	359.168234
-3484.300558	499.157600
-3481.890429	400.952467
-3474.478513	480.385674
-3472.013512	388.979979
-3471.132713	437.150905
-3470.342364	414.734573
-3467.983935	452.573233
-3464.135479	324.790792
-3459.551644	454.955556
-3452.171362	463.027137
-3438.559901	503.259783
-3436.141592	478.554633
-3423.073080	402.004622
-3419.666214	486.008909
-3420.969842	434.613009
-3415.099150	355.900532
-3410.477913	341.668950
-3407.274691	499.626371
-3401.384607	326.795208
-3401.025943	450.807985
-3391.103564	441.634481
-3388.892095	336.760061
-3387.968528	353.167404
-3379.266344	467.453027
-3369.119837	392.727829
-3350.159670	325.047268
-3346.934274	456.872144
-3517.534647	419.855512
-3513.066523	331.468557
-3490.806948	392.037571
-3400.018150	498.662703
-3399.505879	377.007668
-3396.394791	472.714727
-3377.868111	369.802302
-3379.661616	376.888049
-3520.813558	317.751801
-3456.754660	395.179421
-3449.263632	343.973575
-3446.547958	333.142418
-3427.530915	453.571783
-3411.400016	472.954915
-3408.027038	459.527088
-3449.420292	418.612499
-3438.537147	402.354781
-3449.017637	399.798581
-3532.028081	680.117344
-3532.348892	561.975328
-3526.689319	576.735267
-3519.796075	549.960914
-3514.967741	536.444470
-3514.454573	614.382499
-3505.689585	682.998312
-3493.445041	526.141347
-3486.864330	660.742025
-3484.351349	596.085533
-3478.791056	554.145615
-3471.966287	683.024077
-3468.791414	565.029033
-3467.841659	556.806229
-3467.045745	600.564480
-3467.281964	542.770219
-3462.651468	642.710424
-3456.154852	528.101913
-3451.180948	670.957235
-3446.972914	515.813433
-3446.431511	646.683256
-3441.715049	520.865437
-3441.915909	700.957781
-3436.786208	614.168921
-3424.886912	630.424145
-3427.162628	616.716997
-3420.725524	660.276556
-3411.554873	534.837429
-3409.950394	616.944257
-3409.840482	559.240356
-3407.171819	659.308113
-3394.840450	603.217326
-3393.312799	540.989041
-3386.953376	564.073068
-3382.925241	519.268622
-3367.009791	634.341052
-3367.224350	659.832776
-3365.626736	691.515258
-3362.297296	524.390568
-3361.639181	567.018199
-3356.746751	538.976251
-3347.275448	658.722851
-3452.731392	580.966896
-3425.057728	534.196450
-3399.681498	686.974719
-3506.216891	632.333515
-3503.632590	655.504578
-3501.699297	647.466738
-3491.979937	679.063476
-3426.091076	676.113445
-3408.301855	522.832115
-3395.731966	678.396271
-3504.676643	598.339154
-3405.215089	677.945789
-3364.196723	545.661379
-3349.597314	624.237055
-3535.387737	747.847243
-3533.000560	861.102283
-3533.376768	875.406287
-3532.061690	785.396840
-3528.268770	830.603836
-3517.258358	745.173392
-3517.285137	725.536480
-3514.438918	836.947265
-3507.832230	794.021641
-3500.432592	761.045234
-3497.480277	736.923493
-3498.569385	720.554516
-3495.486900	839.314530
-3491.236415	892.857834
-3482.247805	769.775497
-3480.911352	835.908582
-3473.533359	749.518189
-3459.533050	781.882341
-3457.129584	816.690158
-3456.869009	798.482290
-3452.341994	891.741114
-3445.952841	902.284385
-3440.831055	839.283368
-3438.752804	784.980558
-3433.312876	873.184631
-3426.427551	773.311981
-3424.819750	895.008265
-3417.122041	768.084271
-3414.928275	815.711273
-3411.213240	758.834738
-3407.696590	901.110817
-3407.123621	835.026448
-3405.290823	743.960653
-3403.294796	786.040618
-3403.943453	799.509305
-3394.202367	795.282051
-3387.903741	884.855474
-3382.181472	820.162695
-3372.215633	818.355707
-3371.022460	718.337651
-3364.696895	744.437957
-3365.653649	871.337489
-3352.512096	868.547132
-3352.758397	857.465346
-3350.630175	726.132643
-3351.275600	901.491927
-3502.024746	772.620641
-3496.363267	811.814213
-3486.092372	790.819849
-3477.762704	865.325591
-3460.752171	899.962206
-3452.489924	798.108046
-3450.665577	762.992884
-3384.418885	736.324687
-3357.523272	841.469687
-3500.185448	782.240137
-3491.481970	865.024402
-3454.990281	877.399980
-3436.812923	721.375818
-3398.924398	805.599570
-3379.710519	782.832656
-3364.224641	826.425375
-3476.925678	828.590568
-3520.342419	1092.153759
-3517.461409	1073.187327
-3510.477738	1092.284513
-3504.983879	1081.022147
-3500.747662	993.831602
-3501.298613	948.284939
-3496.415140	1041.331559
-3492.713661	1022.348199
-3488.054186	941.176989
-3481.220847	1068.979105
-3476.252655	977.854368
-3463.911950	1058.144900
-3461.606231	1031.855111
-3447.367257	999.153496
-3449.051189	1086.489188
-3428.129226	946.260255
-3421.422860	1095.380747
-3420.302346	1018.295047
-3420.242326	917.294203
-3410.926412	1073.914542
-3400.001450	923.861004
-3398.900204	959.216758
-3384.659666	962.920227
-3379.719411	1093.788068
-3374.720800	1027.945922
-3374.042464	934.996471
-3364.402787	998.124801
-3368.066234	1034.374424
-3361.235043	923.024693
-3451.785317	1027.520100
-3401.080754	1058.734396
-3371.658624	1059.830837
-3360.273492	931.939035
-3430.374125	1087.849844
-3383.863109	911.337975
-3371.469559	1097.267844
-3491.940106	1031.011733
-3479.944762	1103.261726
-3469.538289	1010.403008
-3378.373435	963.332463
-3362.784053	938.412256
-3538.904742	1250.081438
-3530.574842	1189.620703
-3529.069681	1158.286398
-3526.038977	1209.030076
-3524.492642	1114.658577
-3514.633044	1303.882259
-3512.852065	1126.985693
-3507.097985	1290.149438
-3505.272595	1257.280037
-3502.461409	1174.704255
-3493.305038	1221.490233
-3488.638788	1177.962557
-3483.024081	1219.373912
-3485.945581	1286.362046
-3483.267922	1116.244974
-3479.567067	1159.626092
-3471.263839	1220.733679
-3462.751396	1187.409960
-3455.488871	1282.161739
-3453.796771	1148.781115
-3452.242998	1161.597044
-3447.621856	1143.178244
-3445.639706	1156.041351
-3442.303407	1127.434472
-3439.901789	1255.770225
-3429.265686	1134.366842
-3425.877307	1232.786098
-3417.803424	1301.427489
-3415.663598	1232.055219
-3405.597477	1251.430491
-3397.394413	1282.195671
-3398.326953	1241.088530
-3392.189724	1290.064957
-3391.026795	1215.122015
-3385.818819	1242.489382
-3378.045347	1303.105619
-3372.134611	1291.099077
-3373.720032	1209.356914
-3367.670450	1128.183901
-3361.118336	1250.456308
-3361.082686	1185.756153
-3363.462519	1164.196703
-3357.399602	1140.005673
-3459.811635	1222.944924
-3438.167581	1275.474028
-3387.810181	1161.095649
-3381.947445	1246.232224
-3354.584014	1168.045398
-3495.025710	1264.127089
-3354.931975	1119.620721
-3503.273152	1264.131098
-3378.834228	1214.138925
-3371.605227	1285.396966
-3327.316754	1209.237398
-3324.675206	1139.260238
-3320.102641	1207.513638
-3312.680302	1207.964095
-3306.537385	1118.414935
-3304.959452	1126.725100
-3307.564848	1256.757322
-3303.802413	1160.074885
-3303.804657	1294.684205
-3296.986900	1224.097987
-3295.923804	1260.760182
-3287.246038	1266.994269
-3273.956368	1236.459239
-3272.250496	1269.406431
-3270.201704	1297.374296
-3257.328430	1272.826089
-3259.475721	1237.912134
-3256.042572	1115.529054
-3240.098569	1299.590936
-3237.126992	1130.179791
-3235.134630	1275.722945
-3229.741229	1259.429319
-3228.137562	1297.146875
-3204.161030	1165.969263
-3204.811118	1215.738113
-3199.010321	1258.395279
-3196.442509	1188.889451
-3187.256378	1260.201357
-3189.948597	1218.984571
-3190.343514	1127.656286
-3184.500203	1158.401516
-3180.903487	1257.793395
-3173.403014	1182.215767
-3159.360274	1164.449003
-3150.165261	1160.130062
-3332.811127	1159.910738
-3327.080972	1118.511821
-3258.371857	1222.312011
-3212.415178	1132.822107
-3188.034051	1192.019898
-3330.262314	1277.327248
-3308.186206	1287.466739
-3307.370239	1264.979574
-3284.509047	1231.977143
-3269.465973	1128.993048
-3246.566282	1156.317654
-3239.043642	1157.416951
-3211.169076	1299.820707
-3149.315197	1130.388384
-3259.412643	1129.514784
-3148.186530	1251.077001
-3200.456852	1135.510333
-3164.583346	1273.267162
-3294.560092	1289.234862
-3330.533231	1007.520559
-3327.249404	986.923784
-3323.259341	955.677704
-3319.964216	937.182824
-3320.790073	1076.305289
-3312.926524	1083.397992
-3312.697019	918.627965
-3306.228223	1017.178249
-3296.825456	990.991422
-3293.693921	1074.401374
-3293.864363	1054.012127
-3281.663859	1100.403453
-3273.994619	1021.287849
-3267.900234	1054.768392
-3260.245699	955.064940
-3258.503131	1028.351149
-3250.465791	994.556419
-3250.935470	1027.457374
-3249.079978	1070.360054
-3243.876366	929.368158
-3240.979834	1026.339870
-3236.056845	1069.967250
-3224.204553	1005.309145
-3206.129044	963.352153
-3196.281868	986.048364
-3182.626914	918.114304
-3179.916750	957.712410
-3175.333240	1032.285027
-3175.972006	1011.668189
-3172.199278	969.178685
-3167.703548	1012.973957
-3159.569932	1026.435059
-3157.949656	937.781486
-3157.001331	993.389335
-3316.288053	1093.851195
-3294.462786	1018.768885
-3286.009085	1019.680151
-3280.140163	1020.480184
-3222.768573	925.725610
-3212.883643	950.586993
-3333.419107	913.369289
-3308.313345	954.963148
-3230.829752	1025.073154
-3194.731765	990.800940
-3191.410138	963.190584
-3271.726243	915.734299
-3321.547784	964.089383
-3264.229338	1023.599119
-3220.180611	1030.022124
-3215.475155	1011.216628
-3203.616727	950.973965
-3166.113614	961.064694
-3158.116874	917.082838
-3331.443335	790.948992
-3326.249521	813.655223
-3322.876652	724.999934
-3313.245468	851.375813
-3314.073858	766.442199
-3310.676215	869.289973
-3310.535277	778.459231
-3309.486536	823.434841
-3304.094671	728.759805
-3302.329050	834.079754
-3282.628567	875.857131
-3286.313646	772.195304
-3285.211545	853.565538
-3285.075738	725.749609
-3284.800823	795.889904
-3275.060748	818.239905
-3266.363260	833.892514
-3264.810444	898.252998
-3255.990019	812.594671
-3259.554900	752.897354
-3255.848101	806.434735
-3250.814992	738.461563
-3252.876417	801.014969
-3249.184641	821.823085
-3243.216743	850.763619
-3242.846806	901.046028
-3241.991010	891.301574
-3237.830092	760.497266
-3233.616729	775.111661
-3234.418909	799.109098
-3232.471690	876.316620
-3232.243913	870.138062
-3229.440528	903.915819
-3226.431318	715.996639
-3225.356550	752.831440
-3223.398767	903.929388
-3222.248718	845.046946
-3221.152789	790.108090
-3217.139035	772.913721
-3215.414638	836.144389
-3215.814671	872.891995
-3213.975267	731.451889
-3203.852755	868.301321
-3194.037400	761.199240
-3180.387505	780.634380
-3179.229300	806.833408
-3177.177228	854.553854
-3175.753793	862.611147
-3175.199456	767.084202
-3170.134340	816.676641
-3163.610092	777.705690
-3283.187428	756.752905
-3248.430288	746.797409
-3225.667390	817.586341
-3184.195599	735.853557
-3182.694746	796.424066
-3178.195512	722.867009
-3172.213563	879.601360
-3148.625561	722.535274
-3302.741987	790.786156
-3161.094737	796.215327
-3158.597445	770.809316
-3321.283590	781.450014
-3275.167150	757.173478
-3260.022494	846.855069
-3169.480671	791.840099
-3173.406826	832.183592
-3165.631370	834.450560
-3327.879300	573.485870
-3326.583863	689.931696
-3318.044715	696.996051
-3313.283788	624.524444
-3311.367537	553.419618
-3307.084056	518.922421
-3305.211629	645.503488
-3304.607280	676.509281
-3299.095284	570.795694
-3296.080540	614.042868
-3292.446545	670.880430
-3288.599276	623.186686
-3283.601244	546.939814
-3282.420201	591.628558
-3280.867343	559.397409
-3279.052758	650.418646
-3272.049062	630.342291
-3271.377547	669.761964
-3268.554489	578.185186
-3266.901976	612.185095
-3266.328171	519.217731
-3261.280660	593.497487
-3261.657382	698.818214
-3258.488047	549.157026
-3255.496702	694.944444
-3255.169532	611.567091
-3249.888442	676.912806
-3242.875119	559.287158
-3234.489715	592.993808
-3233.829722	676.367676
-3234.401350	691.888725
-3231.530276	701.013488
-3228.766879	657.179933
-3225.198177	546.803532
-3221.532612	696.978526
-3220.257411	537.809051
-3213.803879	677.178043
-3212.252566	651.239247
-3209.450130	632.488776
-3207.189153	575.337645
-3203.387800	540.122567
-3200.719469	667.287045
-3193.311280	605.302041
-3192.617211	573.838159
-3190.792631	645.685009
-3180.984860	668.061017
-3172.031046	689.991544
-3165.727350	540.962924
-3162.842868	561.422257
-3154.242593	657.570370
-3152.931898	617.717811
-3318.867837	596.652724
-3250.534266	583.501516
-3244.303638	645.469596
-3213.425395	549.947410
-3182.314868	687.518722
-3182.899167	527.611508
-3177.658130	598.941199
-3163.494100	531.651571
-3164.529053	549.880192
-3323.744686	666.782852
-3322.075998	536.848883
-3253.528454	658.721442
-3253.820669	651.559296
-3184.420747	546.088077
-3205.651087	564.324039
-3175.700341	673.362258
-3168.179902	649.303851
-3328.475123	634.659918
-3282.499819	582.411878
-3231.455204	573.031135
-3219.243158	632.938587
-3216.747642	669.501136
-3192.655701	691.490482
-3150.853349	630.062546
-3332.897237	330.523433
-3330.271078	378.863645
-3327.980971	426.200229
-3326.609932	452.135807
-3306.795258	396.844263
-3304.809996	349.615412
-3303.263312	424.564244
-3300.298348	457.964490
-3299.400003	331.132307
-3298.033706	442.869040
-3299.819853	369.665731
-3299.576142	487.742783
-3285.792276	408.547143
-3267.905368	318.332479
-3266.735185	418.227106
-3265.702312	346.836960
-3263.977266	481.986984
-3262.518937	374.587150
-3260.371333	434.262683
-3257.734392	469.514084
-3251.798607	455.605167
-3241.352077	331.897226
-3237.239968	426.089559
-3230.787607	315.471114
-3229.268736	327.633430
-3224.808128	341.820516
-3222.291741	427.769514
-3221.275682	446.967126
-3216.385720	397.192671
-3204.487685	413.181541
-3200.355228	458.081347
-3198.528728	441.726059
-3195.435723	379.190510
-3187.898947	327.056579
-3189.115482	411.316133
-3181.352389	466.576451
-3179.957425	442.561538
-3176.636622	415.354251
-3171.572376	379.191233
-3170.366357	485.514331
-3155.947147	405.924513
-3303.404057	478.355841
-3238.159839	322.450144
-3235.437159	450.062692
-3228.620895	373.487932
-3186.375375	390.580033
-3159.966696	332.638257
-3154.317285	467.164977
-3313.188226	386.288863
-3209.064344	464.238399
-3305.076101	365.041824
-3166.090105	406.451429
-3150.698202	424.842051
-3156.656888	432.487089
-3328.324444	143.785406
-3318.079724	209.414561
-3309.721781	240.017129
-3308.065997	228.271962
-3302.138491	158.000125
-3292.444040	260.056463
-3291.058419	177.640674
-3288.240887	269.301157
-3285.192231	135.510362
-3288.369768	227.171515
-3287.664653	263.074874
-3283.520777	156.994347
-3282.630277	216.010068
-3270.297491	127.895731
-3264.983856	189.893446
-3260.668284	234.454319
-3258.881955	290.445972
-3254.059004	205.222231
-3253.327946	118.245487
-3251.268137	142.683169
-3247.110146	162.927210
-3245.656418	149.681595
-3242.951363	260.049955
-3241.551420	228.216724
-3239.615648	193.490784
-3230.743766	288.375443
-3226.337361	195.327628
-3222.347419	127.402910
-3225.957441	200.909536
-3207.765592	240.757455
-3204.988637	277.168608
-3200.871216	209.509592
-3192.444785	268.062814
-3189.681431	128.561427
-3183.506948	284.023788
-3176.808831	299.656192
-3175.041608	152.560382
-3172.862962	170.068263
-3166.576328	131.846968
-3163.334767	193.621679
-3163.996957	262.403400
-3157.168917	299.229893
-3153.294295	267.232037
-3313.026317	266.680686
-3257.071638	248.910813
-3218.579214	279.634295
-3167.136192	142.223022
-3268.861898	162.744903
-3260.193522	277.676579
-3240.086004	121.048561
-3305.303987	174.607862
-3298.708188	176.937923
-3252.139916	282.556534
-3217.200720	205.657280
-3165.193137	204.148911
-3272.315208	179.317687
-3268.741940	171.162404
-3254.346734	187.241636
-3171.369392	234.312406
-3330.418266	9.344657
-3325.300111	27.322938
-3324.691560	-75.173688
-3321.925894	62.998623
-3319.599902	-52.883009
-3312.728285	20.073941
-3301.883380	45.240034
-3299.949760	-15.901982
-3294.314080	-75.897772
-3287.817735	-25.323774
-3293.993417	-48.074562
-3285.462448	29.726998
-3283.290101	73.713344
-3282.713981	58.622807
-3281.426663	-68.394089
-3276.058829	10.608463
-3269.392384	-70.439773
-3259.176416	-10.699590
-3253.973298	65.048167
-3253.595159	-28.743773
-3253.379867	36.085943
-3253.658189	101.069821
-3245.136875	-11.400402
-3243.980709	19.552909
-3240.561040	78.963774
-3230.135831	63.611607
-3226.801427	55.128500
-3219.784214	99.441391
-3217.320300	-57.927552
-3215.045538	-46.365880
-3213.798191	37.865338
-3207.856077	28.437517
-3206.061936	-63.493886
-3203.081622	61.009867
-3202.155668	-36.433698
-3198.369194	82.232441
-3180.861189	13.162222
-3179.313630	55.534278
-3166.399224	-24.341556
-3159.715529	57.385622
-3159.669142	86.744492
-3153.474388	4.343408
-3299.583668	81.225814
-3260.588237	101.518487
-3246.924114	94.920926
-3172.382830	42.694872
-3207.616305	0.286672
-3167.758028	99.818842
-3316.409643	-174.953773
-3316.740309	-105.543789
-3308.393826	-170.800459
-3308.502803	-116.641054
-3281.876747	-112.508205
-3278.966632	-174.659239
-3276.305001	-153.773052
-3263.188773	-149.335373
-3258.246229	-141.033686
-3256.524249	-150.516901
-3255.112197	-162.816114
-3241.890856	-138.018638
-3232.706973	-150.324208
-3226.857175	-135.038994
-3195.019478	-119.800725
-3184.307132	-113.641597
-3175.888032	-135.166826
-3176.807779	-99.860915
-3174.016289	-116.840074
-3159.451810	-129.977050
-3161.734796	-105.168297
-3146.606366	-130.711179
-3324.989951	-144.386423
-3290.861836	-187.623223
-3298.421158	-162.728603
-3240.372788	-154.116013
-3239.885181	-145.149661
-3184.614057	-141.192248
-3322.657019	-179.002549
-3274.194320	-162.656221
-3269.628445	-162.719132
-3214.361840	-140.161928
-3093.906721	-149.788042
-3025.197024	-120.100262
-3011.875583	-104.142130
-2990.613990	-105.559405
-3066.391680	-134.408494
-3062.027935	-129.466796
-3027.539362	-124.074800
-3011.539739	-129.496380
-2993.792647	-126.434498
-2980.191394	-125.191357
-3051.895479	-127.335520
-3047.510931	-128.880970
-3132.326093	-15.768309
-3121.294558	-80.782399
-3117.048638	38.286555
-3116.913438	89.571215
-3115.492522	5.804750
-3112.372468	-79.050544
-3109.570663	79.047857
-3089.964722	-77.435305
-3086.133249	20.567287
-3078.666586	102.145284
-3077.528108	53.277149
-3079.292059	-72.831485
-3079.311909	95.740623
-3078.098424	87.608726
-3066.476479	-31.213994
-3056.629774	-81.092423
-3055.169582	99.243036
-3054.793487	29.669319
-3055.837353	80.736100
-3046.607308	-81.625222
-3041.702162	68.759622
-3040.789745	9.809507
-3037.585628	98.121230
-3036.212094	42.016101
-3021.107524	64.913076
-3016.245532	0.273694
-3015.026757	42.580515
-3013.690828	84.856228
-2998.102606	79.150075
-2987.976429	-11.263215
-2987.158640	14.840236
-2981.645104	96.986333
-3129.876522	69.128025
-3116.127701	49.964476
-3056.357901	2.498081
-3033.654453	-20.700383
-2984.429985	57.820487
-2983.027825	49.674997
-2982.515093	60.503222
-3060.459876	63.024204
-2972.869004	30.417664
-2970.064838	55.087617
-3038.787716	-3.943888
-3071.726043	88.630111
-2999.628675	87.590046
-3132.140819	185.565953
-3129.121031	204.221425
-3130.072006	179.877262
-3119.572532	253.333429
-3119.718572	192.948462
-3111.979593	286.007816
-3106.954948	178.789674
-3105.626326	281.692042
-3099.641929	201.493087
-3095.113989	294.507320
-3086.948654	259.651970
-3085.612665	246.413665
-3085.647847	160.615828
-3083.783629	175.890328
-3082.292003	201.345613
-3074.915965	178.024799
-3072.057598	269.496695
-3073.634335	213.081766
-3056.347030	234.010281
-3057.794665	144.206635
-3039.100311	227.278568
-3035.379429	251.321885
-3034.057497	200.396626
-3030.436262	139.994320
-3029.526230	304.398866
-3028.869204	132.561141
-3028.824207	228.352457
-3025.374538	273.137081
-3022.502432	152.519671
-3021.634295	220.552112
-3018.188664	166.567296
-3015.467887	180.965226
-3013.041149	233.115092
-3009.696265	164.083793
-3010.488192	247.982604
-3010.757574	207.453056
-3008.311862	151.211404
-3007.516847	268.282101
-3003.334282	127.535680
-2995.370919	129.047143
-2995.667326	211.811771
-2995.035371	261.565388
-2994.165865	145.817996
-2991.768609	282.896793
-2991.622260	217.817267
-2986.776457	162.380892
-2978.347338	252.966865
-2977.258565	145.447089
-2975.049304	201.058388
-2973.737887	279.045780
-2964.603016	251.987564
-2966.324141	211.184241
-2962.816783	159.150630
-2961.521484	185.693959
-2957.860558	278.954190
-3123.064015	140.985525
-3091.280904	127.169913
-3078.217490	136.904125
-3053.542825	173.090778
-3045.738692	197.199389
-3010.093873	289.246362
-3115.635693	165.933261
-3079.092464	114.944646
-3059.670552	119.421228
-3011.517807	117.828536
-2991.232376	203.787903
-2986.640462	195.278238
-2968.538879	133.400312
-3093.734206	285.031603
-3079.683547	157.073449
-3045.043431	254.070162
-3037.358537	275.236786
-3017.426011	211.108642
-2992.995507	120.153718
-2976.544428	289.526937
-2965.136584	273.219079
-3133.498098	416.954710
-3132.820050	378.667472
-3130.589143	481.822175
-3128.909825	490.972127
-3113.777021	440.876606
-3112.400484	485.785085
-3107.157310	385.645298
-3105.134302	485.830495
-3100.003139	466.854552
-3096.905190	336.825890
-3090.725292	349.226140
-3086.996310	474.667189
-3087.088324	501.026405
-3082.118711	325.804570
-3077.211164	485.267728
-3072.218903	372.789645
-3069.978846	467.816494
-3071.850763	355.104670
-3065.787166	317.704730
-3062.910222	349.212323
-3061.074321	415.354494
-3062.358576	420.313932
-3055.768025	365.129269
-3049.489023	454.428834
-3043.643407	399.573500
-3043.409011	340.040930
-3032.177946	490.951230
-3032.971509	374.043263
-3026.662001	331.682450
-3027.016686	347.077672
-3019.239334	388.355358
-3014.842735	498.022520
-3010.490325	465.393932
-3011.814003	481.100097
-3011.577517	384.278120
-3006.215949	433.272688
-3007.115566	449.024940
-2998.893822	355.762130
-2980.822581	426.392105
-2977.698704	334.747085
-2971.707770	448.154553
-2971.074324	490.271079
-2963.027413	420.501321
-2960.869644	343.608797
-2959.917687	401.154127
-2959.092317	382.661367
-2955.294404	364.289363
-3102.983011	401.171146
-3101.004490	459.339992
-3089.421865	406.688253
-3080.724314	434.106016
-3064.457506	341.349686
-3060.029791	426.301199
-3060.408374	399.152894
-3046.094780	433.405955
-3040.567741	482.227913
-3036.810426	322.755110
-3016.785943	424.070122
-3000.960794	427.352790
-2989.647298	457.670245
-2951.678515	467.116547
-3113.143342	459.053107
-3056.838765	325.074727
-3041.999756	361.198857
-3004.577572	472.881126
-2990.037949	340.510588
-3064.177351	406.965913
-3059.851086	459.202544
-3015.441937	397.246000
-3004.274342	463.289322
-2992.971703	447.361978
-2987.034767	357.145186
-2984.156064	346.490667
-2955.557543	325.068597
-2947.566110	328.510333
-3137.491844	588.379142
-3136.608362	531.595691
-3126.724106	673.189009
-3118.683606	574.142308
-3113.329440	689.081634
-3103.704277	567.538742
-3100.666998	679.932278
-3096.506822	664.170539
-3091.473328	668.934670
-3090.467803	549.668039
-3082.840165	595.259803
-3080.518959	692.416597
-3077.757013	656.125228
-3073.336116	534.861851
-3069.441503	640.064234
-3062.729581	696.327743
-3058.903061	659.770288
-3059.023301	673.453656
-3058.990587	621.024356
-3056.925831	523.650031
-3055.682355	544.666693
-3051.340542	662.674521
-3048.945130	610.511591
-3043.479465	582.809459
-3043.811296	637.216482
-3031.925615	686.204254
-3019.528344	625.550684
-3014.437521	575.635163
-3013.377574	651.138627
-2999.306027	562.908392
-2993.003029	590.285707
-2986.322752	617.911694
-2989.501750	655.712184
-2989.588571	699.204318
-2975.636006	596.646236
-2966.780181	594.962649
-2964.925486	647.256905
-2956.330529	605.158824
-2952.246353	666.839193
-3123.448278	622.776111
-3113.443859	631.087751
-3110.783350	536.691048
-3100.890413	618.197681
-3092.240476	618.504444
-3073.650955	548.639829
-3054.045916	577.839768
-3048.926710	557.458325
-3032.030348	537.476937
-3014.309895	678.413097
-2974.417999	658.891375
-2963.086003	547.141704
-2961.740415	611.083577
-2954.064002	536.229683
-3120.204324	609.581185
-3097.403865	648.838674
-3097.155329	638.972786
-3070.870062	588.703024
-3024.750924	532.037697
-2988.144058	564.910425
-2955.771679	688.003208
-3102.598327	521.140057
-3097.523187	524.241860
-2991.250385	584.238421
-2950.278845	548.363428
-3061.961019	603.658694
-3042.087508	676.989429
-3040.502928	575.155126
-3029.167614	613.619989
-3012.827802	599.282635
-3015.799070	607.882062
-3001.414171	700.913459
-3135.011137	718.384270
-3132.115955	899.395240
-3130.575627	882.346311
-3127.387886	836.322604
-3123.082882	772.158171
-3122.158166	860.429463
-3117.200132	796.976858
-3112.888074	868.145732
-3103.333234	737.213569
-3102.218892	718.549809
-3098.133255	805.845299
-3094.058107	789.326342
-3087.560306	762.407693
-3087.465039	813.324492
-3081.093287	740.307714
-3078.586132	779.506552
-3077.952470	850.607642
-3071.212934	882.110284
-3069.463503	898.988911
-3067.968751	796.032484
-3064.558852	865.460672
-3062.280433	840.327996
-3061.845833	739.658754
-3054.883202	887.985434
-3052.125154	762.123539
-3050.553604	724.689254
-3048.280818	880.256785
-3048.048644	817.488166
-3046.764521	843.272921
-3047.711254	796.197691
-3043.999956	854.649123
-3043.055397	828.912554
-3037.379442	754.472993
-3036.525383	714.598288
-3032.042358	868.303803
-3029.511678	804.901535
-3020.041006	834.720072
-3028.701780	732.975251
-3024.575998	864.199222
-3019.173609	873.552535
-3016.319449	897.841863
-3015.723107	792.846009
-3010.777252	797.355885
-3006.139048	727.163152
-3001.172724	844.521805
-3005.948224	746.784144
-3001.362537	734.817207
-2998.932399	872.192109
-2998.623443	884.929013
-2997.140478	753.749967
-2996.907817	784.043575
-2990.168057	855.540624
-2988.037027	712.126678
-2985.297128	820.102335
-2984.365007	883.346817
-2981.604093	794.284775
-2975.964014	800.958828
-2977.184870	748.293623
-2975.335995	877.019702
-2974.670901	896.058119
-2973.555856	863.214123
-2972.315291	765.498073
-2969.001617	847.537694
-2964.336485	814.088568
-2965.808062	769.240676
-2962.308865	866.610550
-2960.171578	778.577961
-2958.648405	890.570975
-2959.128029	832.184867
-2958.738847	788.719371
-2950.755095	780.975838
-2947.625611	835.676361
-3135.569570	841.275361
-3096.311642	893.648532
-3091.553088	717.949947
-3063.822409	725.565798
-3049.556242	735.843880
-3042.713967	768.011017
-3019.716863	781.178367
-3017.809744	771.817722
-2998.354358	802.542527
-2995.118094	796.941269
-2951.771352	740.971526
-3112.167293	721.919230
-3062.514833	856.342583
-2997.434567	725.523065
-2951.608521	757.382736
-3133.130596	867.764613
-3130.104930	763.010596
-3114.497063	758.086031
-3087.223301	895.317031
-3084.066603	848.155242
-3079.407535	869.244486
-3074.118631	749.360872
-2989.430474	812.903698
-3131.799500	1013.158553
-3124.870149	1044.952982
-3120.189985	991.846403
-3116.754651	1045.893850
-3116.051025	1100.061566
-3113.462762	965.588824
-3105.577842	962.840932
-3104.246568	917.862264
-3094.989388	981.536369
-3087.905700	1069.785429
-3086.304453	945.303836
-3084.190840	1009.676763
-3080.613295	959.457363
-3076.915620	982.633126
-3076.632272	972.766762
-3072.762384	1076.070082
-3060.920337	1076.735525
-3052.339938	954.063362
-3053.276503	990.902007
-3045.054781	1061.121565
-3044.387215	921.437712
-3040.561026	950.632825
-3038.375462	957.929344
-3029.751458	967.159011
-3025.739987	1023.198341
-3017.845763	993.519651
-3014.868479	955.480163
-3008.152604	971.978871
-2997.078307	924.108889
-2994.750631	1024.674554
-2994.248935	1000.856848
-2987.824688	1061.906410
-2986.819839	990.767257
-2989.591299	1037.475424
-2983.224934	921.853614
-2984.527794	950.091471
-2975.353130	1006.857284
-2972.213584	915.041449
-2968.952733	1039.174121
-2961.414274	928.704767
-2955.803149	1017.326935
-2954.440972	948.491215
-2957.694951	1055.174607
-2951.763776	1043.369707
-2950.000353	923.613211
-3071.313006	950.970313
-3030.360252	929.639416
-3014.572052	931.972637
-3017.808874	1051.100484
-3012.682958	1043.430132
-2968.564540	1096.368557
-2963.015646	914.127861
-2955.566363	1096.001799
-3120.139329	1011.275552
-3112.423190	1061.169458
-3105.882865	1086.517489
-3085.175127	1080.053943
-3058.391034	952.622779
-3043.596387	1021.180988
-3038.780935	937.196235
-3027.768069	1049.504248
-2992.396743	937.326901
-2992.278007	1100.657177
-2984.084192	1002.910381
-3099.166443	1082.728599
-2997.108859	913.941411
-3126.104732	927.541160
-3063.618270	917.739836
-2969.633929	957.043054
-3130.813768	1119.952994
-3128.198220	1252.498709
-3113.234424	1165.438574
-3104.709111	1211.281474
-3095.531927	1189.799954
-3089.064692	1211.529399
-3085.805102	1181.540029
-3084.092000	1155.359782
-3078.944354	1162.668784
-3075.685408	1275.806304
-3066.876582	1124.518767
-3061.504400	1152.939134
-3048.883269	1296.801403
-3046.764214	1124.653983
-3034.081902	1153.970874
-3025.446219	1282.702133
-3022.942764	1156.863599
-3015.806257	1299.021259
-3014.636437	1277.868745
-3009.973621	1164.057175
-3008.919274	1259.607531
-3001.451919	1253.016173
-3005.237428	1300.670269
-3004.106759	1279.381483
-2994.355599	1281.139251
-2990.380633	1260.646225
-2979.492429	1157.913272
-2978.288882	1259.616552
-2979.558051	1302.033152
-2981.609265	1281.104000
-2968.010405	1228.784254
-2968.378886	1136.953567
-2958.029861	1163.174679
-2953.234169	1189.061476
-3125.888433	1303.251458
-3131.308110	1199.900479
-3061.494886	1171.953247
-3004.182160	1143.858299
-2971.858471	1243.258514
-3111.943814	1192.256454
-2972.864168	1263.474056
-2926.859129	1207.110370
-2922.895439	1248.816360
-2919.627275	1118.935308
-2909.788742	1118.444943
-2911.747710	1212.009031
-2904.637908	1155.180450
-2903.064974	1243.608305
-2904.826150	1203.415045
-2882.793956	1199.045534
-2873.712734	1238.003824
-2874.787039	1259.073793
-2870.120302	1159.300044
-2859.596206	1176.047041
-2861.084863	1196.693486
-2855.180692	1297.040855
-2854.341591	1240.174145
-2844.705052	1164.411428
-2843.359839	1196.637899
-2838.191582	1188.881724
-2833.115847	1300.126378
-2823.228197	1181.834431
-2823.786649	1175.250516
-2819.769996	1227.078997
-2818.532396	1234.158957
-2809.981719	1204.946009
-2810.156644	1171.696785
-2804.516097	1120.966666
-2801.046609	1272.681584
-2802.759418	1232.892819
-2794.917182	1272.482660
-2788.726329	1298.842848
-2787.700629	1289.635840
-2779.173370	1141.159546
-2781.713899	1256.142814
-2776.661219	1273.234914
-2775.852116	1269.961431
-2771.518773	1302.654416
-2765.860339	1271.658202
-2764.576476	1192.742407
-2752.680823	1278.504994
-2756.885772	1159.327322
-2875.177949	1195.687179
-2831.137624	1198.065372
-2823.069747	1196.506993
-2785.763775	1206.379843
-2787.085714	1185.784453
-2771.239608	1257.189278
-2885.373240	1222.404370
-2848.487585	1242.865106
-2846.631596	1287.070894
-2841.119801	1275.431840
-2827.896760	1133.350069
-2889.208551	1196.308846
-2855.774749	1268.848408
-2926.261916	1069.165178
-2920.361459	982.691152
-2917.709372	954.418342
-2916.754921	916.286582
-2900.326069	923.180589
-2900.080183	979.428527
-2898.724276	1095.751055
-2889.427955	963.600421
-2883.576578	1052.627352
-2884.938001	935.407526
-2886.979135	984.770765
-2883.841327	957.876480
-2878.539305	926.633914
-2848.470196	973.668506
-2834.986240	1047.671010
-2835.053139	977.905574
-2833.221069	1029.901698
-2817.579900	995.846036
-2814.561194	957.319550
-2806.394338	1046.728868
-2798.329674	968.385804
-2799.964150	1048.901074
-2797.703449	986.687073
-2784.586918	986.803167
-2777.441125	914.090688
-2778.275777	1033.347898
-2766.181542	1033.221932
-2767.230509	1081.180758
-2759.589946	1016.177561
-2755.572281	1095.823411
-2796.593055	918.050042
-2786.636041	1096.301246
-2772.354480	1093.191980
-2922.588680	937.611214
-2859.273713	943.056190
-2914.859083	1101.320514
-2822.591325	1002.736292
-2815.224105	923.185396
-2935.593868	847.826429
-2932.368701	782.180419
-2929.244503	836.024736
-2926.080261	735.827361
-2926.108389	730.864401
-2922.283972	872.368365
-2919.679184	862.376377
-2914.219077	763.705974
-2913.825486	796.552643
-2909.474432	729.089848
-2904.705911	807.022925
-2899.444347	840.715062
-2894.320625	785.096421
-2895.022451	848.343326
-2894.976815	876.463533
-2882.702654	731.981143
-2878.688477	839.054371
-2876.554711	897.503332
-2876.293786	814.890653
-2868.385457	746.553476
-2867.381154	716.089066
-2865.071445	871.311072
-2864.328015	757.475245
-2862.692206	876.685844
-2859.636134	739.539732
-2863.624424	789.814014
-2861.006106	813.014919
-2850.302080	873.629046
-2851.109933	825.277927
-2839.589524	830.459602
-2834.852424	766.400579
-2831.819555	798.686214
-2824.019192	857.881013
-2815.838655	775.888808
-2812.207093	800.267107
-2812.918186	901.994376
-2811.177726	792.195438
-2806.436475	753.992336
-2803.620197	781.536124
-2799.165755	719.019101
-2792.425078	875.168337
-2791.606058	722.014732
-2786.816975	781.692740
-2782.282823	879.736006
-2784.144071	832.943562
-2783.035941	772.686444
-2778.835308	752.374711
-2777.114126	764.725073
-2775.111179	804.766711
-2763.757899	717.744203
-2766.090977	735.474498
-2762.292663	830.464449
-2760.940076	861.784823
-2754.559246	774.975020
-2755.977123	748.396419
-2751.451047	883.630302
-2748.057311	838.365220
-2912.918877	778.041483
-2887.502753	776.198371
-2885.051703	767.930501
-2885.456525	754.154969
-2877.947148	829.429137
-2874.475353	865.576341
-2847.849476	838.464902
-2819.369331	748.374535
-2792.338513	766.107304
-2898.116745	800.539883
-2881.272538	725.721684
-2875.025625	853.354864
-2857.312263	726.334171
-2824.087741	884.829739
-2791.978430	812.305780
-2776.638582	783.598313
-2750.039006	902.814544
-2846.819792	796.417834
-2900.191368	821.048602
-2900.138451	826.581126
-2811.837213	868.886416
-2806.511714	848.985819
-2804.818243	841.817873
-2793.222118	826.217791
-2935.316585	640.346607
-2934.240291	611.874998
-2932.383531	677.979735
-2926.875327	606.473363
-2925.608894	598.480056
-2919.951812	639.850436
-2917.189185	597.300237
-2914.063508	681.734711
-2914.094396	532.963434
-2911.202542	584.392589
-2903.739952	523.767588
-2899.482617	639.507990
-2897.475908	598.689997
-2891.191015	651.384513
-2888.443855	672.314764
-2880.860892	690.603472
-2880.404331	539.564727
-2871.732378	704.725808
-2870.591141	528.734847
-2869.350857	555.123472
-2866.746612	578.617315
-2865.566564	598.770449
-2859.680839	678.992916
-2856.605038	671.583009
-2858.842624	621.696306
-2857.733841	574.806865
-2857.829979	691.819462
-2857.808275	685.494213
-2852.598943	550.180711
-2853.865611	529.923989
-2845.527217	587.224426
-2836.603542	686.470771
-2830.235715	588.342555
-2828.990385	546.254268
-2822.907023	566.240115
-2827.567176	614.037079
-2818.064249	625.334846
-2818.321988	531.253560
-2806.417704	613.022488
-2802.588979	620.886914
-2802.639934	701.186109
-2794.632235	635.066061
-2795.140442	558.077146
-2792.316027	542.008201
-2791.851524	604.139818
-2791.018083	666.154923
-2769.707481	631.332122
-2767.956442	575.805407
-2759.336027	702.449990
-2762.133711	617.658513
-2757.251140	652.240664
-2754.103841	540.909397
-2909.970223	641.401946
-2874.644113	601.205339
-2845.709527	648.969057
-2827.094574	665.819474
-2817.468076	682.398132
-2801.709382	585.607191
-2775.689108	605.192242
-2767.803015	678.155734
-2763.427855	548.060411
-2813.270200	698.840564
-2806.665697	604.487390
-2790.315650	623.518584
-2774.674728	637.889463
-2772.694353	626.171331
-2768.240197	596.558782
-2766.516625	527.088706
-2763.679636	645.973906
-2882.663622	519.910859
-2853.336665	642.486158
-2832.296299	662.208204
-2900.613987	515.262222
-2895.482682	551.505872
-2871.184092	674.778805
-2835.136964	628.128367
-2805.568548	642.466763
-2934.994471	465.610503
-2925.886860	380.639485
-2918.912466	323.617432
-2919.367370	443.280715
-2918.419811	498.286415
-2909.443994	392.373839
-2903.735941	364.002171
-2901.614348	448.193890
-2896.516926	319.962486
-2896.501438	486.416434
-2891.352960	375.405232
-2885.512250	442.558992
-2882.091204	405.975824
-2878.205760	422.818807
-2873.473023	325.159235
-2871.283391	355.308739
-2870.673302	493.075164
-2866.905266	440.048757
-2858.791233	413.702146
-2847.664609	412.494150
-2844.424774	479.735224
-2843.133315	371.733357
-2837.490287	490.918321
-2835.473856	371.091893
-2834.009293	440.780827
-2832.369633	493.800377
-2831.292746	336.203236
-2828.082508	318.389635
-2827.822688	380.913032
-2824.811734	426.088740
-2823.894300	359.183376
-2812.567317	406.149994
-2804.443836	438.803536
-2806.616889	357.428064
-2796.330741	448.941413
-2784.166416	342.408013
-2780.909169	322.495975
-2775.522117	450.623550
-2769.700876	475.075414
-2764.620729	368.057175
-2761.166893	492.425481
-2755.173356	351.484571
-2752.404082	418.049130
-2753.330506	432.913749
-2750.104908	397.977087
-2929.240451	477.341992
-2924.658088	406.445999
-2886.063191	453.017957
-2858.892738	434.493650
-2852.712780	335.835900
-2801.597382	380.904524
-2799.127617	479.617187
-2754.786552	330.520864
-2751.945511	367.312130
-2868.199792	482.772580
-2865.855081	366.655087
-2843.777683	425.128270
-2831.543552	391.627010
-2777.179491	424.696138
-2768.891863	492.738449
-2779.959085	487.371213
-2775.405567	476.245028
-2935.587855	233.615688
-2936.404644	264.316416
-2915.966557	276.172958
-2918.060299	127.801839
-2912.506680	291.324488
-2900.833309	256.031907
-2894.434255	126.518010
-2891.478422	266.029726
-2887.072022	183.917369
-2884.070228	118.120943
-2882.904247	153.119190
-2882.926355	282.688140
-2869.215702	184.661378
-2870.371830	232.288909
-2862.913149	163.799421
-2864.161022	271.525440
-2851.789738	143.589152
-2848.941882	253.758240
-2834.468149	201.637906
-2834.005458	227.353379
-2829.637663	138.174113
-2830.081317	294.598603
-2825.586843	166.140852
-2823.100523	145.434057
-2823.466707	151.982263
-2819.800597	172.173863
-2818.535916	207.958251
-2819.596503	260.953212
-2818.375852	193.531914
-2813.124690	236.397917
-2796.868166	133.328142
-2786.719486	209.531158
-2772.000969	187.822657
-2757.475194	227.323287
-2755.706934	153.034055
-2918.767125	193.679983
-2915.908895	201.181815
-2870.507543	289.411045
-2851.289081	160.299851
-2814.111767	166.409315
-2785.349866	295.566302
-2780.836701	180.143002
-2781.901959	153.755774
-2894.162262	221.194129
-2844.038649	274.088760
-2758.271073	141.165158
-2895.342642	208.892556
-2888.459409	243.706147
-2927.496376	173.724049
-2933.407243	82.030891
-2930.436956	21.787152
-2924.631408	31.689680
-2922.729784	59.113070
-2909.622288	73.056061
-2907.687927	90.769613
-2903.966126	-45.254570
-2903.192191	-29.723532
-2888.629750	-75.174860
-2881.111945	-57.796374
-2880.246681	69.588535
-2874.686336	95.594611
-2859.226228	-32.636426
-2859.441409	-63.663903
-2859.647630	64.529938
-2854.507304	-7.776675
-2849.958895	-72.578258
-2849.272454	68.325795
-2843.834241	-56.391601
-2839.364379	66.848260
-2833.993350	34.645858
-2828.763938	-14.591942
-2826.253008	-3.961132
-2820.145602	-50.846359
-2818.899430	-43.588934
-2820.833523	93.306637
-2809.146518	41.065896
-2808.557360	75.241757
-2804.396588	67.570295
-2798.889430	18.775941
-2796.270908	35.331744
-2793.365114	3.297633
-2789.285349	50.878003
-2784.626272	90.556170
-2778.214517	46.723858
-2774.505941	17.758467
-2762.248680	-34.097089
-2755.622432	91.617610
-2755.781355	59.798003
-2749.660773	43.901777
-2750.570750	-57.424623
-2924.941319	82.443123
-2914.148473	18.146793
-2890.392847	75.988918
-2854.447660	101.837587
-2800.409281	-41.529923
-2774.189128	-1.683891
-2769.984454	71.278423
-2885.839607	46.897469
-2853.334142	-20.610924
-2840.838356	96.050258
-2827.776026	21.011896
-2803.076653	-76.389657
-2758.006993	36.584162
-2909.239663	45.109368
-2891.010834	13.984472
-2756.777443	-3.144069
-2754.867121	-30.112578
-2917.206105	-126.495294
-2909.717412	-130.669477
-2893.774253	-132.353003
-2873.786044	-138.982361
-2859.705497	-112.964113
-2840.254678	-140.673039
-2805.268001	-131.199487
-2783.338025	-219.627269
-2783.874938	-108.600434
-2766.107843	-129.805796
-2752.408153	-114.508878
-2898.806755	-139.803156
-2884.675561	-140.297818
-2926.275393	-138.504158
-2860.788723	-141.265561
-2824.025695	-116.340198
-2909.762255	-370.047878
-2733.134099	-185.931995
-2721.442094	-110.839287
-2618.026784	-101.900882
-2600.708400	-126.907127
-2669.160260	-120.029088
-2728.872913	49.447851
-2722.550921	40.881983
-2719.817511	17.852888
-2715.619323	-6.287413
-2695.749248	-33.311729
-2696.115046	72.361244
-2695.861714	50.517801
-2691.786455	40.220114
-2692.190126	-19.692457
-2687.866771	-34.076534
-2686.062684	10.214596
-2674.116063	-17.390243
-2664.625860	-5.456842
-2663.415591	-67.720722
-2664.359211	91.317406
-2656.602109	24.409388
-2650.442270	-42.416197
-2651.250967	76.908652
-2646.202556	-76.403048
-2645.266760	60.119994
-2643.100271	-13.672601
-2642.536606	13.582433
-2633.540368	48.355738
-2629.734938	70.811661
-2623.837456	-4.895459
-2624.895624	16.114608
-2620.499178	-39.995963
-2614.204521	33.096656
-2601.748609	35.190641
-2592.402504	-24.796075
-2592.894663	-13.707963
-2590.029848	57.822850
-2573.579825	-81.817644
-2572.481113	79.064173
-2570.524032	25.610365
-2564.298210	16.086978
-2563.201484	-53.948856
-2558.688431	3.650215
-2558.626471	57.745098
-2708.635637	1.581866
-2705.733251	-48.828275
-2608.465251	-58.732836
-2609.878219	-79.360137
-2598.377262	-44.975745
-2594.967799	-80.051399
-2591.666986	9.869330
-2574.345364	-38.695948
-2577.686746	55.492874
-2559.279591	94.333654
-2560.743499	-20.229758
-2723.348841	-14.594115
-2699.807567	-69.200433
-2680.743079	-6.140612
-2614.858736	-17.766087
-2561.299990	-28.155226
-2560.322128	-41.481564
-2628.070167	85.667786
-2728.828580	154.507399
-2729.709566	164.998783
-2725.572937	292.003522
-2719.659594	218.387799
-2712.081660	223.360741
-2711.018558	215.175173
-2706.004159	166.705173
-2704.924761	300.053225
-2686.408547	147.936533
-2683.455921	212.823850
-2672.282894	297.793203
-2667.502649	157.888484
-2657.494488	178.012376
-2654.217371	156.567026
-2650.570397	218.384923
-2650.714234	188.668337
-2650.836846	246.664220
-2648.383464	130.527710
-2644.294923	286.758796
-2644.541733	231.837792
-2640.987799	117.726972
-2636.008367	170.678214
-2631.605058	132.714738
-2623.518196	186.271163
-2623.474169	291.964654
-2618.975798	206.367161
-2614.266769	130.613220
-2602.823054	141.571881
-2603.504593	208.034285
-2604.243373	247.569213
-2595.361644	142.172476
-2588.485032	218.470413
-2584.335848	244.809778
-2581.269090	275.132907
-2570.778988	216.149450
-2565.297506	183.882068
-2560.593836	232.925199
-2552.869087	117.213104
-2728.713368	189.443609
-2700.834223	120.603650
-2686.909372	180.391187
-2685.614236	187.883286
-2664.335890	296.661138
-2555.692617	266.782151
-2551.085818	295.977029
-2668.964476	200.697001
-2667.149315	128.181398
-2666.770022	230.782913
-2638.026075	207.000813
-2634.610956	155.199277
-2731.004349	258.416889
-2597.402873	278.334860
-2718.912280	270.970509
-2696.666308	257.664436
-2687.391861	294.960427
-2732.333132	460.716316
-2729.763750	435.649603
-2728.144943	326.776497
-2727.266513	485.899904
-2726.777128	410.691617
-2717.715714	325.004135
-2711.652325	359.591584
-2710.258309	403.527079
-2705.536679	458.036186
-2698.287152	423.054924
-2691.919735	405.348124
-2685.172510	472.055045
-2686.148426	449.833588
-2681.052233	456.277369
-2680.048482	363.037111
-2677.016010	347.793586
-2665.863771	372.464212
-2664.028227	454.235098
-2645.836881	468.260187
-2641.758787	324.175199
-2638.041285	471.898768
-2633.452279	437.563226
-2626.325331	384.077460
-2625.108049	346.607070
-2617.038293	418.566481
-2614.092885	349.072348
-2612.141976	439.966478
-2607.788643	492.083851
-2598.908674	332.166481
-2599.502859	417.761284
-2589.978150	498.937152
-2567.666928	399.302329
-2567.134670	446.513268
-2567.184093	358.454926
-2561.161940	498.361600
-2560.962335	342.713769
-2557.950935	428.085170
-2723.292634	426.177112
-2705.318735	471.265261
-2699.874581	444.039421
-2624.306617	487.916607
-2606.149460	504.745954
-2561.014200	374.278508
-2554.316468	377.970309
-2731.431116	383.663613
-2667.260283	396.885008
-2641.559489	404.933025
-2572.234600	493.214572
-2567.999836	321.687667
-2722.034873	612.770297
-2724.897019	555.385194
-2718.961922	664.941371
-2717.891908	527.565039
-2720.234678	568.526282
-2716.507952	646.454856
-2708.411971	561.380886
-2704.369307	581.481156
-2698.375508	550.917264
-2694.802985	526.295507
-2690.279651	604.943165
-2683.832068	541.308799
-2680.245759	642.635106
-2678.970206	579.615300
-2678.773971	518.283662
-2667.882361	670.029243
-2660.232815	578.690689
-2655.408600	677.198940
-2648.276455	625.086375
-2644.812585	681.146055
-2643.711034	701.899191
-2643.397999	644.226168
-2635.708885	525.395485
-2634.169213	539.046505
-2633.945907	578.569451
-2630.456700	626.261341
-2629.487414	558.877313
-2622.156712	593.163966
-2619.782372	619.213199
-2615.780492	676.564533
-2611.927426	665.603496
-2607.977830	594.065200
-2606.628057	635.578283
-2587.702082	673.747134
-2577.430318	646.701487
-2568.363076	594.452840
-2567.537576	560.297011
-2562.794957	520.011003
-2552.598619	617.648935
-2547.126006	527.096979
-2724.837720	621.499483
-2690.763628	675.248961
-2683.451453	524.126041
-2665.219931	543.999057
-2612.712140	548.423775
-2605.290403	543.310332
-2596.671029	579.404705
-2578.196422	630.725469
-2553.879218	677.771513
-2666.020783	646.398050
-2654.502792	698.976463
-2608.066129	520.563044
-2623.420670	526.090619
-2556.356573	629.170088
-2708.502771	681.027417
-2736.813606	789.603213
-2732.437116	809.849846
-2724.936355	752.900213
-2725.499239	864.849831
-2724.277364	891.456461
-2721.828074	833.219552
-2713.936984	802.226563
-2713.085116	789.769567
-2708.936858	808.554555
-2706.960805	861.141114
-2695.010478	782.864933
-2690.543864	843.122702
-2684.046378	861.386939
-2685.759901	765.042513
-2679.524338	819.889086
-2679.829891	768.789612
-2651.573820	814.542508
-2651.590812	872.345787
-2642.650450	753.924974
-2637.476553	888.243314
-2633.858749	758.804643
-2630.859879	855.033980
-2620.590784	769.317459
-2621.843094	796.042515
-2606.757801	732.682626
-2603.326618	901.904789
-2604.171858	850.357939
-2591.658431	838.373419
-2586.617843	783.701646
-2584.991407	767.493837
-2582.814874	729.115419
-2581.875250	828.169689
-2579.334183	719.159707
-2575.177864	775.451440
-2574.144299	878.237398
-2567.028076	832.456213
-2563.598163	894.670213
-2554.883376	861.341801
-2547.975564	858.811443
-2548.993081	716.449401
-2731.089056	723.322029
-2708.688931	879.912589
-2701.154357	872.280640
-2685.733857	724.364740
-2672.375300	835.901241
-2670.967626	800.659235
-2619.761665	777.039106
-2621.957722	809.245468
-2613.841675	812.657021
-2580.485621	868.653447
-2724.077481	807.649443
-2700.680865	823.137858
-2674.582256	861.403690
-2638.239812	816.497678
-2633.392353	779.553118
-2611.906432	744.552368
-2592.513656	833.110565
-2628.861215	844.747802
-2725.366073	1097.774878
-2720.347344	920.911702
-2688.786046	1073.272730
-2687.401612	987.465926
-2682.089981	961.357899
-2677.630204	1017.289071
-2669.826702	1102.048252
-2669.141424	938.442145
-2664.837715	1037.692732
-2656.792024	1029.457021
-2643.110832	1090.251105
-2642.973470	952.331681
-2640.250032	1077.114150
-2636.190154	1060.473499
-2633.724445	1093.039574
-2608.458888	981.355120
-2604.261807	1000.823708
-2592.820116	949.615407
-2592.191729	998.339832
-2593.146845	1069.048871
-2585.638745	1035.321726
-2581.371491	950.544975
-2575.010472	1048.460284
-2573.262188	1074.110672
-2575.520408	1035.731932
-2727.169416	963.182887
-2709.911651	1002.961375
-2599.856185	951.431866
-2687.292052	947.572890
-2651.362429	1049.460189
-2648.496801	1077.676528
-2647.283202	961.686259
-2587.389270	922.358257
-2572.604254	975.817055
-2573.791812	915.728773
-2666.567877	1049.844350
-2636.589967	1018.559540
-2595.955080	1051.902448
-2727.168831	1204.108874
-2721.605594	1280.265704
-2711.981000	1238.761572
-2711.783632	1291.431942
-2710.427652	1249.683580
-2701.216724	1269.738348
-2686.350895	1129.698942
-2683.284786	1272.350466
-2680.451343	1157.032314
-2676.318417	1151.235704
-2675.040428	1166.724448
-2671.484640	1268.009682
-2662.754447	1263.043097
-2655.541130	1177.233900
-2644.793605	1250.727449
-2632.417529	1203.442585
-2631.051385	1262.968475
-2631.110834	1242.897799
-2620.140266	1154.696071
-2606.364787	1155.082251
-2607.897273	1149.220370
-2597.635592	1240.540287
-2588.929057	1220.576557
-2589.398525	1193.634437
-2575.500817	1153.316470
-2576.468891	1113.451264
-2565.058146	1164.598490
-2573.477574	1147.525750
-2572.192925	1127.937548
-2566.380786	1208.848759
-2565.116786	1189.199105
-2564.700277	1279.413717
-2559.613252	1248.937393
-2559.251594	1227.449452
-2554.512400	1161.432220
-2716.567796	1197.977184
-2711.460154	1160.105627
-2703.523895	1158.361639
-2699.410430	1167.973109
-2661.305909	1214.510571
-2651.732587	1296.642612
-2617.108471	1253.152339
-2617.092440	1219.885458
-2583.568881	1280.921545
-2580.875866	1158.754889
-2731.132545	1197.372723
-2715.384498	1246.157027
-2698.010627	1131.065529
-2619.197129	1181.546794
-2586.415600	1231.323538
-2580.529564	1255.194274
-2570.878878	1252.384514
-2679.880848	1179.242999
-2592.692912	1115.351846
-2720.798566	1224.434767
-2659.368235	1193.556735
-2630.383039	1223.306679
-2608.679466	1221.011495
-2555.322127	1203.801717
-2554.057803	1241.248888
-2520.184421	1267.508139
-2508.747151	1283.652910
-2512.825448	1161.186597
-2512.281384	1218.566143
-2491.920715	1244.351840
-2479.002263	1284.067237
-2476.217802	1253.451563
-2465.880449	1285.822974
-2464.208423	1114.491093
-2463.363064	1251.945525
-2459.058692	1292.451346
-2452.277451	1280.449051
-2450.213412	1238.976617
-2445.096161	1270.168443
-2446.648029	1283.287311
-2434.693992	1254.449194
-2426.099685	1270.744787
-2422.888238	1283.638602
-2402.821218	1301.395924
-2401.166511	1245.554482
-2389.865308	1260.983010
-2383.525851	1243.439925
-2367.350173	1288.001060
-2362.120394	1276.457614
-2360.515652	1288.523112
-2354.354749	1130.927701
-2348.949288	1179.119115
-2349.781881	1240.447169
-2347.532849	1194.004251
-2527.198213	1274.506903
-2521.727326	1189.940739
-2392.179812	1244.079019
-2366.070651	1198.827695
-2369.541038	1304.586048
-2528.469235	1298.983595
-2522.571582	1249.642312
-2497.207185	1261.078466
-2410.397753	1275.012520
-2407.968467	1253.777162
-2397.345552	1227.851662
-2502.048384	1246.099635
-2498.750967	1256.099903
-2423.564163	1236.377118
-2534.021251	1012.906940
-2535.050614	983.143280
-2530.852177	1024.198836
-2525.836946	941.216517
-2523.723172	970.390454
-2520.903847	1057.174613
-2513.557093	941.189498
-2511.940438	1002.834143
-2507.313568	1060.315767
-2502.645246	951.651510
-2492.783964	1054.939504
-2490.744394	998.559097
-2491.130146	986.899528
-2484.994956	1063.433233
-2484.018056	1031.274595
-2478.401094	1050.863455
-2470.367641	1036.941228
-2470.213106	1090.952677
-2467.128420	1098.213436
-2463.615525	944.533590
-2463.094982	1015.204444
-2449.651631	1046.338973
-2450.052025	1075.725488
-2440.160727	1077.056487
-2430.884413	923.616038
-2415.885101	958.266653
-2410.538311	1028.413533
-2408.334423	930.023571
-2407.828599	1063.225407
-2401.108850	1062.151421
-2401.456921	1000.704782
-2394.603249	1097.591722
-2392.737851	1061.197718
-2389.520385	966.751247
-2385.234430	1098.549147
-2381.137189	942.968771
-2380.377074	1026.320338
-2379.774913	992.242964
-2374.908773	1064.575852
-2373.241316	945.863142
-2364.330044	926.658299
-2356.582016	943.296998
-2357.475748	984.781764
-2511.108570	1033.918353
-2426.955606	964.688843
-2399.815473	1043.331282
-2389.354048	923.030600
-2372.225416	987.401629
-2369.648923	968.219744
-2356.908019	936.299082
-2527.433689	1077.620189
-2470.367391	1054.867721
-2466.575428	988.985537
-2421.047598	942.890780
-2399.989544	987.814321
-2510.246411	949.675785
-2449.393999	923.716202
-2429.492985	973.921780
-2509.703625	993.345416
-2357.017224	1023.161573
-2532.716295	839.936781
-2531.966733	888.741986
-2527.419726	730.310772
-2527.053353	868.671615
-2525.598349	891.547774
-2523.580514	884.189277
-2510.174126	787.044208
-2508.524035	875.109601
-2507.049214	733.268844
-2501.922033	861.764267
-2502.429955	720.707931
-2495.329771	769.530764
-2491.734825	751.302396
-2487.382655	731.480978
-2487.982211	823.575700
-2487.515308	890.355316
-2483.428666	855.192014
-2477.246634	765.952087
-2467.430244	884.940468
-2459.380526	834.321571
-2460.190201	786.684672
-2459.367428	758.619082
-2455.742967	719.835247
-2453.140873	733.613618
-2455.323895	796.352364
-2442.192443	847.995099
-2436.486858	883.021565
-2425.217439	749.860213
-2419.328903	727.532849
-2422.631390	806.251361
-2418.962301	779.652174
-2411.787096	841.559036
-2412.557574	865.582056
-2411.280512	856.400805
-2410.530598	830.690280
-2399.864173	736.941528
-2391.201339	787.944892
-2385.688452	790.258326
-2379.008081	864.245922
-2375.413148	778.770496
-2372.920381	903.534817
-2368.621257	733.248839
-2359.634402	729.805513
-2356.516594	777.055156
-2357.720257	849.710052
-2354.540307	866.622137
-2354.500283	897.805437
-2353.418370	791.133737
-2351.427782	816.681249
-2493.279009	804.583257
-2485.784345	740.314769
-2474.687316	814.155655
-2453.760603	881.278405
-2437.462012	789.382841
-2417.337320	768.772344
-2413.164631	873.270346
-2405.108744	803.585781
-2383.440073	798.607385
-2379.616254	760.546146
-2525.730391	762.199814
-2438.982419	813.664218
-2430.482119	891.301061
-2398.912019	898.587875
-2378.301738	725.317589
-2374.279795	789.675559
-2500.499072	755.445977
-2471.319974	719.153821
-2467.280556	785.688108
-2371.266021	877.077471
-2352.111910	839.630284
-2536.987982	582.072698
-2534.900529	542.950712
-2535.080872	667.399304
-2523.065198	651.994183
-2513.675924	642.292906
-2511.984447	549.018671
-2510.757910	527.424987
-2505.890212	535.266094
-2492.020588	684.565625
-2487.212177	642.935413
-2484.846128	572.631822
-2469.406124	603.797232
-2461.018578	643.003167
-2459.771019	606.783735
-2461.489117	561.476702
-2460.334121	671.915029
-2450.264387	563.979248
-2447.066890	616.362992
-2439.762401	639.678063
-2440.488207	568.018083
-2433.709012	660.562013
-2432.102970	669.102725
-2428.435725	642.120348
-2427.398986	681.850382
-2421.803180	567.906790
-2412.774040	565.164628
-2413.617336	654.792534
-2410.097566	552.905520
-2411.327878	665.776105
-2392.874768	586.636899
-2393.575128	661.772989
-2392.980341	677.962829
-2388.551380	631.922969
-2387.428453	577.940381
-2383.595318	656.161382
-2383.091415	567.062880
-2382.062955	519.410039
-2382.466668	601.347999
-2380.454843	536.364998
-2371.708117	586.428585
-2371.207647	521.709635
-2366.921875	620.908349
-2359.269570	681.724647
-2348.513285	635.076061
-2525.455867	596.435780
-2516.743781	666.910708
-2512.691540	689.043837
-2506.179658	673.160633
-2490.626568	699.514218
-2481.323367	539.394784
-2475.585087	634.642055
-2440.827996	594.377105
-2437.917026	687.108286
-2412.917355	606.212234
-2381.345287	691.757202
-2354.413165	579.317041
-2498.026285	612.361770
-2495.179294	590.262074
-2459.900731	682.816374
-2455.165227	688.213686
-2408.462536	541.189973
-2397.014528	612.111236
-2361.465401	672.043193
-2470.447275	546.640835
-2401.829108	694.317903
-2490.400968	557.346678
-2533.231872	352.347014
-2528.123392	384.650696
-2517.126631	418.616365
-2519.652627	343.718273
-2516.790173	436.378217
-2517.096982	426.337841
-2507.403077	389.491868
-2502.900004	457.101475
-2503.334589	317.672197
-2492.660332	382.591330
-2489.899697	331.403009
-2482.297544	466.604002
-2476.178747	327.901768
-2469.683181	354.188562
-2464.046806	477.074084
-2462.747633	500.476839
-2459.304356	448.308734
-2457.289706	366.459866
-2451.925289	413.272337
-2443.056676	326.854736
-2432.869706	396.035378
-2435.682654	326.110373
-2435.181792	475.004271
-2433.594148	361.018152
-2430.784426	340.430322
-2416.487262	452.179599
-2420.099811	473.253365
-2410.354203	398.556320
-2405.872396	427.928124
-2402.600193	483.458745
-2402.412016	358.360330
-2390.928795	409.309152
-2385.666926	431.325432
-2382.744760	467.800804
-2379.605040	451.446956
-2369.568532	466.487136
-2356.869193	344.263682
-2353.335340	404.289382
-2351.907312	457.260682
-2349.840406	365.013537
-2512.240190	444.181078
-2415.014705	337.828067
-2386.192343	350.085325
-2374.074314	399.086103
-2480.158130	421.541620
-2405.660231	373.605913
-2390.652571	389.942237
-2492.412440	412.604976
-2484.077974	402.104473
-2527.917623	190.124303
-2528.947193	161.809460
-2520.093890	198.408791
-2517.711074	232.974215
-2510.884353	269.196434
-2509.073702	215.079593
-2509.714594	288.552495
-2504.351013	173.529779
-2499.799499	289.834071
-2496.514576	246.686293
-2487.450282	298.009427
-2484.750131	225.849720
-2479.196976	235.359587
-2476.828367	304.179582
-2474.668950	282.402933
-2470.582593	138.464719
-2470.603744	175.669724
-2468.216825	244.823201
-2468.149588	122.574945
-2464.074977	137.920228
-2449.289449	186.347606
-2450.266202	280.109945
-2438.661648	285.963179
-2433.834120	228.749493
-2429.712311	140.161780
-2427.754611	255.994135
-2423.294754	185.955120
-2411.495590	287.350782
-2408.024473	128.489817
-2388.485227	274.475259
-2386.718140	139.492626
-2381.662029	278.690589
-2374.534116	129.668867
-2360.594482	175.824080
-2359.490455	168.633753
-2352.910188	254.921834
-2351.842234	300.861518
-2353.800958	237.440689
-2499.178854	122.249133
-2432.832429	206.927624
-2413.468284	167.838720
-2398.062262	249.005940
-2388.831281	252.648069
-2347.832354	163.584116
-2487.128162	113.923624
-2474.218947	239.453973
-2442.439566	159.486728
-2440.195836	170.879386
-2416.789230	139.785230
-2401.809654	227.782514
-2391.210841	229.398890
-2430.492662	293.221918
-2392.612422	294.190898
-2351.228050	196.172699
-2533.719912	-12.838888
-2516.732107	10.821624
-2515.047501	43.633753
-2504.527600	22.546483
-2499.892705	-19.209977
-2497.165499	26.415378
-2489.654853	87.795394
-2484.949746	76.193707
-2482.514339	35.514602
-2484.260591	15.614834
-2466.570886	54.332226
-2459.503146	76.360229
-2444.757165	82.012511
-2440.800775	55.184949
-2424.008737	1.272831
-2399.544702	22.739994
-2368.546531	11.516473
-2355.477451	13.542555
-2356.436121	38.301440
-2507.947243	-11.956385
-2421.978712	97.425117
-2419.399594	15.766240
-2359.476132	84.443143
-2409.980625	24.878581
-2382.311700	33.547052
-2506.886280	49.882754
-2457.761676	41.973146
-2483.408344	-22.859648
-2441.244799	27.271549
-2364.601736	19.899951
-2349.933294	85.522861
-2188.155687	-104.105443
-2161.193505	-103.696991
-2327.531656	20.047492
-2299.016462	62.728799
-2292.420324	43.264772
-2289.315232	86.645128
-2269.728316	93.505677
-2230.860557	71.787149
-2230.737990	59.512823
-2220.808982	43.054838
-2209.455964	65.028322
-2199.684026	16.601037
-2189.649251	92.701144
-2150.604392	70.455532
-2333.324169	39.167020
-2324.947159	38.358008
-2235.616163	28.101056
-2272.732158	73.915617
-2189.163461	30.281361
-2292.692443	70.496809
-2248.685463	28.493594
-2160.072389	52.378850
-2329.324210	222.623566
-2329.967865	295.873769
-2326.366536	288.174721
-2316.040744	149.072211
-2311.316271	208.466823
-2310.394878	282.760280
-2309.405135	176.604989
-2300.297093	162.181919
-2297.904350	227.821836
-2293.661060	174.567238
-2283.517732	217.986751
-2265.565460	117.564060
-2261.204707	289.864282
-2251.418931	209.499860
-2244.384335	158.927144
-2242.447712	137.060623
-2237.139804	190.013109
-2234.079598	148.615187
-2233.873852	225.941140
-2228.837560	207.719259
-2218.592197	140.330267
-2203.719846	198.426671
-2196.287539	124.721673
-2188.568038	267.845120
-2182.476183	210.702440
-2172.046472	243.850181
-2170.969759	185.680868
-2165.701375	144.378857
-2161.642823	200.716184
-2155.061991	146.971673
-2143.850837	239.600186
-2323.979457	244.914932
-2311.904046	249.139285
-2292.989908	279.346633
-2288.775154	139.375313
-2269.878433	175.184744
-2207.922441	271.239313
-2174.089008	173.125452
-2171.581900	166.045344
-2163.646738	244.776243
-2157.380035	165.275772
-2148.910507	299.362190
-2224.332109	160.538155
-2222.756781	121.807110
-2189.489856	249.953829
-2184.292470	143.537554
-2166.551583	301.546532
-2272.158264	159.768799
-2307.683385	146.786565
-2203.976574	232.325401
-2178.893697	160.303573
-2177.603341	143.651419
-2156.155516	213.692000
-2150.664745	216.699325
-2334.458285	416.801143
-2333.942778	385.997095
-2329.533609	312.566137
-2321.609260	447.645501
-2318.886656	423.281110
-2313.875735	321.682802
-2316.853400	499.050502
-2308.327609	469.666167
-2295.558630	363.395342
-2298.266401	445.372263
-2295.841316	486.164221
-2287.734836	459.171242
-2284.631070	348.173927
-2282.641284	487.178054
-2272.959587	464.846838
-2270.692782	458.535450
-2265.288274	428.772475
-2267.209223	479.633062
-2253.189973	393.165070
-2251.859133	364.031430
-2248.500556	403.100443
-2245.335891	502.307564
-2241.620010	451.931708
-2236.795928	361.039560
-2234.907065	487.739210
-2232.236070	394.596680
-2228.340932	435.222992
-2225.145330	317.869800
-2225.071464	376.382014
-2222.754159	411.768974
-2220.422044	342.476566
-2205.034748	396.655917
-2205.757152	355.280023
-2202.027632	433.707419
-2201.447352	447.444916
-2201.791507	357.041618
-2198.204366	468.706812
-2190.724241	378.864265
-2192.978159	330.777875
-2187.506974	401.362922
-2179.778673	451.157340
-2177.598008	419.395559
-2168.433161	471.736382
-2165.510732	327.687408
-2157.979009	390.146385
-2155.783496	456.407220
-2145.714447	421.525093
-2298.624831	389.251560
-2292.764232	389.283020
-2288.446813	410.068317
-2270.328360	322.141601
-2244.948373	435.452579
-2194.167709	385.186560
-2320.941802	402.427987
-2244.722355	338.077831
-2195.812013	362.713654
-2175.808397	334.335471
-2150.057109	403.550586
-2259.765021	495.466550
-2217.032278	429.466435
-2334.076737	659.007009
-2331.696592	558.159446
-2313.401363	570.543218
-2310.328084	534.324968
-2313.317605	674.332687
-2307.688095	596.887250
-2307.052084	661.913324
-2297.321969	546.196280
-2297.331078	627.275248
-2281.885265	626.094690
-2279.275580	666.100175
-2274.031716	661.015593
-2269.547997	584.049355
-2268.051113	697.504396
-2255.543643	564.745850
-2255.808164	662.726778
-2257.331208	535.579233
-2245.230488	611.029194
-2241.075679	528.591236
-2233.167196	565.977338
-2227.814745	665.109740
-2221.850996	579.115334
-2218.058187	644.908786
-2217.786419	565.052130
-2215.908768	614.716724
-2211.319809	582.606014
-2211.626002	560.132926
-2201.760940	556.596172
-2196.258760	684.033466
-2190.073337	673.477566
-2182.296517	682.886052
-2181.868203	536.982622
-2178.735909	542.906221
-2170.948721	581.778928
-2170.596507	694.063816
-2169.923733	544.934143
-2167.556596	630.096658
-2163.793022	676.798879
-2160.700976	657.180231
-2293.697049	633.314014
-2254.256659	609.737452
-2215.947367	598.075533
-2205.631677	646.150637
-2192.031321	620.324973
-2326.726205	662.603591
-2241.462103	605.491114
-2227.712947	562.960460
-2201.174995	527.919522
-2289.019256	583.770506
-2230.726936	541.295434
-2174.149953	604.154334
-2331.992430	839.529900
-2329.741046	863.763351
-2314.087085	853.962682
-2306.335605	858.420687
-2306.115591	752.704658
-2303.495516	838.965836
-2298.797618	822.204624
-2292.666316	880.674084
-2284.854230	854.525350
-2283.316508	818.926949
-2281.792921	881.048376
-2280.006694	835.451425
-2279.112370	775.197863
-2277.159535	741.585129
-2272.100738	841.417254
-2268.268851	860.524431
-2256.251848	884.735638
-2256.559363	778.728841
-2255.354505	737.744782
-2247.630111	831.786639
-2235.373975	899.700328
-2231.669666	796.327631
-2228.212617	875.945901
-2223.457704	756.122800
-2210.201912	723.466626
-2203.065341	839.659086
-2207.975573	772.831420
-2205.596444	818.687552
-2196.164507	894.743490
-2193.048804	782.361355
-2186.006131	761.534867
-2187.521266	836.198998
-2187.190788	827.461027
-2179.368557	849.968256
-2177.647848	764.700306
-2178.765098	876.329341
-2166.976805	787.250255
-2161.725985	856.148873
-2155.404252	835.498745
-2154.633203	731.920573
-2151.557527	739.244444
-2320.952879	798.935628
-2310.581853	728.284829
-2303.245912	898.216447
-2304.197904	874.141468
-2255.287384	854.015292
-2250.248793	722.526535
-2204.986851	742.130751
-2180.724560	750.308926
-2171.385188	737.459563
-2243.945619	746.848173
-2327.271904	735.381171
-2322.749099	841.451410
-2212.653453	727.020018
-2189.514342	801.348502
-2338.161366	1049.617826
-2329.871495	1077.335996
-2327.826949	989.219479
-2322.204134	1048.781799
-2310.817180	1043.408213
-2309.791427	950.830626
-2291.418397	988.787682
-2289.146822	1000.096393
-2286.274987	1072.117233
-2286.014792	1080.395695
-2275.337285	926.002148
-2270.562294	1041.022089
-2269.370695	968.999276
-2267.661158	995.303724
-2265.476430	959.191490
-2250.164781	1041.349225
-2243.883907	1063.699973
-2239.343174	974.942202
-2242.045927	1014.435002
-2239.492958	930.526846
-2237.528915	1048.321888
-2234.145693	1024.622743
-2231.302510	1002.798072
-2229.151452	991.007587
-2230.540651	951.295087
-2223.029785	1026.003887
-2226.361562	935.841057
-2218.912162	973.680417
-2217.595929	1075.672463
-2205.110699	1007.460521
-2197.003606	971.397589
-2192.585675	1054.191073
-2189.940004	962.874824
-2184.798824	1098.181455
-2173.148456	1014.920670
-2169.795396	918.350599
-2170.304049	1085.601546
-2164.567574	964.134187
-2162.508660	1105.450180
-2285.612461	1093.563576
-2274.002960	1006.038970
-2258.899506	1091.611297
-2200.339554	938.624214
-2316.267729	1046.715952
-2248.253879	1012.957383
-2173.825456	968.976263
-2203.747674	1089.348408
-2195.614736	1048.088117
-2316.772812	1017.783436
-2291.439829	1008.515798
-2267.832651	981.106405
-2218.800381	1049.624175
-2173.728246	1067.659374
-2163.835911	951.662077
-2334.814977	1188.838194
-2335.138034	1204.952917
-2332.100754	1159.389174
-2326.778415	1301.214417
-2321.866156	1151.928663
-2314.527342	1247.504833
-2303.785165	1297.401476
-2298.775112	1269.028736
-2294.108353	1283.323887
-2293.753400	1160.569162
-2294.836564	1216.867546
-2288.781339	1118.720358
-2287.844090	1259.991680
-2278.541495	1198.925643
-2276.366909	1298.441275
-2274.379412	1279.483664
-2273.410075	1268.846004
-2268.040807	1252.075172
-2264.701372	1234.256039
-2259.038867	1171.962788
-2260.579113	1239.567235
-2252.564751	1286.426465
-2249.208066	1262.412438
-2260.575331	1197.534872
-2251.667562	1119.926813
-2246.203400	1300.748344
-2247.230565	1141.818850
-2236.766125	1197.344900
-2242.965437	1241.109897
-2234.214005	1159.393385
-2233.845915	1123.910731
-2222.102759	1202.890271
-2224.086042	1270.415283
-2221.899051	1278.954928
-2221.456641	1295.576121
-2216.033255	1172.898501
-2216.286212	1260.390409
-2215.842805	1122.856596
-2215.484778	1271.388899
-2210.879021	1218.928605
-2208.405150	1246.435390
-2206.806376	1180.971009
-2204.836236	1296.319839
-2194.076014	1249.651760
-2194.833106	1297.345456
-2185.323128	1206.156247
-2180.108788	1163.593451
-2176.904169	1225.032623
-2175.560092	1143.349295
-2170.592665	1279.082108
-2162.399395	1263.622567
-2155.391867	1296.837378
-2156.557566	1139.644178
-2155.369157	1176.283513
-2156.429048	1204.274124
-2330.645753	1272.161325
-2304.452509	1221.667397
-2250.738917	1205.071119
-2225.166823	1218.057652
-2183.414935	1186.140904
-2177.890506	1247.793280
-2165.784656	1289.313621
-2319.524433	1172.623780
-2322.394164	1271.945241
-2300.297074	1139.954683
-2262.873955	1272.796829
-2236.368976	1174.195805
-2226.880941	1146.855945
-2174.870345	1296.863413
-2323.366468	1228.240251
-2281.067519	1180.762007
-2200.424298	1151.732296
-2191.329124	1304.788406
-2182.526284	1286.898531
-2168.300676	1280.421605
-2158.211426	1271.905699
-3936.467168	-210.079070
-3840.643446	-90.019339
-3911.272195	-91.715027
-3753.871985	-94.190949
-3850.761633	108.477312
-3803.714090	109.818302
-3741.001846	-52.340053
-3891.168886	-86.409586
-3753.869847	85.854871
-3737.237887	52.009771
-3738.915391	61.762818
-3907.874840	307.278077
-3749.330970	177.418291
-3748.826705	141.789405
-3935.565488	369.600375
-3890.603874	507.928441
-3870.767731	507.370583
-3817.744710	508.807029
-3934.498560	382.881941
-3740.039781	328.838642
-3798.688960	506.543954
-3746.795979	389.169757
-3747.077284	382.610747
-3896.477700	709.082629
-3745.666659	611.445800
-3853.908944	706.384137
-3915.577840	716.807735
-3740.764783	730.383574
-3740.775583	801.622788
-3818.489637	902.170181
-3804.570664	1107.529331
-3749.670584	983.519268
-3750.811254	913.702073
-3746.741499	1048.332431
-3742.139575	1004.916802
-3741.077428	932.798420
-3844.939362	1304.553591
-3748.780256	1222.122349
-3745.073878	1204.514954
-3743.975830	1188.900525
-3737.948287	1155.380582
-3531.010599	1250.417113
-3732.415289	1245.544948
-3558.589975	1106.960912
-3660.943792	1106.578125
-3544.188003	1003.774149
-3541.766776	954.620630
-3621.203844	710.774303
-3544.385598	876.458048
-3543.168022	753.407480
-3536.421004	849.125312
-3561.653281	714.431308
-3727.036982	508.428496
-3711.582181	506.429353
-3545.246990	547.157834
-3540.544266	658.144937
-3659.075419	504.974379
-3557.753285	322.454066
-3541.698452	398.361589
-3547.769584	372.064416
-3545.012043	261.454343
-3620.963957	110.142806
-3542.876430	232.126782
-3670.270000	-90.858042
-3648.880928	-91.432299
-3610.806306	-90.797507
-3541.172166	-70.953808
-3699.366420	-87.907615
-3736.330328	-178.152884
-3732.702595	-226.701107
-3541.984868	-202.895613
-3538.171736	-142.017972
-3514.463101	-91.187806
-3339.865903	-122.208052
-3508.594434	109.293348
-3350.735875	-65.709940
-3350.318485	76.461795
-3343.329006	38.609452
-3417.991386	107.114201
-3485.824709	300.579937
-3352.157924	228.903669
-3346.375454	131.991657
-3457.113330	117.177841
-3342.567740	208.722791
-3347.386274	274.760813
-3500.302404	309.582187
-3457.397799	502.648261
-3352.372522	368.016221
-3350.642400	492.205062
-3344.392621	417.268076
-3342.194305	445.120040
-3340.265551	317.588923
-3535.251919	605.733026
-3430.636411	709.083401
-3340.468753	700.039311
-3453.399800	903.079183
-3383.679942	906.825956
-3349.701783	816.600982
-3343.683992	762.496873
-3493.103560	1110.296101
-3343.497044	1187.725864
-3342.544142	1223.432046
-3344.302932	1287.517014
-3215.904356	1112.768239
-3149.184200	1206.059739
-3139.471985	1177.381708
-3151.555733	1117.558908
-3139.952811	1249.900552
-3293.400211	907.172238
-3205.130810	907.804354
-3179.681386	910.323123
-3176.163587	1105.459129
-3154.360950	912.339812
-3145.329539	1063.486548
-3237.101099	908.011907
-3212.941038	709.444108
-3195.297729	704.843866
-3151.315005	705.289009
-3146.676855	821.333643
-3144.683421	771.042765
-3142.724108	794.606958
-3139.143845	741.284790
-3146.372931	759.189997
-3243.713110	704.676218
-3140.902570	627.536857
-3139.703633	699.263238
-3138.001817	549.270548
-3327.387480	506.996855
-3139.918322	595.847940
-3146.093473	649.353836
-3145.323676	529.947345
-3288.853419	307.825807
-3142.255331	448.040862
-3143.338182	359.437923
-3136.221579	434.110800
-3305.355677	310.841460
-3264.924478	307.215418
-3232.226507	308.769455
-3163.333519	305.479799
-3141.341913	335.744206
-3283.460423	104.895982
-3248.519874	108.087121
-3214.734607	110.429258
-3165.724690	106.496200
-3148.393528	195.255434
-3147.343893	172.786466
-3143.624428	253.913490
-3140.787706	283.068943
-3141.056246	147.501363
-3139.282532	191.546146
-3136.639427	300.271590
-3337.308137	251.912125
-3196.729224	106.427521
-3140.961497	237.656523
-3223.328565	-88.446403
-3161.069011	-92.654268
-3145.798056	94.831910
-3143.130227	82.490729
-3143.974321	11.316852
-3139.038819	36.641339
-3128.856760	-126.737613
-2954.406641	-113.521101
-3078.900644	108.050518
-2951.113607	16.044891
-2942.262283	52.480091
-2997.488175	107.554382
-3137.406026	89.456240
-3060.092816	304.348510
-2967.281418	311.199275
-2943.138314	162.845364
-3056.100037	111.286762
-3052.380905	500.030752
-3010.921876	510.131787
-2952.376444	503.637567
-3058.045041	704.064992
-2946.685860	640.890241
-2941.035764	658.860006
-3122.181759	708.006099
-2988.730072	513.618645
-3004.641267	902.607018
-2975.801303	905.295433
-2941.108849	884.380767
-2942.717137	826.720092
-2940.141823	872.318717
-3133.398185	906.426390
-3079.891762	1107.914134
-2944.377008	1071.011559
-2941.914696	960.837936
-2942.742221	1040.732895
-2940.813717	986.153854
-3070.810784	916.298628
-3138.120642	1203.597265
-2992.121035	1304.107752
-2937.637565	1253.788860
-2937.772961	1125.356321
-2940.403258	1211.106124
-2902.107932	1112.793459
-2937.786643	1274.000964
-2747.655642	1007.162699
-2746.304882	1096.260341
-2735.284466	1033.098175
-2742.447537	960.831302
-2878.267661	709.957666
-2834.503714	711.192311
-2823.388554	714.975074
-2787.307401	709.270883
-2936.787075	618.426191
-2889.042669	506.579005
-2741.612472	646.881382
-2933.700931	575.221113
-2894.775999	307.377900
-2778.072708	313.206782
-2758.407458	299.774821
-2800.364657	311.221551
-2881.281596	500.191597
-2743.893173	326.789637
-2933.769891	185.511181
-2902.385478	114.290920
-2853.565993	304.236512
-2741.379774	281.533127
-2739.408676	251.283267
-2742.059973	240.368160
-2858.140489	-85.926855
-2740.074817	87.146817
-2822.967776	-100.225140
-2934.889337	-113.947631
-2876.134096	-96.211559
-2621.844896	-96.323792
-2738.413059	-104.419851
-2733.770247	-68.631161
-2644.013642	102.912057
-2636.744275	107.905022
-2552.252961	106.325065
-2540.519298	60.106460
-2616.537800	306.243229
-2543.405985	263.746093
-2543.127187	194.498813
-2539.792685	440.111497
-2545.676039	455.623443
-2537.695690	402.158897
-2737.585491	590.335057
-2657.592303	517.884558
-2627.199771	706.889074
-2584.449494	709.020942
-2547.274061	597.942274
-2541.064514	590.414036
-2538.961014	574.109924
-2722.313782	514.624619
-2549.217406	652.307552
-2735.919329	665.289718
-2629.781289	513.663836
-2731.152305	770.062637
-2673.797701	716.148778
-2542.490717	875.687229
-2541.572555	793.619493
-2697.199379	1103.647527
-2581.850405	1108.872807
-2554.775248	942.668186
-2541.176885	918.129565
-2540.045391	1063.128395
-2706.338768	1108.460840
-2605.702463	1113.836156
-2540.591401	1252.086881
-2543.917003	1199.449399
-2538.188792	1126.953002
-2545.196511	1265.769106
-2335.617156	1254.228770
-2457.240761	1301.738451
-2343.316982	1272.891635
-2509.978744	1106.613923
-2337.682573	1179.516192
-2412.447470	907.901888
-2344.597254	1052.507269
-2434.664106	908.553941
-2344.132901	965.020312
-2424.162267	707.071741
-2346.524486	897.945073
-2481.011655	507.861316
-2395.458410	706.387530
-2388.788771	701.731578
-2344.645235	675.647698
-2477.890222	309.892159
-2345.580366	391.574131
-2339.985582	460.284751
-2450.011523	305.527800
-2389.085486	300.436410
-2344.578543	259.771830
-2344.638030	24.496531
-2166.701664	101.543726
-2291.556404	102.032838
-2209.991294	117.265924
-2216.748234	308.000888
-2291.377342	509.068065
-2211.364568	506.679003
-2155.234741	508.790373
-2336.080134	480.695749
-2285.752594	695.910133
-2264.542804	513.419028
-2253.795977	710.489326
-2150.127258	552.354357
-2145.322245	678.188171
-2336.726177	805.697287
-2335.061844	795.686626
-2266.393771	907.997115
-2286.304474	909.322287
-2299.285997	1107.994761
-2148.528428	912.991698
-2148.210112	1239.082973
