828.019517	-897.605064
834.569527	-948.176796
838.187199	-851.804507
850.756881	-872.341633
851.962092	-1002.165149
857.252809	-977.597671
861.906676	-867.220556
880.407605	-824.544832
881.930329	-904.374512
881.745479	-946.496005
885.508907	-885.800196
888.658936	-915.130170
898.131388	-990.830661
894.548619	-973.065758
901.560449	-913.866686
906.330074	-881.944895
907.621675	-961.151540
923.637644	-856.667844
933.509444	-938.765939
935.578124	-993.922046
941.338002	-976.570002
940.620762	-860.470021
946.823992	-908.266957
953.160733	-950.957226
961.877611	-918.075528
964.236005	-1002.146260
974.050158	-895.063506
973.312233	-966.390920
981.761705	-826.087266
991.880018	-871.658759
995.351082	-993.112328
996.656773	-963.918596
999.862661	-1000.577914
879.126793	-854.020761
921.712390	-876.299138
923.692271	-938.560726
932.150803	-880.558455
956.340423	-969.359752
934.804359	-953.897744
946.013866	-921.249156
948.688378	-858.939408
976.369549	-845.262527
997.632701	-906.731230
904.288244	-935.544077
934.736218	-894.472145
826.448204	-639.294719
835.814074	-649.037668
835.508879	-661.377311
837.892645	-798.545311
851.296144	-705.432982
849.905318	-796.711111
855.486178	-753.067439
857.643779	-770.265825
861.452461	-693.770457
863.648823	-677.025140
867.998407	-759.645120
879.297378	-762.130575
882.045287	-785.248100
883.321321	-638.530074
886.355842	-776.198013
896.091846	-635.389712
901.488046	-776.692971
916.366471	-651.192949
918.913514	-672.282214
920.628774	-687.869275
919.642462	-734.635004
928.006673	-627.218484
937.642169	-683.646846
942.931349	-795.968833
942.797189	-692.305108
946.685146	-746.614714
948.395172	-665.470721
948.613369	-753.827335
951.314425	-724.707503
965.853075	-633.305686
972.344718	-786.485689
972.188370	-693.185063
977.294752	-764.753964
980.258126	-672.174770
983.526505	-665.488134
985.335748	-618.771866
994.881285	-722.390426
1000.312305	-681.623057
999.095967	-629.369175
1001.388873	-643.648162
1011.565748	-789.815051
854.686037	-627.635670
856.163789	-656.496330
963.660158	-718.278024
907.710882	-718.368318
957.582914	-694.166580
923.611516	-790.024781
921.856423	-636.759243
966.988042	-738.518828
898.943109	-797.589701
829.703164	-432.719357
834.101501	-557.672563
840.999255	-552.082409
855.575274	-597.588958
857.529577	-428.673510
859.603571	-534.871858
863.959070	-484.328137
872.569016	-459.662122
870.506447	-607.296765
871.468456	-510.250809
873.337851	-564.309896
884.111207	-502.928359
882.373348	-429.431264
893.541825	-523.568946
901.906384	-577.072546
912.950226	-520.378477
913.883157	-461.003931
917.305570	-560.336838
917.702661	-442.205279
919.097221	-540.592554
930.527674	-495.282479
932.026888	-514.676071
936.930175	-494.023085
938.281800	-448.651971
943.052071	-546.125255
948.622924	-576.876917
963.177648	-534.941697
973.248617	-482.855194
970.116732	-462.702141
978.559285	-435.096122
977.682084	-520.138201
989.639264	-439.120891
993.867505	-526.479047
994.849117	-513.777329
1010.361765	-430.301647
1015.895403	-527.496450
840.737511	-578.274014
843.438191	-569.787494
950.143108	-418.932358
963.786426	-518.831665
906.042524	-482.301561
1014.988848	-572.702783
934.171849	-503.286642
832.122005	-355.907924
836.586733	-388.727092
842.400167	-322.439634
865.786402	-351.384295
866.418800	-312.049370
870.350310	-323.056744
879.620050	-407.417224
886.747485	-337.631082
891.121215	-321.286649
893.924771	-372.907096
890.645228	-308.025356
897.890574	-342.416879
903.420841	-235.167315
908.578265	-263.777083
910.590231	-368.270134
928.946864	-402.330191
926.727355	-245.551472
935.638303	-336.752250
937.516360	-229.953794
955.257211	-263.743791
959.992161	-325.105350
965.660950	-359.674418
964.420296	-300.187401
970.638316	-344.348248
971.214634	-245.993476
976.710039	-254.012513
986.433021	-266.918970
1003.490611	-317.684585
1009.884157	-395.743991
1013.928828	-317.080401
835.209782	-375.411682
877.413301	-275.125185
898.209878	-397.131866
899.732175	-312.445425
954.384357	-352.588995
990.096976	-346.569544
919.968382	-292.656017
933.559418	-268.819734
957.204791	-235.549475
973.266201	-375.693272
917.311950	-336.393228
1003.488934	-293.205872
838.075172	-105.933050
847.926567	-68.835882
850.755683	-117.343585
847.764603	-139.239332
865.738233	-16.916678
867.180579	-77.941712
868.086980	-35.912954
868.719168	-147.365004
872.643957	-59.297032
876.965655	-97.264662
881.283528	-115.921331
885.071111	-144.460426
897.959817	-192.762216
897.767168	-97.420880
897.784609	-161.485525
901.715756	-43.812032
907.358643	-57.892317
910.655827	-82.025412
915.824797	-17.788044
918.615743	-66.137068
934.450849	-95.280916
934.031336	-113.124305
935.673683	-159.678400
944.494743	-160.276086
948.176797	-59.977969
944.947491	-18.456575
952.615637	-132.715424
958.024829	-78.172396
962.282013	-72.364946
964.789581	-43.752070
968.072087	-29.771020
973.714750	-132.608292
980.192140	-200.953907
984.156352	-150.374605
989.161022	-134.342092
988.971827	-15.847666
996.067092	-167.317740
997.517661	-39.246290
1000.096097	-102.741855
1002.176334	-62.271778
1008.252271	-25.225581
1009.101402	-79.653081
1014.050612	-48.748525
860.958756	-147.216544
919.458109	-172.614025
920.276268	-158.902878
964.509433	-53.979714
970.067251	-40.683269
977.333941	-86.989998
1004.692398	-154.860887
892.959021	-65.072404
894.913083	-177.769464
935.552626	-196.007793
948.974999	-79.600356
959.668665	-65.650116
992.752802	-75.960137
839.349698	70.972597
843.760850	135.648747
841.307706	55.588098
851.908984	25.534711
852.141998	13.477817
868.309301	65.727737
874.311757	184.454445
877.681895	10.109468
877.754896	3.322246
884.362548	87.296962
895.557154	46.207015
896.357090	2.537954
897.255670	139.728582
899.734963	155.622256
899.677027	28.200650
917.650855	166.179902
923.913735	19.959711
924.510367	35.220947
928.380850	156.190142
930.290832	-4.825207
929.763568	142.483836
939.973607	123.059342
947.237774	149.502070
945.512345	22.271371
956.869236	91.952206
956.909814	160.994351
965.707767	80.627764
966.318899	161.146761
997.576257	1.545740
1000.915851	99.168327
1010.284851	22.053040
1014.996019	79.138444
1016.468768	38.746737
842.675916	93.122087
884.512455	119.834239
903.504630	81.926859
912.543831	104.022884
918.490847	101.700435
967.225608	23.412736
974.619917	99.530388
978.215719	4.398904
883.425654	15.504136
864.247668	-6.147296
953.009264	133.707447
984.638550	20.669942
987.661079	55.858026
1011.739488	73.903980
831.410844	226.176235
844.944561	335.410846
855.953574	282.473694
858.346662	345.220039
858.395133	224.125683
862.053369	353.056324
861.294085	258.324894
864.021415	363.182398
864.713628	250.108976
866.538632	323.003662
871.869704	365.391417
870.629244	331.087404
896.779087	260.483332
900.148523	322.246851
910.434459	256.154682
907.482559	281.207223
911.399109	374.699200
922.741106	301.367450
926.074063	227.153320
927.263819	338.700483
937.024386	286.182248
937.202642	304.469211
950.581340	239.410074
953.948321	328.900433
953.944110	199.804420
957.715819	363.463257
957.228612	283.328845
958.110712	274.346945
959.390078	316.561862
960.569517	376.817328
967.519673	250.003351
972.030568	344.465478
975.127425	225.318178
976.746559	263.379226
994.425850	224.065454
1006.062362	361.194292
1007.959086	337.226921
1013.537716	307.041706
1014.916597	252.117690
828.575828	277.700598
836.013486	273.847008
906.085024	223.425492
1010.493780	229.424502
867.244381	289.123796
900.035306	199.032890
998.247048	269.778656
938.917073	258.520916
986.971772	332.327191
831.511466	458.828441
842.121600	424.865481
852.060325	465.821533
859.407944	566.782187
861.904078	410.886972
864.641720	523.726088
866.887092	460.782963
871.262116	518.117353
875.669260	554.525124
879.782607	429.256236
886.122372	417.063724
891.594144	539.405613
894.067467	420.063364
902.628595	443.802210
904.307283	462.375229
903.658568	477.122436
904.936870	540.178238
917.120692	472.878926
916.094086	429.189559
923.122010	523.349313
930.976222	485.809561
934.333720	463.238841
941.159344	433.108243
943.546828	407.895357
946.954810	489.387816
946.062025	399.846015
961.949894	420.810566
966.083262	495.439417
966.654392	570.071888
967.964160	410.292155
965.875634	417.088423
983.201178	498.865264
979.959505	561.547660
986.338449	530.177577
989.970956	451.874135
991.897600	396.982485
994.248500	558.271096
999.550459	507.228034
1006.959632	530.950082
1009.373299	437.783332
1006.502549	557.112961
1011.865426	500.862028
1016.457823	451.722651
837.434418	440.996413
852.630094	523.076424
895.480591	515.495728
922.748721	437.477433
925.618269	444.999499
940.558313	515.965219
965.310678	397.082257
879.016886	572.787844
913.636969	561.161187
927.088344	558.007776
943.911767	424.846186
948.145048	514.527182
954.471896	515.949537
963.840271	460.511490
834.638180	700.906822
838.775118	663.790318
846.280030	762.828245
845.244866	607.238122
846.647180	613.972796
843.968802	703.710895
853.177629	767.214154
853.357484	673.814260
876.422702	693.782413
874.843790	741.347605
877.373745	640.150365
878.859087	771.452699
880.042040	651.176124
878.983025	599.854427
889.826635	707.579637
889.235035	599.204832
889.982307	637.340367
903.712138	634.157628
902.486934	702.712594
905.191314	743.828192
911.090199	684.659278
909.730800	763.686879
915.159048	632.134999
915.923734	637.266878
918.434270	768.603850
922.339916	620.127242
922.417886	690.835202
929.553775	735.882662
931.666385	635.178236
938.564856	736.146574
941.462759	757.685354
942.552548	716.667333
946.546600	776.304017
950.237005	599.653437
951.903866	617.496537
960.660715	761.329241
962.364111	655.013475
964.735870	769.885109
970.239684	632.732873
970.408495	700.950866
996.975727	631.162456
1006.163249	724.250643
1005.016117	668.692586
828.248921	736.481349
867.076733	677.319101
881.231584	716.539032
893.508133	726.087975
962.204423	719.585599
986.992607	689.321900
988.618857	764.809603
995.553955	772.082741
870.305569	728.277829
873.539976	689.616248
873.032564	751.128067
895.793755	674.779692
988.110365	745.518152
884.991338	630.320685
893.124811	647.434291
896.993420	683.957211
990.071711	646.648959
1015.618143	770.614150
1028.270781	740.632143
1033.848203	652.971547
1036.801091	693.876788
1036.873631	781.109431
1041.781235	632.953378
1047.532370	757.244830
1051.807063	774.589465
1051.221725	666.320552
1053.373071	727.976918
1054.227465	620.080977
1056.076474	670.742757
1056.249833	691.816106
1059.023461	721.447026
1056.398665	741.167367
1059.794774	658.848860
1068.396699	691.182260
1070.303935	615.933976
1075.574867	757.654277
1081.740906	682.471180
1089.301070	711.318732
1093.777811	684.074186
1095.558714	737.414102
1089.222071	659.628252
1106.316260	660.432960
1106.038427	727.104795
1106.687057	758.258843
1113.394137	708.901224
1123.919123	685.515722
1126.943869	773.436027
1128.668677	782.474556
1131.275525	731.859595
1137.829180	699.391543
1148.546276	603.355640
1151.610869	644.361062
1159.734942	620.942991
1162.161177	676.930602
1167.210645	608.546953
1173.502332	685.337348
1183.668421	650.510214
1194.235295	652.113012
1200.538849	720.278510
1202.841125	777.661253
1204.300643	623.957674
1205.273001	671.173394
1206.304054	596.586290
1036.991429	656.239011
1109.154393	763.371880
1116.292940	627.058343
1148.470480	693.927516
1189.877563	699.985267
1196.947930	703.614713
1035.476238	758.628016
1161.106302	658.033430
1209.831913	710.632192
1102.316831	673.852500
1113.431955	654.807906
1113.705530	681.767300
1175.532540	669.946489
1037.748285	543.558316
1037.450625	514.127112
1048.847706	411.866792
1055.453116	420.115719
1061.306441	495.608114
1057.847202	556.230981
1056.450702	430.090229
1058.211598	397.737422
1069.281039	449.023761
1077.728823	448.269792
1081.969044	528.581786
1088.510686	434.763743
1088.706010	487.538447
1093.150495	533.966900
1093.676901	557.435470
1095.697039	461.790474
1103.569329	488.893664
1106.552983	465.647135
1108.258067	448.204675
1108.261516	506.929731
1114.454903	403.024226
1125.244201	423.690900
1133.928125	477.594384
1138.453908	428.188508
1140.717657	528.727281
1143.150018	482.351047
1144.020585	575.591225
1148.913857	574.880791
1158.260402	578.330478
1165.716573	453.377369
1163.499949	513.645014
1172.538825	542.191648
1175.115757	430.924687
1175.079544	409.741008
1169.848106	494.094654
1177.305353	513.318087
1178.728841	532.908234
1180.978368	416.820975
1190.965517	497.064022
1196.326655	529.796999
1207.801219	418.385891
1051.186175	435.105114
1059.773730	504.402123
1081.369000	462.634287
1096.158215	580.988066
1103.659844	580.629118
1115.577940	508.401875
1141.697696	472.774187
1166.121065	577.951547
1166.101717	555.996574
1171.628708	581.862544
1173.415316	477.627764
1197.980802	453.202048
1204.271016	531.820363
1204.348488	467.983320
1210.769908	532.466547
1047.039229	515.825602
1085.647279	507.493692
1129.539736	459.220101
1209.086159	484.241230
1032.530167	375.731044
1034.041977	207.164152
1037.905648	245.898726
1041.182673	260.860687
1044.805647	378.674075
1049.865142	228.962985
1050.639536	209.940218
1050.319419	344.932921
1051.352087	280.718374
1052.812237	298.555396
1057.779709	201.869293
1063.739397	253.324827
1067.842149	289.034615
1067.109622	278.655040
1065.731081	208.230203
1069.410348	325.275886
1072.552809	382.547137
1075.846967	295.107121
1075.622051	332.373839
1080.602969	205.970053
1094.806979	376.059452
1096.070242	289.327246
1098.245105	337.418140
1102.122533	378.217434
1103.976630	238.883931
1104.029061	349.199880
1112.707595	210.432278
1116.965740	291.826197
1121.752917	364.275155
1123.006371	282.437410
1130.067317	375.402779
1131.410234	256.414905
1132.365780	200.542636
1133.836656	362.463145
1134.104456	294.147430
1146.437690	266.431163
1151.798851	362.871332
1152.760937	205.054233
1158.861717	375.066677
1165.785993	315.550215
1172.722544	289.971419
1169.128833	373.358950
1174.612397	236.454888
1180.066171	210.146537
1194.816173	266.562273
1196.242495	247.206939
1196.373510	305.051622
1201.422762	229.383504
1205.229430	360.556645
1205.406667	327.701072
1213.587151	205.628847
1212.584419	329.622057
1215.368740	269.688978
1218.010784	379.250057
1034.641891	288.328047
1044.290448	386.187129
1042.773430	307.024759
1076.463135	344.507234
1089.064250	271.202302
1114.423704	270.400170
1176.772427	252.990300
1187.167963	360.154435
1196.941075	283.443891
1055.338436	302.402225
1063.964475	305.260213
1172.604826	338.124488
1192.911956	379.887999
1199.007692	209.141392
1161.443213	292.273339
1197.075377	198.449008
1175.553948	372.980549
1031.567005	176.217826
1041.761998	99.839608
1039.270974	-2.120231
1044.571939	68.370117
1049.504476	161.856512
1049.030063	41.497193
1055.410919	46.921030
1053.298692	96.439169
1059.890532	46.591537
1069.828614	177.658622
1072.275970	110.481415
1074.416263	150.329724
1079.751909	-3.296106
1083.146856	142.866055
1085.970331	48.761678
1086.673030	109.978019
1087.768504	129.004652
1091.775001	181.041432
1088.742461	7.223498
1090.582041	18.282739
1092.639997	134.607160
1100.646021	83.716992
1106.356308	99.869525
1113.680002	158.556783
1115.091477	123.794385
1116.690373	183.951503
1118.500997	15.256180
1117.758015	48.181308
1128.301495	135.348892
1128.917708	0.639682
1129.653232	34.736865
1129.989385	65.810542
1133.389170	160.701769
1140.147746	62.589633
1151.077460	177.023101
1150.345285	53.138475
1151.527189	7.767207
1173.901438	9.734904
1174.962991	140.301964
1180.280602	45.216513
1185.793157	126.169799
1185.963516	159.733869
1190.405343	76.430927
1190.206377	96.583356
1196.619651	180.832247
1210.575582	32.531232
1215.237411	39.713586
1039.722736	28.515348
1045.908942	121.382418
1052.102927	177.526107
1048.794768	95.375007
1061.164947	56.060438
1068.061064	166.326101
1068.868334	21.131437
1072.699991	27.929897
1077.667944	84.118364
1100.448116	108.515414
1129.074773	124.622163
1146.613745	135.117220
1144.037854	131.352448
1160.041806	150.154128
1167.399722	74.359775
1207.994078	55.987285
1041.600420	48.848499
1065.659871	96.089570
1129.933015	98.757278
1139.911626	38.464251
1211.185750	19.389263
1193.539329	4.953073
1200.032280	3.486155
1179.970631	27.740947
1027.336280	-85.887253
1028.606305	-171.580022
1038.991001	-129.721309
1043.909688	-53.973984
1041.617213	-188.319010
1047.307457	-92.357038
1054.787642	-43.786690
1059.452803	-155.112872
1060.100720	-89.274872
1060.417796	-127.029746
1062.840940	-43.553619
1066.683853	-166.038116
1069.987750	-201.824068
1074.800694	-96.509281
1082.897185	-21.528161
1081.618753	-144.699615
1085.111995	-185.182211
1088.541900	-110.065677
1087.476433	-73.628798
1088.579037	-117.210633
1091.549474	-37.996700
1096.260043	-166.577583
1096.790166	-22.368906
1096.693868	-133.321639
1105.601212	-48.528257
1108.788980	-87.063154
1110.306954	-103.505232
1113.615587	-135.551130
1123.928868	-163.116359
1117.501044	-73.718831
1132.996230	-114.962545
1128.667300	-48.527259
1135.888331	-183.646384
1142.962154	-129.814228
1146.523283	-59.448310
1153.208338	-31.985005
1154.750402	-133.647862
1157.924227	-183.360263
1163.969778	-195.506022
1169.635499	-54.450764
1169.207072	-160.486184
1170.719237	-126.911524
1170.717826	-69.675555
1175.295699	-61.529303
1178.267756	-89.370421
1187.500141	-196.335649
1193.010912	-20.965999
1195.003168	-48.832606
1200.218266	-58.213557
1204.447434	-112.595577
1204.650441	-80.791253
1212.906284	-143.846361
1214.688752	-157.648290
1052.449473	-71.584289
1111.216172	-175.137623
1133.854407	-28.066480
1184.331118	-189.838557
1196.484776	-166.504959
1052.894673	-185.885395
1172.932942	-58.181855
1087.233439	-57.142877
1036.669415	-373.271282
1035.895435	-295.552376
1049.191297	-376.210909
1054.201979	-260.776001
1057.734179	-284.762346
1068.225884	-302.216881
1067.684737	-346.932101
1073.615990	-276.236898
1071.570166	-392.070067
1074.719689	-354.593724
1077.329779	-229.904758
1081.051459	-329.015872
1092.138761	-327.650423
1100.918900	-223.848864
1098.205861	-295.861284
1102.453303	-270.295022
1104.630598	-350.912612
1115.205048	-246.943554
1123.346266	-279.750532
1125.259903	-376.051860
1128.008288	-319.943186
1129.072205	-331.754401
1142.611893	-296.198226
1141.993195	-241.174945
1144.479787	-280.725672
1149.974935	-242.297968
1157.421040	-263.696398
1170.923349	-365.708674
1170.811782	-354.584215
1170.679594	-307.580871
1178.114305	-393.836740
1178.941191	-287.632461
1181.615679	-262.038567
1194.388674	-232.723701
1194.712309	-265.977680
1196.232859	-279.911802
1206.457496	-382.772500
1210.373633	-376.687974
1212.698281	-361.611473
1091.352353	-247.534086
1097.485797	-235.448782
1120.740869	-267.242376
1171.283621	-276.410202
1179.597417	-327.306415
1192.465357	-314.914205
1035.730180	-317.448451
1200.457436	-392.061970
1039.153784	-382.062464
1031.139679	-543.194866
1044.801771	-500.689389
1044.284635	-586.578603
1051.261286	-539.392726
1057.812057	-428.526871
1064.148373	-420.702118
1062.531218	-577.719974
1066.044612	-507.821577
1067.151887	-449.167364
1068.052907	-472.521823
1069.809560	-490.848584
1086.960599	-493.440087
1093.869591	-414.182827
1094.971808	-481.751802
1107.380337	-594.633628
1107.595780	-519.936501
1111.423666	-576.115120
1119.399203	-444.193013
1121.952722	-517.568069
1133.709277	-541.447114
1135.132604	-428.241952
1146.374289	-494.223293
1150.100510	-568.840833
1152.551197	-515.438138
1155.208787	-435.876578
1154.333432	-454.491287
1163.627686	-537.367801
1165.036144	-456.736015
1175.311682	-593.200175
1179.084869	-469.824563
1181.871883	-518.030353
1179.672137	-489.249953
1183.442896	-482.382485
1188.017234	-561.468632
1187.167975	-539.961976
1187.210984	-427.179011
1187.642875	-506.461390
1204.568123	-468.148729
1078.381739	-541.848623
1134.146435	-494.523077
1137.000724	-553.318722
1203.556034	-429.188928
1205.307305	-527.228693
1210.651392	-429.181067
1104.585707	-558.143869
1034.920238	-735.430375
1059.120864	-650.085174
1063.788385	-640.224605
1062.528248	-755.715911
1062.715332	-790.876897
1070.842078	-761.485733
1068.551296	-733.900688
1074.837588	-662.600372
1074.321109	-617.893387
1085.720161	-670.801816
1087.868580	-716.501261
1097.278002	-642.094452
1095.767962	-714.189593
1103.809741	-783.238794
1103.155788	-666.112655
1113.057822	-782.505414
1112.711030	-666.913716
1114.543107	-719.108951
1115.749512	-759.352590
1132.382617	-673.593032
1137.432261	-683.628867
1144.066847	-755.452415
1148.965189	-695.054171
1151.624365	-635.402165
1161.867434	-736.017367
1172.273459	-687.704810
1176.305152	-791.357839
1180.848467	-740.369788
1186.388371	-705.342780
1187.245894	-700.117341
1187.915647	-636.205113
1196.135163	-755.502117
1205.729670	-661.765856
1205.393730	-693.394282
1206.774844	-793.478731
1064.220172	-743.494716
1173.165878	-723.192654
1179.142920	-722.380160
1178.926142	-755.532069
1184.461779	-726.168668
1191.970485	-675.562954
1192.324980	-644.433341
1195.396941	-797.031186
1134.150131	-680.482333
1159.775117	-670.618005
1169.015328	-668.209697
1043.004009	-965.512989
1048.796424	-930.652900
1065.126881	-869.964044
1067.266338	-979.963719
1074.627508	-845.652302
1078.115060	-890.609594
1079.598936	-945.754472
1086.377110	-821.748352
1092.199908	-870.529483
1098.360034	-969.008424
1107.168123	-1000.149185
1113.825325	-827.841284
1115.116257	-997.632472
1118.300504	-840.116949
1124.752221	-998.948585
1135.372027	-993.762564
1137.534490	-970.094970
1139.807104	-998.137887
1142.642375	-926.592792
1147.438987	-889.906743
1145.116602	-936.201779
1150.210010	-995.497608
1158.700871	-993.361383
1155.901800	-841.688497
1159.569442	-976.174397
1162.914187	-842.226114
1172.278130	-844.963982
1180.814450	-844.816712
1194.404567	-923.229781
1200.875739	-945.510508
1208.571174	-828.348240
1208.705590	-945.575419
1212.418807	-850.747297
1031.567239	-963.729320
1035.557415	-914.917235
1055.245395	-955.376123
1079.959332	-1000.925886
1081.620945	-938.098522
1095.054299	-996.520643
1124.049456	-968.028897
1141.374659	-899.213657
1151.341496	-833.148364
1183.945742	-950.911653
1192.813391	-853.521765
1077.523938	-871.724819
1113.901515	-850.346999
1123.917415	-849.963857
1182.697496	-965.869146
1112.662081	-931.063734
1176.104994	-987.722288
1195.653298	-982.481878
1207.771066	-979.663972
1093.254304	-827.530259
1097.130176	-835.095939
1103.852116	-832.668457
1237.338790	-897.638470
1241.056160	-866.446831
1243.360635	-964.029991
1243.685347	-971.238889
1244.940339	-922.927377
1261.893256	-901.944658
1262.869027	-969.793325
1263.832935	-848.611844
1278.711309	-967.489901
1285.445321	-889.777309
1286.629328	-850.726591
1289.724383	-966.895846
1289.619357	-872.243547
1307.848187	-962.844415
1308.785670	-861.036244
1311.509128	-935.087685
1314.350640	-892.298597
1322.398735	-951.291905
1323.806673	-879.556590
1329.166159	-948.512552
1326.353433	-923.190120
1329.633808	-886.682164
1331.348629	-825.920870
1332.075887	-871.589273
1344.693616	-917.347899
1345.524075	-829.186751
1346.225818	-844.088011
1357.053464	-879.494415
1368.616991	-823.703396
1379.193727	-862.760221
1240.341253	-946.688816
1240.721798	-822.674626
1317.847790	-911.308152
1354.193978	-898.479775
1232.093200	-873.691557
1308.803564	-826.617955
1343.876965	-904.703174
1370.482561	-860.438482
1246.848828	-820.398360
1309.358498	-838.921656
1368.421093	-830.733548
1345.835539	-849.471462
1234.854040	-643.161432
1241.232948	-709.262857
1249.737033	-636.901284
1253.317343	-695.301826
1259.700539	-784.818533
1262.634666	-719.440155
1269.270233	-625.296353
1272.765871	-640.609871
1281.127139	-807.914734
1278.112005	-698.635151
1286.992588	-742.111038
1290.075782	-770.265193
1289.916529	-676.540679
1287.208264	-668.972404
1294.706203	-779.562299
1295.454274	-651.470016
1300.722547	-692.063395
1302.992020	-767.589573
1304.789292	-677.204307
1317.158672	-629.025923
1323.153388	-666.836964
1322.118515	-716.720926
1334.557640	-685.923598
1339.936747	-620.789132
1356.121757	-634.576602
1355.397634	-682.880190
1357.738072	-659.829842
1363.146465	-733.348400
1365.639048	-799.551297
1361.416091	-775.332516
1384.956933	-741.917832
1386.909902	-716.820262
1386.049143	-751.578124
1391.077273	-694.139778
1393.520841	-772.973499
1394.351078	-795.196759
1400.703586	-677.576746
1408.084548	-618.112727
1411.747969	-656.383472
1333.824757	-706.930908
1333.430835	-792.043909
1399.632105	-743.681566
1264.272393	-768.194383
1410.839029	-718.301180
1240.806758	-452.245576
1245.653262	-590.663875
1258.345552	-472.096193
1259.738955	-593.632542
1260.819924	-560.403207
1263.558344	-512.390251
1267.866284	-428.227038
1269.482171	-538.153721
1269.362196	-487.507171
1275.412905	-583.799828
1279.755472	-510.625649
1286.552419	-551.090651
1288.263123	-455.691441
1292.171827	-445.671873
1292.542237	-478.631848
1302.450401	-517.984926
1305.145159	-446.628475
1313.514704	-580.183532
1321.231135	-435.764113
1323.591772	-594.325579
1339.089973	-518.756599
1346.987337	-559.634210
1347.614938	-430.556606
1351.000062	-576.413605
1353.450515	-522.853645
1363.946243	-550.282790
1361.589810	-456.197849
1364.018521	-430.101284
1372.824889	-526.344583
1372.547620	-451.807590
1368.393295	-499.982664
1383.863870	-454.092917
1388.980995	-430.723593
1396.642252	-557.625828
1395.508621	-592.073645
1398.650063	-603.698692
1401.767959	-595.874392
1406.246658	-465.236639
1405.445543	-505.198960
1409.728816	-577.257598
1410.960553	-483.414304
1239.271335	-484.514930
1258.751840	-420.439458
1322.834436	-550.553567
1353.328152	-421.112178
1373.248994	-558.296397
1234.818761	-530.649704
1246.681750	-509.470646
1274.851796	-437.090132
1341.168696	-541.095495
1414.362752	-545.826581
1314.677714	-597.849329
1230.407276	-278.777260
1230.826015	-375.004533
1232.246431	-326.141219
1245.127619	-255.236235
1240.954303	-313.933637
1253.674974	-307.271806
1258.162378	-222.665960
1260.175232	-349.220246
1261.350376	-268.173037
1263.325822	-243.092528
1267.431874	-324.049531
1267.188735	-276.001867
1261.775958	-393.068874
1269.044549	-360.060834
1270.292444	-309.735937
1273.187696	-393.947447
1277.426690	-250.754583
1286.437031	-387.533976
1291.488035	-231.437556
1295.841396	-286.992119
1299.319937	-262.760216
1299.012201	-330.237659
1301.648178	-397.253211
1309.816274	-235.266200
1312.446832	-354.499482
1316.836015	-251.789325
1326.302258	-387.368873
1333.697709	-299.923560
1336.219213	-242.447149
1341.257202	-373.165845
1338.915616	-289.069660
1347.518774	-399.142706
1346.002745	-224.478765
1345.827622	-300.787873
1352.975839	-349.157680
1356.072498	-254.164061
1358.692096	-263.613576
1361.036061	-284.141694
1365.067484	-303.045964
1366.634569	-391.946121
1375.965373	-395.924239
1372.094030	-356.244570
1381.146097	-257.763616
1380.648031	-225.341580
1376.460572	-324.678434
1384.054012	-334.361663
1385.638558	-351.973400
1393.694875	-287.454468
1395.556001	-401.103609
1394.449597	-245.558258
1396.323215	-359.549398
1397.636836	-378.517234
1403.973852	-392.819268
1406.780198	-344.958515
1407.726884	-380.566688
1410.085625	-331.587785
1411.716623	-243.249016
1233.720928	-234.969127
1289.486805	-364.007030
1404.618504	-314.470332
1336.605957	-253.826794
1253.545563	-280.995015
1416.258090	-376.045663
1239.830016	-49.259404
1241.963837	-17.321352
1239.138781	-71.054138
1242.519465	-109.351013
1245.682024	-90.965217
1252.994711	-153.048566
1255.488071	-17.984844
1253.649541	-180.746237
1260.057048	-37.636243
1259.676609	-85.958453
1263.883295	-163.051861
1266.148854	-112.729845
1269.942247	-141.434842
1271.304658	-55.412620
1276.837847	-87.422751
1276.011681	-172.467132
1280.457375	-44.841199
1294.868276	-91.575481
1299.116165	-29.559104
1298.653467	-147.069718
1304.327545	-43.872765
1307.607617	-179.298624
1310.002970	-189.129562
1311.217449	-81.991298
1315.856757	-124.907977
1313.258853	-66.713446
1315.090349	-100.668114
1330.400287	-152.406269
1335.232343	-134.755618
1335.556193	-102.933094
1338.363038	-45.769000
1347.094765	-46.558545
1353.957540	-79.242970
1360.745299	-112.094331
1360.511970	-184.970678
1362.637395	-176.397009
1369.958379	-23.274869
1371.202767	-104.901576
1370.558139	-159.570986
1375.666166	-109.215120
1383.458409	-115.189951
1387.538645	-64.185584
1391.165946	-38.727794
1388.997122	-79.478067
1392.486712	-104.287688
1393.265634	-119.120799
1392.532132	-164.617427
1396.853634	-184.186115
1400.098871	-134.473855
1412.353720	-36.027322
1414.228364	-176.835247
1415.622628	-113.230472
1259.413073	-194.034243
1267.231247	-126.444055
1273.262420	-193.538133
1290.047859	-64.461495
1296.655009	-190.864566
1306.979946	-174.851703
1340.595897	-128.862973
1361.996807	-34.207723
1413.832378	-127.189649
1309.275333	-17.680508
1326.748795	-42.342847
1242.046684	-180.331782
1360.338759	-64.310108
1231.921245	-146.240324
1351.467032	-57.860223
1230.749801	158.253151
1231.231797	142.429421
1232.897209	28.208328
1239.655721	73.768834
1244.217288	48.316408
1250.192961	102.484727
1253.762952	16.982156
1257.140070	36.610044
1261.234061	158.169608
1265.979052	121.545183
1279.258213	100.244149
1280.032676	79.904072
1283.467040	170.993422
1294.964086	20.708463
1311.877850	180.444904
1320.886639	12.985451
1320.900754	140.653533
1323.885094	71.073638
1327.821048	143.825504
1333.802875	36.668087
1337.668466	2.480477
1343.731129	109.343172
1346.620626	5.231841
1346.906146	119.383280
1347.699909	14.379878
1347.188430	102.452156
1351.758913	71.800727
1356.102273	159.849663
1357.833894	148.316814
1364.793304	25.319251
1367.329589	48.214549
1370.341895	3.742867
1374.096899	71.627985
1374.680868	52.019204
1379.263674	30.291721
1379.017543	85.181492
1376.330219	7.162753
1375.064556	105.122143
1383.991731	156.718360
1388.343133	130.181639
1395.350298	50.035586
1396.730163	175.397738
1403.003877	181.112984
1401.169108	133.700611
1403.711365	153.175559
1411.261119	69.151401
1410.877566	123.027071
1413.743345	37.664752
1414.992749	184.156701
1262.653973	98.084301
1263.260589	62.163819
1278.945473	111.721283
1294.234283	162.077564
1293.979743	59.513176
1313.110896	83.430209
1331.020922	11.900191
1337.059570	99.768073
1338.800461	31.104889
1363.236287	133.827047
1391.975039	89.891383
1243.661935	38.071522
1266.461847	148.308719
1314.542383	110.690238
1406.826467	57.925066
1265.100652	177.208374
1311.911970	168.917386
1312.005368	162.772237
1313.128496	89.922781
1365.289861	3.384366
1227.742826	209.300173
1230.611402	278.844090
1235.575747	327.131633
1234.485055	372.073472
1236.027762	268.399961
1239.192097	321.290176
1240.249575	214.618138
1242.565169	236.967460
1241.264367	363.056884
1249.139052	325.682391
1250.481307	294.264836
1254.619662	372.392834
1256.641557	343.675538
1258.477969	352.960582
1261.120022	278.531917
1263.842615	249.475447
1264.989250	331.372443
1271.723379	210.046922
1267.791123	200.579009
1270.156966	270.353467
1274.800631	351.148179
1273.374425	222.301200
1279.871219	281.198376
1286.703135	379.181744
1286.481283	335.695257
1292.739659	249.908223
1305.421939	355.738073
1309.010287	335.111680
1306.128305	288.416298
1317.135448	235.225212
1322.071337	214.951958
1318.296377	225.028315
1333.695859	377.489041
1341.747797	234.539507
1344.044463	255.751301
1345.184467	291.134519
1354.104213	329.423983
1371.872869	344.981128
1376.431987	272.275153
1384.102622	218.059579
1388.835873	306.544222
1391.147928	351.626236
1392.909652	270.742986
1387.915986	324.531901
1399.190654	280.503667
1404.617877	325.366118
1409.649728	303.627471
1411.072915	261.169971
1411.480924	242.130761
1414.866672	204.213374
1231.990146	296.898306
1240.250449	309.480552
1248.851266	260.931935
1298.498347	234.856857
1319.529712	289.704068
1351.699028	284.712853
1361.481659	353.387569
1368.606690	373.204820
1371.192811	244.339077
1373.524220	234.015997
1404.542526	312.924063
1250.238696	212.489359
1314.330994	364.301837
1322.976022	365.071083
1336.854121	297.182178
1358.730245	254.776219
1388.061307	299.248276
1392.589054	221.021867
1300.843140	216.957905
1303.638994	210.279414
1356.593685	288.130986
1227.495077	559.529744
1230.141112	571.354641
1248.309392	481.440743
1247.825118	563.928286
1251.631176	457.649192
1255.931193	406.971160
1257.283201	534.158970
1264.022977	562.946117
1268.385636	479.896439
1267.090310	539.279530
1270.367483	498.526314
1274.952136	561.814551
1276.121615	403.738572
1277.044790	466.208949
1279.372321	479.236219
1286.377311	417.680935
1296.392762	526.136088
1292.793352	541.838262
1301.768371	574.713994
1309.659678	506.779806
1318.498134	506.971371
1317.807950	540.162219
1319.416853	574.113522
1326.552032	468.914485
1329.232044	406.584082
1331.902811	537.643968
1321.861319	437.168284
1335.484381	519.056005
1335.285649	484.433808
1339.795296	536.740405
1346.517421	535.385538
1347.255841	472.965430
1352.440975	518.065662
1355.568143	420.204865
1357.465541	440.988399
1373.126535	433.626012
1373.213943	550.325261
1380.973735	474.332971
1381.483306	401.339697
1386.389590	452.810855
1390.852024	425.284618
1392.618324	453.451128
1396.699109	551.470377
1396.749289	558.564155
1398.715904	534.378427
1403.005608	425.454400
1405.987245	562.311001
1412.436837	553.359964
1416.697591	421.793432
1249.752002	468.687779
1272.560525	515.906958
1284.913000	543.188173
1303.255410	468.598683
1331.318200	433.132951
1339.587116	429.935012
1342.502916	437.720548
1353.635562	478.902506
1355.682352	534.541733
1383.989012	430.401728
1386.346144	532.173111
1388.612805	539.017119
1415.609534	513.704502
1238.102814	481.502560
1341.216193	575.340639
1269.076758	446.252536
1228.780919	774.716103
1232.846443	691.012389
1246.693894	763.347707
1244.556306	604.907031
1253.388221	622.320935
1263.013495	684.768694
1265.938049	740.317225
1271.742861	606.768036
1282.697433	653.788437
1286.928137	722.293758
1289.664204	740.875538
1294.442364	648.053589
1293.858935	611.813789
1302.466445	649.195234
1304.147540	635.485690
1312.957064	699.143424
1316.659911	652.745086
1320.311574	769.676199
1324.699232	608.186127
1326.696816	664.392228
1326.758752	596.185899
1332.810291	740.672760
1340.280645	636.144760
1339.903540	621.059867
1347.841823	780.216006
1358.048775	724.503082
1352.963021	688.101178
1362.863227	611.037161
1365.293051	748.895440
1364.218211	670.340338
1373.703434	749.793510
1371.038897	612.407231
1375.609641	605.062403
1383.816931	746.981782
1385.040884	654.104729
1387.925252	684.993964
1388.457313	624.261890
1384.545403	667.259985
1391.848232	612.071920
1390.397038	754.510288
1393.233183	749.061437
1395.149462	685.283672
1393.821674	775.597120
1404.176963	659.007864
1404.780951	686.771952
1410.299439	696.082647
1413.026458	754.957108
1413.123869	617.421873
1415.747753	777.370451
1260.961944	765.824486
1353.347425	656.363596
1394.043209	636.480422
1404.614470	725.482876
1334.735024	666.628683
1361.153909	658.546896
1400.774009	780.972297
1315.594293	645.864430
1331.142523	649.650518
1388.291004	630.623173
1403.029291	771.920912
1368.294541	686.379686
1428.118125	679.946404
1433.401284	664.666885
1440.137219	681.528185
1440.014747	632.368413
1445.510160	679.295828
1443.442875	711.770949
1446.550835	764.317639
1449.014862	689.283176
1461.918811	687.872275
1464.542504	718.429187
1464.933283	602.315228
1469.465469	638.117921
1483.652234	694.238351
1485.285021	774.605393
1488.472868	676.343672
1493.178594	784.430638
1493.592836	684.320287
1496.341007	726.919790
1501.673608	699.339326
1513.449133	781.360809
1520.300732	689.626869
1525.520900	639.150954
1524.543884	778.435595
1525.713541	713.758553
1540.678847	713.946467
1538.754472	730.882523
1545.755074	599.425103
1545.864556	639.012764
1544.352959	660.765158
1553.053337	662.107817
1559.609082	715.311378
1579.290073	729.108899
1582.695007	666.918945
1591.980874	698.022014
1594.027857	644.493259
1598.474586	621.693876
1600.113907	668.824952
1605.556443	622.044639
1604.883937	728.058987
1605.958760	687.785232
1613.295483	638.383478
1455.801286	744.376952
1516.293515	649.866120
1561.391829	661.771110
1564.466191	765.695331
1573.432554	728.365845
1570.488810	663.328690
1591.622804	626.463110
1615.707663	714.936222
1431.409443	735.353901
1491.367781	645.781562
1439.932539	646.898446
1437.774783	742.717607
1451.226708	617.180329
1544.568969	618.599698
1553.692155	618.171201
1599.573985	651.315097
1431.618433	560.643275
1432.979416	581.023114
1438.732614	542.181927
1444.352851	457.170920
1450.393467	489.196988
1456.747342	552.008800
1466.459043	576.332394
1471.442524	546.675624
1480.129154	471.613485
1491.656601	458.778233
1493.319797	449.432112
1491.832191	491.615022
1499.491183	457.057001
1512.801772	459.193317
1509.978277	539.187524
1513.525867	563.777918
1518.843210	420.767431
1521.574908	464.444818
1522.633910	397.075054
1531.603952	534.463054
1537.372860	419.067959
1543.275519	571.193923
1545.597353	534.259132
1546.032285	505.930483
1553.164820	506.281778
1557.354333	495.856879
1557.223956	398.059412
1559.937136	480.896236
1568.946274	541.980102
1570.317546	431.703613
1572.916195	452.618247
1590.222687	495.688573
1612.409442	446.514189
1612.245809	511.660765
1431.429394	485.922470
1437.224806	489.771561
1472.200730	505.694174
1494.680818	424.244369
1513.997044	505.081325
1524.331573	563.970826
1561.100192	418.918945
1583.966471	479.595822
1434.845336	456.267759
1453.938939	576.729573
1460.654122	542.837060
1499.341101	500.522404
1551.190278	417.345939
1575.269265	440.450873
1593.140274	442.627486
1605.646348	429.730015
1613.945117	400.974839
1478.786522	488.232638
1511.193188	421.262036
1536.121203	412.885185
1593.290577	398.467647
1602.844630	400.438536
1496.590588	400.568555
1518.375155	447.269021
1431.526960	265.933135
1437.453003	251.334912
1442.086056	355.941461
1443.222402	328.740010
1448.013876	241.190411
1451.180370	249.216139
1452.739376	375.316467
1457.748689	242.145949
1458.255226	336.437478
1462.405119	218.247798
1467.306787	297.958708
1469.023823	348.856816
1470.262396	306.744987
1487.944833	263.590009
1490.145420	326.126341
1492.062879	237.201613
1493.125030	224.218819
1498.514966	302.975197
1498.277066	338.347179
1501.561087	236.120844
1508.426469	269.700570
1513.080199	339.390548
1516.584190	232.180605
1518.974826	258.222525
1522.695392	204.603864
1525.900348	290.312316
1528.055183	340.248683
1538.044084	222.418133
1537.670493	256.129010
1539.550915	353.367869
1543.951053	287.213641
1551.727831	335.228041
1558.247477	213.514937
1577.386856	322.669646
1579.074600	290.415295
1598.462005	358.616410
1605.355731	332.587694
1611.596342	283.847843
1616.547232	251.607110
1435.295393	282.895735
1451.107885	359.308356
1457.536424	301.745479
1488.542235	209.312868
1489.524727	302.236153
1514.220670	376.713738
1515.089553	307.574273
1536.424211	246.958327
1550.210051	236.647151
1556.615115	259.533041
1581.793434	243.268137
1583.885363	218.950407
1497.498102	283.712879
1499.414463	296.778624
1586.135222	320.369534
1601.052708	250.179622
1551.197978	311.843790
1571.522591	285.257816
1438.903153	60.828534
1442.211180	96.334206
1441.349172	181.865024
1444.856452	17.174843
1448.654645	95.798735
1449.213191	117.241428
1449.511596	158.533036
1449.766795	74.869141
1457.251748	182.598402
1462.128424	134.890099
1471.524128	169.652889
1483.259501	87.655866
1486.664405	15.764637
1487.589548	150.864766
1509.452693	74.827118
1508.317050	162.950356
1514.734455	2.400753
1517.219598	125.040621
1521.718175	82.092085
1517.540816	148.727113
1524.063428	23.718504
1527.316220	170.714313
1536.836345	132.943839
1535.904560	43.143150
1538.909416	7.058999
1540.350946	92.767318
1545.884113	175.661315
1547.744299	140.373422
1551.283371	72.414785
1552.189296	164.031395
1565.409575	87.147097
1566.056278	161.627210
1568.907567	182.516033
1573.599575	160.768788
1575.764646	73.436040
1575.903015	82.050621
1575.365094	113.306810
1581.257536	170.856711
1583.129428	159.398309
1583.652457	125.840461
1583.929507	50.770510
1587.014208	133.064150
1593.191988	90.592722
1597.283383	4.826503
1599.594967	80.912104
1601.970574	51.591849
1605.938581	145.944524
1605.140671	31.939471
1610.398320	139.295613
1612.184757	177.878687
1613.745272	66.196315
1468.736522	147.013585
1484.867679	25.335266
1500.939343	72.794834
1564.281858	140.530406
1576.382735	94.489257
1576.837093	180.033380
1445.720279	37.905995
1495.751446	47.265569
1433.040429	56.631335
1530.967139	110.062984
1428.608704	-128.179009
1434.509822	-200.979686
1432.758190	-167.542988
1436.547523	-142.696016
1447.818020	-54.317006
1450.678906	-183.742612
1460.617571	-105.508645
1459.130689	-25.042110
1459.513522	-49.520717
1463.777255	-171.979688
1469.724638	-165.424006
1473.853658	-27.115239
1474.287142	-144.288613
1476.597730	-130.907616
1479.234251	-75.011577
1483.179042	-94.799542
1483.624714	-38.886652
1486.233034	-187.182065
1488.047472	-160.968367
1489.189542	-54.196420
1491.414825	-128.847324
1503.905349	-128.245863
1504.984571	-155.696116
1506.324188	-59.253622
1508.512842	-179.224413
1513.207277	-100.679863
1518.228035	-142.316377
1516.123327	-170.374322
1521.938616	-43.199166
1530.720752	-99.498905
1537.462517	-74.922073
1549.848784	-94.863680
1549.445206	-168.754534
1551.353957	-120.548405
1568.682029	-146.790438
1568.669746	-120.891517
1570.006047	-155.717077
1575.633327	-133.916294
1581.842860	-42.320271
1583.293750	-55.343608
1583.074783	-161.471235
1587.505294	-128.801736
1591.464928	-201.343049
1593.553484	-41.254757
1593.502272	-183.761823
1593.049838	-193.149430
1604.802311	-100.680794
1601.757612	-159.170768
1604.619547	-146.143838
1607.710982	-68.783307
1610.637388	-56.560886
1615.805745	-143.983501
1431.483795	-125.753688
1438.847956	-133.039286
1456.666841	-110.854302
1468.871039	-54.033497
1541.160435	-175.353968
1552.546938	-77.118131
1565.268900	-35.228845
1577.662712	-25.206635
1584.967029	-183.011450
1590.820059	-92.806163
1598.097381	-108.749776
1440.673962	-116.091151
1532.867489	-66.608926
1562.993906	-177.664888
1500.874708	-204.398927
1507.618226	-197.691919
1560.942963	-108.924987
1498.703109	-34.153764
1435.824029	-277.430892
1437.288849	-348.088237
1442.075935	-312.975174
1445.190745	-377.424948
1444.396875	-297.602395
1451.653720	-233.253025
1457.282658	-397.779520
1461.142292	-259.579965
1463.776352	-392.373636
1470.705768	-398.213110
1472.010542	-330.664221
1471.116822	-248.911461
1474.024429	-367.215265
1479.525306	-303.003213
1481.512985	-358.488172
1488.331602	-384.776851
1488.867648	-236.818219
1492.849195	-227.324923
1501.749579	-367.350902
1501.455553	-235.490175
1498.944654	-324.729943
1506.868016	-272.478632
1507.495895	-223.182678
1510.747259	-253.499753
1517.772725	-311.033806
1519.218224	-295.138106
1520.150255	-347.775417
1525.732981	-329.390760
1528.485528	-273.579524
1530.749649	-360.027290
1534.730931	-300.379124
1542.018036	-334.458982
1546.559862	-312.371058
1546.096932	-346.794495
1549.183883	-282.774553
1558.150034	-339.916598
1559.260989	-358.756507
1560.920758	-370.088502
1566.817278	-324.617729
1568.714196	-257.570142
1579.134964	-233.949291
1581.340250	-366.317886
1589.378881	-257.367601
1588.825055	-327.685108
1592.381740	-396.465588
1591.303934	-345.666162
1593.314570	-381.901156
1593.931666	-298.068779
1598.970000	-232.049916
1603.584894	-325.445814
1602.835952	-402.876516
1615.133176	-288.322152
1449.990030	-345.002698
1443.706514	-336.765744
1453.592457	-301.546491
1455.485843	-279.560063
1497.841541	-338.160004
1528.135003	-232.836831
1539.088215	-258.926793
1555.988925	-300.291096
1576.054717	-382.546832
1611.511481	-342.849711
1432.495212	-450.817934
1434.743151	-592.478462
1436.358065	-497.848763
1435.754776	-516.817750
1439.478937	-506.380949
1449.872462	-578.089967
1451.575318	-547.461609
1456.745633	-501.302870
1457.197193	-449.547237
1468.014239	-423.753477
1476.648404	-496.177631
1477.614879	-558.838584
1477.982611	-511.854260
1482.213128	-492.347460
1484.785511	-587.223947
1487.704722	-434.419497
1496.351158	-457.978572
1503.343681	-445.045037
1504.494275	-493.516551
1502.968971	-580.221185
1505.418990	-476.605906
1507.254583	-534.217397
1510.193202	-590.436208
1508.994037	-508.111523
1508.371565	-429.945479
1518.382992	-551.851076
1518.134373	-584.324496
1536.324924	-490.779610
1541.571551	-452.379488
1546.864617	-426.895633
1548.397653	-602.252551
1560.883755	-473.307813
1565.883657	-451.713363
1576.698473	-523.194228
1573.989361	-565.951780
1576.101992	-504.333672
1582.470900	-455.259089
1582.582346	-509.179182
1584.625323	-428.525251
1588.020741	-441.059419
1587.339723	-551.178506
1597.901731	-506.548697
1598.827673	-469.916544
1608.053489	-590.152639
1608.414694	-501.660060
1611.397149	-442.781430
1614.284316	-554.761762
1532.276065	-431.117372
1582.926303	-582.088728
1505.629309	-528.339930
1515.838459	-534.636109
1598.313137	-490.593236
1605.426318	-423.353019
1438.139134	-621.550417
1450.137229	-665.498545
1448.206325	-715.092114
1452.714468	-691.284446
1464.494113	-732.916730
1466.813001	-693.498936
1474.680869	-708.667964
1505.188066	-694.575755
1517.939858	-687.512092
1539.556502	-667.392491
1538.955211	-693.303473
1553.087781	-693.169252
1568.308480	-666.996607
1573.367968	-640.139516
1476.788993	-669.051076
1493.745233	-660.766014
1572.449906	-656.623022
1516.065125	-646.071030
1524.505453	-699.780930
1568.764206	-631.470138
1502.337724	-666.690216
1512.446163	-662.091259
1523.956572	-624.271410
1531.055259	-660.263908
1555.789610	-668.773835
1562.908313	-663.408155
1634.786701	-622.790332
1645.813112	-658.019804
1681.776927	-647.411514
1717.880805	-637.230218
1724.058143	-629.666755
1657.009448	-624.677107
1708.075199	-634.660698
1682.110130	-640.798049
1705.802647	-657.259329
1726.214582	-655.519655
1730.239400	-625.701190
1637.789201	-651.936973
1664.850165	-617.768070
1744.416973	-636.715378
1791.281870	-667.105143
1801.771715	-670.230279
1811.618448	-672.586641
1631.952655	-438.271116
1632.226846	-431.237890
1636.044677	-507.156348
1642.235518	-591.726991
1647.075027	-425.294157
1655.355008	-466.533909
1657.376843	-534.299060
1659.355504	-500.691862
1659.191402	-587.077175
1670.014699	-445.128102
1674.600074	-546.624703
1673.632775	-501.144479
1677.033631	-569.447705
1691.395455	-514.390673
1694.768552	-526.287823
1699.095998	-575.350347
1700.292370	-480.252451
1699.981379	-445.474032
1706.830489	-585.657848
1717.056445	-587.479428
1719.851752	-551.052539
1727.633539	-471.404618
1731.357491	-452.393542
1734.427926	-588.002057
1734.884425	-555.415832
1735.641228	-513.610267
1740.421830	-574.718795
1739.149916	-526.156237
1748.954990	-532.672426
1749.743711	-553.070387
1751.401190	-422.195214
1750.861515	-470.189454
1758.176908	-556.445619
1763.038882	-497.938140
1765.064601	-475.793366
1766.711314	-445.404409
1768.894644	-513.999252
1772.374631	-473.808675
1779.530061	-494.247951
1720.288895	-439.234817
1730.597272	-496.975135
1689.907088	-455.896012
1694.680844	-533.863883
1734.380930	-458.683928
1745.421444	-538.458827
1723.929758	-600.738994
1707.982897	-418.523352
1743.216560	-518.256943
1755.135774	-432.652188
1787.967491	-442.641751
1800.546510	-426.698441
1801.816201	-434.404918
1630.170605	-291.659314
1636.959556	-401.783235
1640.864712	-265.305543
1645.290006	-341.039442
1643.797745	-231.770230
1648.393001	-360.011505
1649.484496	-382.951264
1649.814086	-222.115630
1655.360114	-293.040273
1656.517926	-301.150442
1659.286621	-397.776027
1661.166992	-307.884939
1664.089718	-227.278677
1667.528234	-270.370129
1666.473908	-395.247829
1668.823714	-354.621145
1674.809762	-327.367480
1681.805731	-392.704139
1681.231444	-221.593320
1683.289118	-240.473528
1683.084915	-362.607488
1683.932791	-370.371329
1696.691291	-356.633432
1696.523032	-404.532971
1696.805201	-229.327750
1700.769435	-378.489567
1700.545966	-322.611773
1707.996445	-274.526713
1707.328589	-338.317625
1717.374217	-366.045341
1717.386476	-244.005565
1718.763879	-350.477389
1720.830625	-343.090611
1723.858672	-362.143662
1729.034990	-374.978419
1732.502902	-355.774752
1730.417284	-384.622704
1730.944685	-228.388365
1738.677602	-216.243023
1741.812025	-230.240289
1744.271692	-254.449452
1746.852937	-264.135030
1748.215507	-275.973735
1750.090440	-298.492787
1751.724030	-312.984823
1749.479327	-234.764041
1754.974052	-274.199831
1757.995075	-330.465035
1760.235553	-386.205873
1762.039848	-371.651301
1762.502518	-354.102347
1764.859858	-397.886864
1764.203172	-333.188230
1766.872819	-388.551943
1766.190941	-346.012817
1767.449343	-354.361972
1768.329581	-377.975802
1769.202998	-365.060783
1771.602463	-232.484972
1773.346780	-273.028674
1775.076983	-302.076369
1777.799878	-222.222670
1779.750609	-238.046385
1779.887215	-342.458420
1782.149474	-314.866374
1787.889445	-298.879146
1786.256438	-252.594657
1789.952864	-365.533916
1796.370282	-322.099105
1796.691725	-249.128088
1805.363649	-345.452835
1805.170519	-241.546918
1808.383774	-330.181754
1810.767665	-297.104525
1808.779543	-229.963100
1815.345507	-349.074520
1815.330723	-313.693030
1810.902096	-369.744488
1631.319011	-383.629705
1643.902422	-310.737835
1664.064618	-237.069718
1676.890599	-283.169811
1696.344789	-341.223159
1728.464665	-321.468858
1752.039183	-242.205191
1751.964371	-256.381862
1756.281508	-290.808853
1756.770295	-298.036781
1702.802880	-362.082417
1749.880909	-285.806162
1796.548882	-276.535306
1739.353894	-221.896269
1744.965809	-330.270700
1745.947437	-334.734039
1747.664525	-348.861749
1755.386468	-286.174838
1762.781445	-362.856353
1764.468191	-225.407679
1774.793750	-287.434227
1787.361712	-354.399087
1812.210100	-393.491747
1757.906408	-305.729211
1758.279764	-313.217706
1630.387235	-62.060904
1632.267828	-162.117668
1638.140014	-109.300907
1637.496774	-86.364659
1651.278240	-72.405046
1653.885026	-89.742557
1652.838728	-171.876377
1651.989823	-201.921953
1653.545123	-153.295825
1655.408736	-20.759946
1655.517163	-48.890653
1653.852390	-25.039334
1661.481329	-179.614167
1663.589311	-154.333704
1666.507565	-65.746485
1665.771611	-19.603581
1667.308245	-129.817426
1673.362728	-89.225441
1679.691313	-23.437183
1679.156836	-153.930732
1679.969280	-175.306391
1680.676891	-53.596492
1680.607790	-109.192861
1688.447580	-157.873274
1695.109208	-15.151302
1694.485968	-61.735157
1694.224493	-111.744084
1698.211382	-117.725308
1703.133651	-138.215798
1702.714584	-44.045437
1705.714750	-177.301032
1705.669286	-122.816003
1715.655139	-191.290237
1720.213209	-31.958964
1720.289208	-22.288020
1721.951271	-43.801951
1722.254679	-61.284155
1722.571469	-53.429594
1723.393280	-86.882305
1724.011139	-94.936075
1723.766174	-103.371138
1728.692461	-15.129452
1727.301977	-127.323047
1727.594162	-141.239806
1728.137901	-20.994881
1728.525719	-117.568914
1729.800439	-33.765679
1731.468103	-156.707886
1734.132081	-69.190973
1734.642639	-191.100153
1737.578426	-204.062763
1739.429641	-132.575483
1748.234055	-18.318547
1755.726383	-34.584727
1756.003009	-44.622824
1761.937418	-186.375855
1762.426590	-18.472117
1772.042242	-17.837982
1771.563686	-100.793147
1777.010785	-198.212699
1775.933022	-187.329537
1781.805076	-161.280074
1785.189477	-85.869240
1788.333423	-16.071526
1790.411825	-148.228333
1799.029758	-180.066721
1804.336822	-41.463365
1806.839888	-127.437207
1807.310599	-114.321101
1808.750931	-62.083565
1814.169987	-203.254091
1812.933411	-191.460022
1632.162484	-38.209738
1632.379495	-187.084739
1718.554931	-16.547383
1739.785218	-154.599916
1753.289663	-153.735408
1755.543517	-126.760499
1755.065938	-93.611065
1764.945469	-47.695843
1792.959430	-181.518121
1799.903834	-145.195894
1645.378862	-127.955881
1690.649240	-35.380971
1720.973475	-66.803132
1723.409192	-74.961493
1731.203791	-168.500861
1731.882338	-50.698776
1731.439806	-61.369852
1733.846103	-179.067759
1736.420558	-103.546885
1739.832421	-111.680738
1744.959084	-186.376278
1650.725933	-63.575707
1724.936334	-110.324126
1736.061576	-83.816875
1737.118686	-77.443044
1737.818642	-115.186728
1739.210596	-122.416186
1629.249148	61.002545
1632.654596	33.303618
1635.749567	166.978080
1638.132824	133.481801
1644.421199	70.267500
1644.018427	15.660841
1646.644418	89.853879
1650.078349	110.806826
1651.069937	76.326867
1653.988228	163.193596
1661.629142	126.382754
1659.765167	150.944316
1668.057446	35.109006
1672.371529	1.794889
1672.217359	51.528085
1675.599308	155.333685
1677.830924	34.456223
1674.185015	84.255031
1679.999024	131.876388
1685.890455	69.641994
1685.457703	44.719496
1685.315626	112.634471
1687.611131	4.557249
1706.576466	180.294623
1712.618237	126.587856
1710.894746	144.747216
1713.032871	43.535568
1714.751529	27.158117
1715.794637	12.484781
1714.402316	112.019655
1714.283457	18.500984
1719.223654	86.617255
1720.064935	109.906260
1720.270540	34.476455
1722.116844	135.094814
1721.349738	183.287851
1722.853370	156.688766
1722.909418	69.398519
1721.964647	123.158636
1724.121737	-1.073697
1739.288689	108.385845
1740.391955	145.579043
1740.293454	99.947410
1742.523598	85.412767
1744.058912	129.699898
1746.539562	42.625801
1746.584345	180.254134
1748.677889	120.044597
1755.918603	96.497335
1759.332608	168.898596
1766.087436	137.106179
1769.018499	68.328682
1775.064165	108.654752
1778.251962	56.318457
1782.637511	179.226139
1785.432558	128.746357
1786.411612	96.445477
1791.276425	161.842834
1791.553797	15.900186
1792.047909	76.645662
1795.490581	60.163252
1799.878604	77.574543
1802.917402	155.719447
1805.194848	33.076025
1808.580507	87.691355
1638.598939	-6.343912
1688.439462	176.801848
1701.752869	22.734048
1709.232796	163.675847
1708.803944	155.856765
1715.552960	75.534923
1715.047380	66.369305
1720.138546	44.813768
1799.630823	140.139533
1808.548322	176.690629
1808.776475	3.753244
1657.605556	6.670162
1703.750711	51.467168
1721.660276	15.221468
1721.839298	22.512091
1720.613795	172.062707
1724.817562	105.090845
1723.272759	148.565852
1779.229258	115.482183
1722.358273	167.610095
1721.814306	162.895358
1722.240902	64.897816
1724.578515	55.777221
1793.855774	70.128771
1631.118568	310.857139
1634.317844	225.143860
1634.215584	244.976636
1637.573940	327.029920
1647.533302	257.900507
1652.235226	319.350866
1653.823111	266.292342
1655.693072	286.829535
1657.340269	198.787447
1671.236564	287.130276
1672.818122	249.413141
1677.985873	331.714112
1680.607478	282.863097
1682.475024	246.661544
1682.926668	345.782544
1685.352172	197.184458
1685.952409	214.903062
1687.679844	297.310898
1686.965491	253.539846
1695.445134	217.606864
1700.141895	329.749045
1700.540448	343.196424
1703.279286	272.864168
1704.144853	216.530835
1706.917730	264.404544
1713.651854	198.623341
1714.735924	316.030921
1720.608604	349.331909
1719.238829	266.734694
1719.734627	253.358130
1725.086996	195.236799
1723.344741	218.956228
1723.994754	292.515453
1726.887776	210.361172
1733.396443	235.028370
1738.726381	381.118592
1740.400435	324.971604
1741.020308	358.263510
1744.497430	203.533846
1750.754990	360.059007
1752.084528	384.669430
1751.973623	256.147206
1756.316931	288.499324
1765.070763	246.750855
1770.415639	218.003201
1775.648395	230.073766
1779.811781	281.355694
1779.772252	211.475243
1794.004379	231.025036
1794.024920	344.541240
1804.896864	250.821185
1804.468128	201.404003
1810.431109	220.218892
1809.887198	366.968952
1814.824687	261.501705
1814.851029	228.449523
1815.622212	239.827653
1678.949005	228.884965
1690.215854	276.827685
1697.922902	279.984683
1700.583695	243.740042
1720.463295	272.481031
1741.750030	277.407289
1745.444439	263.551550
1805.424669	287.696448
1810.768723	330.121155
1661.466471	323.423547
1792.078025	278.294260
1660.920983	202.332106
1674.368048	303.943052
1811.188820	258.641931
1645.089007	290.445778
1651.563329	365.707558
1667.495424	300.482463
1673.486968	227.051028
1702.260967	233.916672
1777.063056	313.030188
1630.946292	482.369151
1635.688190	563.182719
1640.279117	582.802029
1643.233136	483.043663
1645.372860	403.024526
1648.270764	444.038100
1649.687349	500.741591
1665.118237	499.665536
1667.178332	416.415704
1669.035824	540.728383
1676.988523	499.392353
1678.289753	540.715402
1684.854514	559.579025
1684.838339	508.082423
1683.240651	465.532068
1694.451984	557.429814
1699.347798	438.879605
1714.389897	515.249365
1723.397251	536.406303
1728.766038	406.083507
1738.046030	546.239497
1739.781236	538.782758
1742.337569	491.310714
1746.590680	455.988046
1751.886320	449.524160
1762.616561	532.166759
1761.812482	448.827390
1762.852838	558.995620
1757.806190	424.164320
1762.947975	462.179220
1768.275670	441.949388
1771.711455	579.578197
1773.312745	525.347225
1774.128093	532.701917
1776.956364	422.140893
1777.467054	406.983786
1777.250378	459.066284
1782.848678	493.381420
1799.912455	528.277897
1634.993858	443.277422
1648.048856	476.365304
1654.939102	567.294553
1667.286606	405.888599
1688.101613	499.217680
1688.914176	408.350646
1701.141204	498.594566
1710.553664	534.513422
1716.664611	531.937802
1759.085882	569.947459
1635.126884	403.792052
1816.541663	476.768453
1780.192581	425.355116
1642.937328	514.518648
1676.582249	409.169684
1738.757677	455.576180
1756.060762	418.100794
1774.411775	429.065566
1799.210917	426.810238
1697.219388	406.749781
1705.488179	405.586659
1632.014721	657.296421
1653.362698	682.986174
1654.513086	651.107822
1653.651402	665.858515
1659.514003	692.051653
1662.466634	728.692713
1662.585745	708.697934
1675.142438	753.836175
1678.326279	616.012832
1687.504607	694.743794
1689.137879	684.004444
1692.411750	672.727361
1692.097873	713.471854
1690.360753	600.926146
1696.495389	695.431798
1695.452104	651.880891
1705.628814	616.892811
1705.226449	603.864969
1706.627281	743.660653
1709.790952	605.492639
1711.466283	716.053409
1712.841463	688.613064
1712.464892	648.317997
1718.668703	652.146904
1719.942602	717.126461
1728.286891	628.965351
1737.736681	726.661405
1740.208277	620.604072
1741.180443	773.034541
1747.249657	698.127174
1748.963648	648.094650
1756.579770	699.435072
1757.923156	624.056876
1756.662310	726.520531
1759.690911	758.740665
1770.527656	702.505845
1772.465419	668.194239
1776.931879	775.277721
1778.250955	691.655732
1789.137609	658.522572
1793.421075	677.996671
1800.577329	742.430314
1805.238489	677.523251
1811.903507	743.535434
1814.537238	606.257421
1643.088384	634.554044
1676.434230	708.218508
1682.900410	603.089737
1724.549088	688.743241
1727.855766	603.060595
1749.713211	760.837226
1798.880016	693.363654
1691.292102	636.815989
1773.486026	721.155203
1817.621776	668.785664
1806.212278	617.656365
1684.683471	651.991585
1740.536459	757.044282
1779.190244	748.505146
1786.300767	746.444163
1829.684692	733.284181
1831.927635	754.848916
1837.019756	651.314785
1839.874462	676.211794
1842.272320	597.202232
1847.475291	774.556530
1852.074324	654.253837
1853.776268	627.285952
1858.429785	774.147125
1865.805602	704.372994
1865.873344	604.382924
1869.704182	758.590933
1868.237803	690.862572
1873.441223	640.235370
1877.579976	725.780368
1879.140522	777.838670
1896.569635	607.426927
1899.315163	655.411160
1900.254895	699.131734
1908.038653	750.387663
1905.876061	707.604292
1909.398339	680.346615
1912.136093	773.125484
1914.277035	709.307621
1920.205262	636.620056
1921.557463	726.529688
1925.955508	780.526213
1927.811246	672.065544
1929.226229	743.799067
1928.786526	647.037800
1933.347075	710.338048
1929.711184	759.418060
1933.762243	728.787636
1938.088303	713.104159
1942.787045	748.209965
1942.381519	617.692765
1948.253401	635.670341
1946.589647	694.992078
1948.809844	767.043967
1951.470510	611.840412
1951.867631	671.637949
1956.742508	714.187117
1964.989971	607.009560
1969.608536	632.605533
1972.626403	717.992631
1975.416586	752.005655
1982.214183	671.251230
1984.770282	645.223633
1992.182434	734.785456
1999.420778	690.220295
1999.474718	642.251924
2005.155101	691.430416
1837.838766	722.150407
1853.742099	695.844060
1882.281469	639.976997
1953.041666	753.650757
1961.484595	752.727140
1996.595457	718.590384
2004.777028	598.947159
1845.569126	697.066883
1935.913923	693.997932
1955.285482	738.223452
1867.401191	728.854867
1870.349800	779.810985
1969.524549	599.335962
1981.579750	602.588997
1995.235333	686.393626
1842.808675	602.592950
1866.483814	612.282669
1954.666453	683.248071
1959.535730	679.323402
1994.204049	648.014393
2018.734330	648.987174
1831.101388	553.124877
1844.012212	537.531636
1844.696015	583.449728
1850.459932	547.133165
1857.184469	577.540192
1861.871843	448.099145
1869.536540	464.460061
1873.933381	434.161099
1875.385450	564.312365
1888.820976	449.996574
1898.234980	437.579249
1900.255659	524.036005
1901.943139	415.138217
1908.136167	553.494664
1908.267766	527.407555
1913.002040	455.875737
1917.626696	563.542780
1919.333031	492.176222
1928.009797	417.571037
1931.136189	565.215574
1934.416656	493.682184
1933.495303	548.194832
1935.912109	557.342313
1935.941893	585.922120
1944.350392	508.780897
1958.868505	474.936984
1968.031867	563.111988
1968.459039	525.955815
1970.172078	533.023746
1973.887955	465.331713
1973.292068	500.718755
1982.618974	516.243079
1997.589710	468.276504
1999.612251	534.068642
2001.133683	493.921029
2002.842712	514.873879
1833.274060	525.501289
1844.113354	506.554030
1862.119699	493.722447
1867.617757	499.702830
1871.893092	523.904244
1922.100687	582.115011
1924.632495	437.792244
1930.833831	399.983503
1979.149141	401.734734
2007.503162	441.505827
1969.024955	476.376580
1989.566487	576.881319
1989.509676	548.974954
1993.234345	505.135595
1883.547881	461.808566
1898.028906	420.156344
1900.700387	455.825988
2012.736671	559.790708
1830.828891	225.719599
1837.404351	321.887449
1837.119932	205.664111
1841.684890	335.342448
1843.785512	367.056918
1844.816312	317.950862
1844.673675	236.805668
1846.504244	200.540311
1852.059067	305.909872
1854.914384	214.188435
1873.526122	315.055677
1871.655997	285.703670
1873.448189	353.278018
1877.391473	381.708133
1876.709430	249.337010
1884.802282	308.671326
1886.140264	346.981993
1890.982831	261.527367
1891.291049	223.987994
1892.188537	370.459761
1893.995987	213.225345
1898.240326	347.586896
1901.282183	198.211454
1901.680931	297.468503
1903.616431	361.008743
1906.127976	336.287274
1908.817976	303.172898
1906.954188	270.121325
1908.566166	235.888303
1908.948855	246.938617
1915.104944	293.801362
1917.553385	358.435211
1919.776596	204.838726
1923.609501	316.665061
1930.329066	215.488801
1934.419576	300.257175
1935.247174	336.765991
1940.869177	306.306056
1945.046554	215.819526
1948.767528	208.498447
1950.015745	196.164354
1952.218605	341.262575
1952.434469	368.164207
1960.150392	258.030001
1960.442117	198.423644
1959.292073	283.460360
1970.981561	365.908531
1968.801399	299.420063
1970.657524	353.243252
1970.497938	250.668528
1974.049002	327.251754
1975.261266	235.397594
1977.266935	226.453317
1981.963214	315.516842
1983.857859	383.711457
1988.724956	244.277308
1983.977957	342.039862
1994.554672	289.106156
1998.057970	227.413896
2002.313559	332.185655
2003.810749	320.469374
2004.569599	195.953508
2006.528392	339.844262
2010.968160	257.179464
1860.115343	373.692689
1926.331661	274.220378
1952.073684	329.296353
1995.204073	340.941298
2006.041903	237.101033
2014.848357	306.954880
1868.155864	256.943813
1853.369374	275.470146
1919.824672	284.952570
1926.436912	242.851283
1951.650021	269.609228
1959.380256	272.494226
1969.615386	285.093725
1990.484688	351.084419
1827.233505	-1.731736
1832.469842	47.609676
1839.604399	-1.660487
1838.291605	110.521411
1844.858647	112.111782
1855.691552	65.981341
1854.039272	165.701374
1857.269436	91.735237
1861.458074	110.748704
1862.390532	58.807629
1863.319137	42.751935
1865.560297	138.853595
1873.876961	126.368324
1879.189903	54.429164
1883.836310	94.817056
1884.649105	75.968700
1889.528390	118.533668
1893.713212	46.890205
1899.098336	-0.082452
1906.717986	181.532571
1908.694263	155.609048
1913.840724	54.702282
1918.291622	161.385754
1927.059250	143.769756
1929.004702	23.058844
1931.365635	51.895096
1944.651279	81.759536
1950.371209	49.284760
1953.972283	155.684964
1954.631567	56.997614
1961.690920	163.039636
1964.667832	31.473371
1967.531349	2.014404
1966.573061	61.537689
1970.296170	143.512126
1972.309651	152.357998
1974.621384	49.682542
1975.371312	177.719536
1982.954895	91.298873
1989.706724	47.659377
1997.212118	71.995451
1996.204818	20.064782
2001.450251	112.307828
2003.392373	163.825207
2006.760964	23.957865
2009.417863	12.185646
2013.353862	164.236227
2014.877165	68.233068
1837.916781	153.889658
1840.320378	147.333902
1872.043670	7.704841
1887.135117	26.804967
1885.294849	101.159354
1890.139468	162.975815
1890.265475	154.506983
1923.761218	61.551765
1945.413045	7.101789
1993.188591	148.220260
1857.816396	59.467392
1933.374228	78.412080
1951.947160	30.777169
1953.639120	90.116646
1973.915299	8.664743
1984.651327	172.785383
2011.904090	119.020963
1857.961647	159.605941
1865.789330	91.424042
2002.965243	84.419768
1909.063409	160.565698
1928.827870	8.707101
1955.853888	95.239353
1974.319892	57.002973
1835.243652	-57.582472
1838.961239	-70.745473
1838.365608	-187.748735
1847.754581	-56.800668
1847.725978	-32.309514
1848.729324	-118.139344
1861.493677	-173.912804
1864.378199	-104.908167
1867.703147	-193.087782
1871.409531	-135.887106
1886.418311	-57.882046
1887.089996	-33.012085
1887.814823	-162.552225
1895.111420	-141.248091
1895.119393	-123.245693
1896.194341	-83.132752
1898.101666	-21.464246
1911.329629	-97.784832
1911.255430	-153.614905
1913.185167	-160.179146
1915.704982	-38.290262
1918.948315	-63.543674
1927.674846	-90.455431
1935.787766	-150.703149
1942.149402	-59.814756
1946.143248	-94.203774
1946.661079	-199.206442
1960.528925	-193.672340
1962.371049	-162.594557
1964.491091	-20.238311
1965.572279	-79.206298
1969.055635	-93.343256
1970.650401	-141.350974
1986.973629	-195.231455
1988.158545	-164.262841
1992.719375	-86.024482
1992.593287	-118.275098
1998.917123	-32.348605
1998.511397	-136.280436
2000.794764	-19.018623
2009.269046	-144.043481
2011.791826	-116.211374
1835.858199	-137.730538
1931.744484	-205.176903
1949.895074	-152.448895
1965.326629	-122.364576
1999.391715	-64.507365
2011.107191	-38.561430
1905.355037	-118.504087
1937.302506	-42.558782
1949.988268	-63.551834
1954.008232	-41.493237
1928.580706	-134.625579
1967.318909	-70.277327
1928.053558	-177.463919
1926.163698	-117.587717
1951.135172	-171.449575
1827.147423	-347.427855
1842.648921	-358.760906
1846.061737	-230.307352
1856.994708	-250.988331
1860.552714	-339.297926
1862.147061	-309.317300
1874.181327	-362.245575
1874.779264	-285.976385
1877.628263	-325.925282
1878.661948	-390.499083
1882.200904	-385.278999
1885.895285	-299.824892
1896.896947	-243.634211
1899.479303	-272.424450
1901.996426	-235.790253
1904.891148	-282.597776
1914.989783	-309.601824
1915.510519	-238.463538
1917.253235	-322.906549
1930.747063	-243.097514
1932.713522	-367.868548
1933.818423	-278.143070
1927.076002	-332.794211
1942.644039	-335.905482
1951.561559	-233.119300
1964.763685	-294.976876
1969.016530	-326.933391
1974.960070	-302.192776
1975.591025	-374.819329
1985.923118	-396.362167
1984.153429	-214.226159
1990.390848	-283.420710
1992.989898	-366.239405
1993.021495	-224.683396
1992.818911	-312.544130
1997.845513	-306.651430
2003.192503	-253.166925
2003.602675	-381.831608
2008.362542	-265.472120
2011.880373	-223.232807
1835.604755	-379.961935
1868.983381	-275.275690
1871.492922	-260.214073
1873.246305	-227.739777
1914.601407	-280.643382
1920.886025	-286.078286
1921.428979	-265.536556
1940.922832	-256.369912
1946.199361	-292.057452
1949.049543	-285.700172
1967.625418	-344.059917
2001.865542	-342.782195
1837.053664	-312.092649
1900.206694	-323.648873
1948.092721	-258.141848
1968.925831	-236.712828
1938.549162	-315.883470
1839.774983	-234.589446
1849.698208	-253.077204
1849.179595	-344.975069
1852.327136	-259.670638
1888.336113	-305.486675
1912.478201	-360.989139
1935.805826	-354.108660
1955.594887	-219.517930
1984.436513	-255.265865
1990.842068	-266.590413
2001.063278	-316.715545
1839.514952	-431.834834
1869.262346	-421.249923
2032.391006	-389.071680
2043.002373	-293.010979
2043.742473	-336.958618
2046.116753	-272.403778
2050.083001	-368.647334
2055.383322	-355.447137
2055.312721	-382.955763
2056.862824	-267.012924
2073.769943	-362.222840
2074.428469	-332.557250
2073.156661	-278.512182
2075.546546	-383.149400
2081.605015	-219.433186
2084.948869	-268.556843
2095.154150	-318.303122
2101.534303	-332.084298
2109.214758	-388.854017
2113.912617	-366.605553
2118.273177	-388.834736
2118.481040	-320.146977
2122.779785	-342.035196
2124.133061	-237.114024
2128.876361	-223.675197
2131.161855	-258.106850
2139.831271	-346.798005
2138.609469	-364.544348
2140.788255	-321.219508
2152.523998	-320.162841
2156.790435	-295.725922
2155.503665	-381.002781
2156.783066	-274.635954
2160.603319	-330.863850
2170.386298	-273.752165
2177.655240	-251.676008
2181.775931	-406.718840
2184.623179	-292.811166
2183.395616	-361.716038
2187.780714	-381.259863
2198.491743	-319.904603
2199.811189	-225.032891
2201.645817	-236.716879
2208.694852	-257.821316
2208.613607	-334.070016
2209.836887	-269.158285
2215.243944	-303.566432
2131.297927	-287.002809
2136.992994	-370.823330
2176.328413	-386.748486
2207.037300	-287.513622
2211.079065	-387.004485
2028.602846	-193.054543
2033.684536	-150.249728
2032.198217	-128.641762
2041.693129	-19.335756
2042.767571	-194.913282
2045.987683	-174.243596
2049.402865	-74.792771
2046.723620	-55.796819
2047.545254	-27.726940
2055.479359	-197.064738
2059.248179	-59.151776
2059.588384	-18.326041
2064.749903	-164.605184
2066.120190	-172.320473
2069.403832	-148.463287
2073.887062	-114.105662
2083.726050	-66.737264
2089.778525	-163.167740
2094.472789	-69.692428
2094.216735	-122.847043
2101.708288	-24.606363
2105.629762	-160.411674
2112.382487	-45.287352
2111.565091	-66.650480
2114.300513	-148.523436
2126.418901	-67.425178
2136.456600	-51.164345
2143.834681	-83.240955
2148.406084	-150.482497
2154.242453	-129.013184
2158.366696	-108.862859
2164.879104	-130.398662
2167.724022	-139.295453
2165.012998	-43.420798
2169.389032	-39.459282
2169.168081	-155.485300
2171.013422	-192.149595
2179.150866	-137.083710
2183.253420	-177.885164
2193.428571	-68.792778
2196.074454	-131.741263
2196.809370	-138.549200
2200.309264	-28.984403
2202.799114	-168.570957
2201.893095	-18.063848
2203.007418	-76.183148
2207.784965	-54.420432
2209.904160	-178.854812
2175.145663	-80.914155
2219.019878	-153.221470
2056.116996	-94.702066
2059.825514	-178.164694
2061.579760	-74.418458
2191.789559	-55.290043
2206.237554	-143.840143
2073.920116	-44.081393
2190.218409	-172.841201
2206.690048	-87.790293
2152.432549	-104.143839
2155.770969	-95.604514
2031.135028	100.671534
2037.196077	140.365481
2041.959187	38.990242
2043.367130	149.399174
2046.318543	104.772056
2045.665031	113.306034
2046.580490	0.624855
2053.376429	172.065089
2057.139281	50.543873
2052.385753	122.404863
2068.556769	15.857568
2071.674224	133.661514
2074.362073	25.001163
2081.149646	137.701740
2084.372447	168.263759
2091.295132	5.474383
2096.630650	72.591939
2099.949876	123.803505
2103.825511	21.380187
2104.657274	147.162412
2119.765100	59.364840
2116.615748	107.637806
2120.095239	80.693567
2122.448839	133.819332
2121.800025	34.041933
2126.634489	119.119863
2133.273273	18.884309
2132.764706	32.315870
2141.768250	101.089074
2145.818253	16.246255
2152.084755	26.042256
2153.507069	124.098681
2156.945578	62.100870
2157.927593	79.779910
2167.362927	108.059383
2170.398571	41.293126
2174.848065	19.008627
2176.064854	176.974416
2175.879548	150.185978
2185.529027	123.708479
2188.812205	114.138808
2194.424022	158.950550
2199.149458	177.039981
2203.762604	83.207297
2206.763780	169.814694
2207.983934	123.851419
2212.975701	174.228488
2209.431284	28.799100
2213.762310	91.636171
2033.201905	83.512238
2042.425951	75.267585
2056.902460	142.205935
2068.090209	0.524755
2087.100976	41.963916
2110.760849	157.650543
2145.474977	147.512277
2156.260092	159.638130
2188.925085	59.836278
2040.282617	64.831380
2041.774951	95.680284
2099.230070	131.946609
2115.939302	124.635331
2129.175977	50.955913
2149.392275	176.021933
2167.181467	96.300117
2068.277546	95.287965
2153.524051	35.260670
2198.537998	134.496902
2038.249915	76.021720
2087.394044	84.300147
2167.657051	185.023846
2186.434732	151.941381
2038.374707	248.713511
2046.324807	274.807189
2047.131038	304.532885
2047.832164	240.357492
2049.794250	380.557156
2045.910943	333.707903
2058.637305	210.044929
2068.246694	229.072695
2065.901486	350.510476
2072.291583	300.831600
2069.450205	327.683089
2074.518342	357.464542
2081.864032	245.812658
2084.139998	207.245512
2087.136729	220.994071
2080.085185	256.958399
2083.542955	373.109834
2093.463346	357.148365
2093.056439	329.224783
2103.032970	251.444526
2103.907867	306.783874
2101.475256	329.531370
2103.693623	199.908558
2109.717917	367.121618
2113.353560	266.685623
2119.418786	222.127720
2126.833741	219.106156
2129.616851	353.773154
2133.072871	338.221988
2131.822592	299.428166
2137.553041	272.165227
2148.597071	204.380958
2148.668385	341.931551
2152.289734	364.931062
2153.935249	205.675101
2158.134332	371.304353
2169.854422	275.729782
2173.349767	288.260066
2177.760075	244.751753
2183.205269	217.639334
2192.571405	270.768484
2199.874097	362.369535
2198.732729	239.704810
2204.006833	280.906362
2209.094117	253.549448
2065.115714	217.326268
2089.843113	269.920360
2095.659923	313.748596
2121.146259	381.093047
2130.455474	243.273219
2135.693237	363.024541
2160.255709	222.651431
2187.489215	240.777682
2212.871186	266.683748
2036.653590	201.909169
2064.067264	202.564740
2114.679906	215.400100
2172.749990	251.471610
2179.018500	363.289033
2191.631410	366.192667
2194.505196	254.747236
2085.473053	354.954274
2171.503415	341.010466
2177.430843	334.534681
2050.538027	266.624197
2208.601951	223.199876
2212.944630	232.577785
2028.260208	461.532957
2030.195624	479.770111
2036.583640	514.125099
2038.017849	410.016716
2038.448820	554.928907
2036.312844	456.889298
2045.322706	442.264093
2046.448609	488.408986
2048.159125	552.025239
2050.139691	432.268488
2050.855898	405.374042
2053.243896	536.099383
2056.578628	525.322848
2057.320324	449.541587
2062.623913	462.879938
2067.187488	565.425160
2069.414652	497.015497
2070.215528	414.024783
2073.631228	445.478024
2085.999659	447.643839
2086.886346	573.584490
2089.065393	408.462027
2088.608711	416.674464
2090.642223	565.713966
2094.673717	484.214386
2112.951433	427.812578
2111.377788	545.418031
2113.177251	480.963506
2114.211373	520.051732
2115.803868	466.847384
2117.065831	494.376639
2126.711000	541.120184
2133.086258	450.646764
2135.012456	544.528059
2136.681810	553.225942
2139.350659	468.783249
2142.458783	569.507890
2147.952225	428.965920
2148.341440	495.332212
2159.654372	491.839150
2172.233728	476.770235
2182.194518	409.101051
2186.385291	446.737192
2186.476099	581.164526
2188.562242	401.628669
2190.114248	542.514469
2201.149049	402.145874
2209.290796	408.590328
2211.972970	509.123637
2071.181618	469.018632
2101.060732	437.157136
2152.536593	531.323089
2192.695646	511.092853
2118.802706	399.079525
2121.653710	581.980613
2155.084435	405.877952
2166.989146	444.500323
2079.655420	471.834099
2081.932721	477.005569
2033.772833	536.964676
2118.591756	540.052230
2033.574022	693.001103
2035.123153	728.666283
2040.539101	776.365361
2045.823940	685.882884
2057.082905	737.059395
2057.833980	754.425591
2060.466208	663.446449
2062.221889	702.591507
2062.001626	769.247503
2061.507172	737.618182
2070.358941	717.367468
2080.410705	652.719962
2080.635533	624.104495
2086.428553	736.471752
2093.199114	739.282940
2096.369119	597.254829
2099.985235	685.260952
2117.009906	676.552092
2121.790865	779.318481
2118.557301	664.355317
2126.856209	782.297356
2124.376943	727.507241
2134.210822	709.916793
2131.974182	751.801905
2134.716461	736.681816
2143.603113	625.578169
2144.389196	756.715612
2150.041693	650.422581
2151.885553	696.663281
2154.024953	595.246948
2159.687655	709.712603
2161.709727	629.265571
2162.057278	683.879446
2163.082030	737.905477
2167.047364	719.900866
2175.529117	622.684934
2173.373118	665.892088
2178.347048	708.529218
2181.347547	765.315146
2180.463759	736.106187
2178.581525	714.161482
2179.445994	693.179904
2183.270181	627.062349
2186.131035	649.594563
2190.363842	728.865340
2190.750994	660.699040
2191.254959	705.449515
2197.652414	676.261828
2200.430950	691.632241
2207.500893	608.711560
2211.220440	678.886121
2215.740936	774.524797
2026.436864	658.904921
2043.329638	698.248959
2049.327646	764.688004
2074.975699	767.411331
2092.323735	696.850604
2131.143374	618.444935
2157.088848	661.147093
2157.039341	673.343181
2160.173694	759.012353
2173.267713	781.658097
2184.197109	701.062637
2197.136880	768.610179
2207.318419	739.667119
2205.094040	729.497786
2072.065281	725.623143
2073.053239	739.751467
2089.485153	688.485512
2091.946613	634.827681
2099.939234	678.519424
2106.537385	625.094858
2126.546972	641.060577
2170.009767	602.073144
2171.609958	641.923881
2183.576778	744.464704
2210.174060	710.899224
2037.809264	626.957096
2044.893560	630.311471
2107.236275	714.266943
2131.421653	690.251921
2142.339677	764.486522
2045.252074	735.291724
2061.545251	719.505720
2082.361026	708.471558
2099.083330	733.114140
2121.494663	697.743836
2146.350549	734.981243
2146.021587	748.430056
2161.183461	673.455547
2170.706489	714.449916
2197.475604	632.977542
2200.188896	638.339461
2213.855237	753.620786
2213.115293	765.073360
2132.625577	730.701088
2232.976972	599.548939
2233.698136	718.417032
2243.498593	639.736133
2242.732995	776.771956
2244.234061	686.477743
2245.853631	714.263579
2249.455043	647.490241
2260.866219	673.594775
2268.305559	725.499710
2272.529213	704.409331
2290.774647	676.147382
2294.889676	639.726270
2305.480991	678.944967
2306.534327	710.655499
2315.351638	763.655587
2322.574004	643.211176
2326.562835	693.340989
2327.881137	639.639640
2340.166090	742.070475
2342.314056	768.111222
2344.601679	667.562406
2354.265929	710.454862
2360.336121	650.129060
2358.981257	611.114904
2365.393802	735.190424
2372.441876	703.496555
2374.300041	637.300892
2382.813605	747.679386
2381.659666	677.392727
2388.460321	643.504301
2392.222188	702.423705
2395.761799	620.922589
2230.157863	658.455070
2236.069752	665.472633
2250.587431	749.499063
2256.912178	683.283799
2281.811099	772.175008
2293.787165	739.404797
2331.366098	723.912218
2367.241687	632.059208
2402.765221	597.319748
2417.399716	701.866458
2238.407329	734.657719
2353.582291	628.541642
2387.035412	627.195510
2390.153782	715.475484
2406.345282	634.806107
2409.980362	678.966556
2322.807184	662.717235
2229.000316	757.648323
2258.094396	609.383447
2260.940457	617.290377
2350.325825	688.857865
2368.126885	760.327629
2382.901259	782.303360
2228.519817	575.290414
2232.902204	551.090984
2249.570621	512.553471
2247.725902	461.152500
2253.504037	415.044481
2258.811253	460.042911
2260.823924	582.945704
2269.502186	415.426753
2283.380420	550.020250
2306.224049	448.967974
2315.147141	473.312683
2320.346401	560.542206
2319.036901	493.797831
2325.794587	436.840290
2328.134088	418.697308
2329.655115	476.457605
2331.917738	495.007379
2330.719513	515.283799
2336.453556	439.995279
2336.313730	413.655654
2337.168027	570.098124
2355.158604	437.692405
2354.582999	507.334713
2354.164271	545.092944
2360.966456	565.413438
2365.536779	485.496962
2375.132467	444.691562
2373.816236	456.568813
2374.660565	518.475478
2380.274097	414.160320
2383.857078	437.619538
2385.918832	560.270081
2389.983102	542.641893
2395.882799	496.688767
2399.493453	576.986507
2398.218380	465.824192
2403.574033	396.931365
2403.573395	541.982910
2409.127537	426.617248
2231.774895	433.922193
2281.183639	482.573555
2307.730186	541.644873
2317.228798	452.286368
2316.561814	521.846210
2324.306427	525.949827
2326.013646	536.920976
2341.849251	427.342818
2367.155764	498.395299
2412.979036	503.992143
2373.092165	469.668888
2395.281996	563.698242
2307.791439	492.899239
2326.153929	448.046916
2344.253714	407.756913
2392.907222	571.263040
2230.874924	223.516007
2235.233590	258.092348
2237.692245	330.501535
2240.125635	356.753657
2240.690335	230.783900
2244.831382	273.390482
2254.799149	218.305709
2263.930402	366.630267
2275.065670	233.192737
2273.050934	344.202464
2276.270085	377.817903
2283.140015	200.460949
2285.669169	326.467633
2289.677372	275.868248
2297.571429	253.253430
2296.543867	367.208122
2300.195499	305.238811
2301.006227	228.477861
2316.271496	324.630613
2333.491864	207.079218
2334.814217	304.445566
2340.582525	352.997925
2342.841061	228.257305
2346.017435	262.069902
2349.648848	336.370648
2354.993016	237.549775
2363.662187	330.541820
2366.336086	302.206297
2367.755413	215.072552
2369.788606	276.952314
2371.052448	348.777366
2373.320200	195.225641
2373.988080	354.671817
2382.764022	221.592748
2390.088445	280.881228
2389.685546	209.090679
2397.084936	318.653333
2400.925151	203.190651
2402.408267	361.423166
2253.597340	241.703663
2294.751135	287.116639
2337.055264	316.827802
2381.723322	352.917070
2387.104890	251.456447
2241.675173	199.749522
2261.140994	202.539455
2304.855332	202.873740
2323.008906	282.750761
2369.722592	324.060785
2376.488452	258.124939
2407.018316	236.423485
2379.605326	330.622845
2309.210266	342.168885
2335.587453	256.249163
2235.759681	72.082613
2240.341579	48.845041
2242.087256	130.567723
2249.523669	108.224237
2252.621708	121.913115
2254.874193	159.980953
2258.452798	138.486299
2260.404754	8.971192
2264.472404	87.351765
2265.769324	66.623501
2271.913824	28.024064
2275.337537	128.859102
2285.799571	173.495682
2288.553043	36.419869
2293.572227	135.577314
2294.743238	122.730319
2305.983545	90.985483
2310.798797	51.205046
2325.059120	131.841114
2324.600911	59.868627
2327.971820	93.791664
2330.520356	24.499362
2348.965184	169.791332
2351.769154	136.760536
2358.981706	158.873045
2361.832967	136.324541
2361.441051	94.491391
2361.878875	144.655302
2372.330705	5.571727
2378.182137	182.004433
2380.440220	156.647538
2391.322546	74.126910
2392.226781	119.874548
2392.838011	0.323703
2403.512776	167.335350
2405.292950	135.052805
2409.381862	154.170251
2295.325564	32.830958
2368.642163	50.724301
2383.344172	32.070444
2235.990879	21.241816
2322.445570	141.138990
2350.216973	66.394776
2313.884596	21.268064
2353.073869	119.582835
2229.051249	-185.133434
2242.398047	-190.237074
2258.667179	-189.735026
2260.257346	-109.927093
2260.113259	-84.225911
2279.222065	-51.764965
2281.665209	-185.187325
2282.705075	-165.349635
2290.110762	-70.985602
2293.112791	-39.972177
2295.045574	-35.255055
2295.091626	-133.430578
2299.231818	-76.057289
2302.898369	-24.445944
2304.210612	-169.319208
2311.384798	-85.727792
2313.635015	-65.456582
2320.774120	-142.734599
2323.414298	-110.994700
2330.499070	-167.510149
2330.642543	-39.229945
2341.361623	-120.985832
2344.802450	-74.212079
2348.628157	-121.807936
2354.718365	-19.535468
2352.585333	-39.191969
2353.875499	-149.550736
2359.882793	-35.615605
2367.818501	-42.279285
2367.713184	-60.816536
2383.065154	-143.420588
2383.498780	-198.424002
2390.665900	-84.771739
2402.523726	-146.116352
2410.583763	-90.569959
2410.122290	-168.764455
2412.813926	-120.327644
2271.294546	-55.076369
2321.634996	-184.187085
2336.190219	-82.311651
2346.027893	-187.876684
2346.927586	-98.922537
2378.567049	-24.586444
2392.143849	-176.207569
2298.799463	-179.275853
2344.421647	-56.909127
2239.402263	-101.379445
2292.868966	-84.428282
2408.498565	-87.216149
2236.227695	-350.808899
2240.981528	-287.114071
2247.134141	-345.674047
2248.925257	-319.297826
2250.618407	-264.655684
2256.370437	-219.996032
2260.763475	-246.510532
2265.075918	-376.821593
2277.691463	-326.717148
2277.082865	-242.563942
2283.253196	-295.070883
2277.976291	-265.707478
2292.481749	-267.436732
2303.000596	-316.579135
2302.150776	-248.493100
2304.440348	-387.961662
2307.484171	-365.604295
2320.599401	-322.675012
2322.654302	-388.821716
2323.355293	-270.225350
2328.902361	-263.251727
2334.040224	-375.272960
2333.892781	-299.678889
2339.029508	-251.764867
2343.544812	-350.979890
2351.091269	-274.476847
2369.858305	-362.307937
2380.256768	-268.312725
2384.848749	-305.945124
2393.541739	-234.153311
2396.586917	-301.934780
2397.859883	-263.361993
2398.324417	-345.001921
2398.740829	-273.776444
2400.990554	-220.309716
2410.001443	-280.316313
2233.466971	-242.269192
2278.185954	-277.822292
2318.175216	-348.915661
2349.443275	-379.727671
2370.579097	-231.539951
2399.622104	-240.979135
2317.659614	-272.808879
2327.602294	-221.634902
2379.947583	-367.769614
2383.971342	-256.289908
2318.995987	-371.220193
2365.195548	-320.932809
2379.614160	-282.991080
2257.736298	-234.821676
2263.257172	-236.507751
2252.804553	-421.480045
2257.848160	-439.044691
2266.455137	-575.873171
2348.884423	-433.132200
2370.532728	-434.654824
2398.856109	-483.258302
2405.669857	-484.684019
2405.293293	-439.365891
2415.873766	-459.386174
2245.285992	-424.379138
2292.381988	-440.520987
2315.847779	-443.581252
2324.181273	-640.702730
2370.643540	-623.554046
2268.415588	-655.430448
2287.604051	-661.343815
2298.512059	-658.944784
2315.200660	-637.483119
2329.609388	-626.155073
2364.359842	-646.707107
2367.757485	-635.695956
2373.139533	-631.182923
2375.161417	-649.099812
2399.701017	-650.871356
2455.883095	-900.893879
2438.702868	-907.024840
2442.504067	-918.718389
2456.381860	-917.514166
2595.890166	-632.108302
2612.556987	-666.899263
2435.260649	-434.619571
2440.322068	-484.328897
2446.295299	-436.510591
2449.924266	-521.925514
2452.213279	-517.596768
2462.003200	-451.540738
2463.744740	-503.533091
2469.062480	-468.521831
2482.155212	-476.763685
2490.977209	-470.552821
2522.497422	-497.738068
2532.907825	-480.247151
2543.165047	-443.134203
2589.046242	-466.178879
2588.408932	-599.975976
2603.114441	-534.576140
2601.754493	-518.658166
2604.467753	-597.941396
2614.631008	-432.018973
2532.763259	-426.416822
2570.640131	-507.424951
2591.938592	-509.938732
2462.069180	-444.802279
2564.699004	-580.369201
2575.599142	-587.028504
2544.049355	-558.581889
2546.342973	-570.472939
2554.769862	-567.455523
2554.717006	-578.921410
2591.846493	-588.375129
2600.929385	-524.170739
2430.607917	-240.685510
2442.519820	-332.524351
2458.469166	-283.742473
2458.090092	-263.748577
2470.284349	-392.824230
2472.371893	-360.917324
2476.653154	-317.951909
2485.164461	-358.744013
2490.777999	-236.283254
2493.282431	-275.055943
2498.940605	-222.156416
2499.680189	-385.671298
2506.936786	-391.039056
2511.439842	-228.869634
2511.552739	-304.409369
2521.168825	-251.318697
2525.586919	-229.950458
2542.012074	-241.977319
2541.940195	-284.767964
2547.669317	-277.372103
2556.640393	-271.349791
2559.084983	-380.176017
2565.682579	-261.800640
2571.438489	-325.281580
2573.559836	-229.828555
2572.694241	-260.536102
2592.116610	-370.991479
2603.733659	-263.330357
2604.724608	-223.147313
2603.954204	-279.838078
2463.574447	-346.785918
2525.097807	-315.209314
2531.247791	-318.703588
2553.666623	-235.268293
2536.696537	-339.503747
2561.629782	-349.157121
2596.203389	-298.427043
2602.160126	-346.296508
2585.213118	-365.638272
2616.362720	-282.966026
2432.150547	-28.358982
2435.484496	-142.719657
2437.473707	-126.883791
2436.873938	-50.694638
2444.940862	-42.428045
2446.677118	-135.378759
2464.646825	-55.522769
2468.813634	-36.382192
2475.660924	-103.687066
2475.648565	-25.486159
2475.507328	-154.149814
2487.295002	-26.716395
2489.228835	-84.355310
2495.019014	-160.336549
2500.492009	-98.350299
2502.000365	-74.542390
2513.711375	-132.892726
2513.314646	-40.061129
2517.901571	-161.180988
2524.704012	-123.757392
2526.609905	-154.164957
2531.003156	-40.089748
2541.520205	-197.202360
2551.220305	-132.394611
2553.153109	-145.291636
2554.276766	-74.612798
2552.358929	-28.198383
2557.326769	-109.658006
2564.953533	-22.387593
2568.975687	-128.376684
2576.117412	-97.131980
2578.698507	-39.124105
2588.005817	-92.980592
2591.735186	-153.135527
2596.228556	-189.316059
2595.817739	-62.118942
2603.941009	-36.798841
2604.534460	-51.385328
2607.453223	-141.525916
2431.278395	-91.838554
2438.519454	-19.698789
2436.337175	-98.748272
2449.725625	-193.492045
2461.012380	-191.050734
2465.441005	-17.958008
2474.453282	-95.385824
2482.668231	-140.347893
2491.217930	-192.146534
2556.014285	-84.781192
2602.287920	-151.124680
2616.735006	-181.312252
2618.435568	-106.998320
2465.193594	-159.240341
2513.107302	-31.129641
2519.540581	-171.225286
2522.462518	-75.941736
2575.648263	-177.624546
2482.570988	-113.127401
2550.442729	-202.620756
2524.540701	-27.250914
2434.825339	23.723381
2441.589770	131.575814
2441.557073	73.669702
2442.910137	23.971566
2443.245132	13.323927
2442.250283	161.590848
2451.226674	85.556204
2461.752701	133.553204
2464.412433	156.411140
2467.873345	104.951308
2481.129730	164.450375
2483.443900	124.211604
2495.067043	82.867497
2504.894607	149.381717
2506.516271	121.866966
2509.667135	64.574201
2508.469620	137.356432
2522.610445	173.667324
2527.019830	163.540759
2533.488115	95.416718
2534.377236	65.003278
2533.172874	26.091104
2536.889974	176.768892
2542.330156	49.976679
2548.922935	136.364996
2547.847474	53.889725
2565.070849	97.669114
2568.232293	118.353957
2581.644731	26.296075
2592.007000	75.294686
2603.365322	140.158285
2599.848452	110.129823
2614.582940	64.742377
2436.853406	103.445087
2473.417123	75.861284
2481.005858	99.826717
2493.047283	31.991377
2534.083077	122.037657
2551.876721	90.858062
2563.611034	40.386837
2569.876085	32.579080
2585.745476	92.941383
2592.253472	14.890790
2449.618021	97.906490
2579.801654	166.168986
2591.957514	48.012938
2432.348274	367.581931
2434.438376	228.657231
2435.767105	279.614135
2438.540397	215.344104
2438.768950	361.184184
2441.779719	307.506536
2442.211951	285.815577
2443.344231	204.347855
2453.308583	308.884025
2460.743061	223.201452
2461.441419	260.332658
2465.696118	218.242195
2465.120937	323.019052
2473.379125	268.585304
2481.232600	336.687707
2484.065138	314.077047
2486.021986	323.333168
2489.494862	271.411046
2507.069431	322.436189
2507.439617	248.709921
2513.838498	308.190515
2517.348793	263.896324
2518.977189	320.281824
2520.234728	355.113790
2529.453850	366.845306
2538.881759	350.290896
2555.162936	272.792518
2559.184144	341.665087
2556.822855	302.072645
2568.033674	335.515924
2581.721338	253.972448
2582.543860	327.329492
2592.844121	207.299577
2596.077481	371.712444
2609.107700	253.057032
2610.442593	338.811757
2467.800148	352.679874
2502.983968	235.127363
2511.294544	367.524562
2572.792588	374.244290
2450.295878	360.985263
2458.545696	264.925054
2609.534657	274.273681
2477.223728	262.890551
2486.235689	198.265866
2495.725700	355.340656
2547.857181	262.021099
2445.788883	431.698717
2447.573582	488.475012
2448.743785	424.279927
2451.380493	407.697762
2454.370390	473.961275
2461.710771	570.717567
2461.586462	407.348503
2461.907349	550.849238
2463.815624	438.510284
2469.084092	405.954403
2470.955627	416.318312
2471.592288	543.025676
2482.009287	493.704352
2488.132653	398.438770
2515.213440	471.378677
2518.446613	537.121900
2524.688926	553.059945
2526.927800	510.264694
2529.002863	401.482829
2539.661043	517.215091
2539.267434	538.333761
2542.728207	484.417896
2547.616927	458.729385
2551.431034	443.173285
2557.788562	560.848842
2553.600023	461.660333
2570.683386	405.472521
2583.275861	523.766346
2579.591711	469.774636
2590.072877	432.252677
2601.995644	576.149317
2608.250575	429.106438
2604.696732	532.283471
2610.628954	562.591894
2613.599687	550.407996
2448.388402	564.355041
2464.763871	425.854779
2463.619065	529.154594
2519.360941	439.390936
2519.813424	466.470450
2587.660479	486.591273
2603.784478	494.629380
2467.150780	495.149614
2484.541320	542.069124
2499.092352	490.297308
2566.644804	435.623757
2448.307695	456.108078
2455.285428	453.213777
2469.718161	471.216186
2496.711058	469.850243
2515.018812	433.782282
2570.013894	542.674352
2587.763571	563.067755
2608.362021	408.273372
2482.445445	579.890186
2565.225221	474.556564
2587.336664	557.645683
2596.917323	460.870635
2432.153728	737.483496
2435.223067	667.307767
2439.572292	754.689711
2440.438591	639.310441
2450.400871	725.757523
2450.096070	687.607617
2454.555576	711.918778
2469.400837	759.071684
2473.813218	776.279190
2480.819151	739.161836
2482.856155	653.215155
2484.433694	686.662378
2486.480395	709.251968
2488.488483	775.029080
2509.520414	776.718368
2506.319310	679.890797
2509.919142	759.234974
2515.204491	677.641800
2516.698328	638.547917
2527.248127	758.487840
2533.108672	626.582493
2544.004426	671.087286
2544.688352	650.524880
2546.993019	693.486349
2552.156070	701.489859
2552.371992	678.475924
2561.018069	643.001829
2567.231677	775.431258
2583.149223	656.516554
2581.248897	612.717196
2597.101428	603.022223
2603.054472	706.286545
2604.410673	671.586320
2601.887655	600.980262
2605.438067	601.061955
2612.425790	741.746611
2450.242550	623.147238
2473.882407	734.282551
2545.857364	605.484164
2563.427560	654.012897
2578.906914	730.541629
2585.081722	636.865819
2442.868782	643.126336
2526.046154	724.941957
2491.777970	664.278000
2491.814494	671.975226
2540.739881	737.841463
2599.870635	778.267972
2605.825697	777.152644
1018.633389	-979.777782
1018.820235	-932.735335
868.405729	-1005.033771
948.870227	-818.358701
1014.761359	-887.354329
868.898792	-806.004172
902.053791	-606.872988
941.277697	-614.324623
946.458951	-604.716714
1020.897525	-796.288943
1023.551013	-645.332573
882.986097	-802.935765
1019.151766	-433.760088
1020.478353	-467.573410
1017.714515	-548.588796
1011.479738	-493.977796
961.092362	-219.887533
1024.776253	-273.062179
830.395924	-209.817844
949.920263	-406.025500
850.252973	-208.362563
914.184485	-9.730422
1012.100834	-187.666242
1017.414933	-180.258987
1019.136366	-11.544781
1024.031904	-78.072713
1025.738110	-132.084897
968.469217	187.728654
982.089340	189.044862
977.470067	-3.272671
1020.574016	105.761476
1021.012899	143.853122
1018.518483	52.895132
830.505079	351.757040
851.268728	383.040706
908.333977	388.322243
958.256533	390.019936
1017.697923	211.648946
1023.951767	365.765756
823.917687	199.971938
984.575083	589.573852
999.295112	589.958874
1020.565632	515.924841
1019.877732	560.925087
1021.046241	759.890147
1025.281311	654.725191
1220.073234	651.204375
1224.888411	599.291618
1079.105238	781.302165
1028.867873	404.331283
1183.599681	390.357215
1223.556679	503.088729
1080.256342	187.680052
1115.388005	191.450237
1225.274970	253.223947
1215.669405	124.859531
1222.145331	42.132660
1227.873082	84.495758
1220.861097	-71.199993
1034.314314	-21.868162
1195.085453	-407.743696
1221.509543	-320.577834
1030.665766	-504.542322
1149.176521	-608.925743
1123.222739	-612.486975
1218.519281	-588.684463
1198.313992	-418.263822
1219.690189	-631.839626
1219.842588	-737.019685
1048.750775	-818.637645
1069.447047	-1006.939648
1229.279298	-974.409930
1222.228804	-900.324962
1377.758662	-810.948638
1297.137068	-607.353959
1354.921227	-607.277279
1417.169030	-682.008215
1231.624553	-424.886381
1329.781861	-411.349301
1290.227232	-216.275363
1330.647299	-213.280007
1351.390646	-208.970565
1416.052170	-210.021842
1419.147483	-296.439491
1226.674908	-335.262203
1234.277125	-214.416773
1363.044537	-203.370083
1405.379901	-8.621472
1417.143091	-62.212639
1417.474799	-152.580044
1424.132672	-148.742147
1229.845496	190.188192
1243.332811	183.692550
1247.865204	-4.431927
1308.109388	187.748181
1393.829457	0.484939
1419.833845	97.497525
1396.654917	388.590081
1424.981170	322.836893
1421.086143	561.494170
1424.144365	510.727487
1345.862882	588.371111
1438.503735	591.432358
1467.468334	595.273765
1593.163095	589.012209
1607.903181	587.755649
1622.015455	673.012796
1623.598607	734.337274
1628.233228	707.281776
1431.926412	692.124807
1451.728254	593.925505
1574.384681	389.649444
1474.682024	584.218736
1624.890621	509.322610
1624.457885	427.558523
1426.816619	374.420742
1496.806812	385.059120
1569.050022	191.895174
1620.227488	305.185031
1459.041216	-1.643081
1430.583381	-92.838422
1472.873484	-213.328425
1561.211006	-405.549986
1574.567592	-217.196258
1430.011445	-235.588231
1609.754153	-246.684495
1620.965965	-262.104459
1437.379755	-421.549447
1498.428890	-414.619514
1516.915389	-609.233979
1547.997899	-413.046873
1621.378331	-465.678838
1621.331624	-431.394342
1622.009897	-521.417861
1426.331390	-760.179990
1427.537700	-717.017733
1694.419462	-617.305769
1749.843814	-611.589119
1652.795048	-603.824487
1698.153093	-417.218019
1720.684310	-412.735228
1760.273378	-406.930978
1794.712575	-418.476625
1628.585842	-355.250446
1629.808327	-304.442754
1706.533605	-217.703122
1737.539998	-209.787276
1781.736857	-210.890221
1816.458958	-213.274768
1757.494274	-212.114878
1820.519308	-363.295973
1627.533175	-22.081765
1758.774142	-202.321888
1818.002169	-86.747184
1830.088781	-37.684958
1828.579280	-21.145696
1657.562747	-206.599896
1695.682687	-9.770969
1819.534678	-153.619572
1818.044042	-91.899072
1825.798685	-130.559031
1715.975190	-0.648717
1722.474098	196.046275
1819.037590	171.021973
1819.341844	151.103830
1820.605108	126.865938
1638.349248	191.858765
1763.459722	-0.477533
1821.037680	333.273677
1825.324549	356.234185
1752.053716	391.088511
1818.991126	307.939192
1821.698327	338.028631
1818.503275	459.249801
1822.273823	426.466527
1822.378915	525.747235
1827.621808	475.460337
1824.083340	579.539135
1825.402969	626.705707
1827.197697	678.238265
1853.665220	590.725639
1900.254865	588.451187
1969.178011	589.919729
2016.906229	755.108955
2024.599597	612.871437
2019.546512	606.973297
2018.731292	684.067854
2011.517372	523.208890
2019.348804	556.200342
2020.265931	445.065421
1897.437719	392.176882
2020.330905	534.247211
1986.272561	192.500091
1990.879545	198.954628
2016.819825	272.950220
2023.123864	272.558599
1888.683207	385.804270
1849.966276	-11.961080
1999.531749	-13.102325
2022.303947	-68.640342
1954.026096	-17.795199
1872.119298	-413.322299
2026.449932	-243.663380
2050.850418	-219.174872
2088.554782	-211.664808
2087.596193	-403.854784
2207.099453	-209.983491
2220.886274	-266.180739
2026.507973	-146.913647
2216.987587	-116.029187
2203.417294	-5.644486
2060.023621	192.612139
2079.250284	183.254449
2135.727890	191.297101
2211.907654	187.280698
2219.744712	29.947807
2223.378718	50.178784
2164.648840	189.485421
2223.213809	4.932345
2027.601591	315.734004
2070.041241	388.358729
2218.506461	299.204074
2223.302829	229.581284
2224.129529	326.559186
2035.965059	388.331080
2128.097205	583.150186
2198.123286	592.883663
2205.843619	589.396466
2223.510605	458.398196
2223.055833	424.295568
2175.390933	591.721062
2162.842524	588.470372
2029.909431	666.510941
2222.494225	734.137803
2088.676203	595.469706
2219.012001	662.857884
2028.807021	619.571127
2312.910088	587.897638
2348.887620	595.262823
2365.904872	590.970558
2394.492637	590.760548
2258.466277	392.141837
2417.726637	553.917416
2323.794051	395.741367
2285.490653	385.944052
2306.319044	190.259728
2415.673097	273.440396
2417.329439	360.550979
2422.255337	219.511796
2423.528787	241.485084
2339.723638	-11.829248
2227.909516	-40.980243
2364.901196	-206.264927
2387.612237	-19.734639
2392.678557	-217.476529
2413.177737	-68.236445
2246.117866	-403.581443
2258.831121	-212.819792
2318.341566	-408.125248
2321.225917	-215.303680
2372.524548	-406.110815
2425.513418	-371.914316
2417.227372	-469.773769
2422.068417	-501.014080
2414.375176	-466.405401
2382.113364	-620.981723
2425.528423	-516.736366
2463.501682	-420.035558
2488.615079	-408.556448
2615.173670	-605.680543
2472.362118	-213.279419
2616.148337	-257.982343
2429.008317	-156.594815
2429.534813	-13.843548
2513.401780	-10.346373
2532.385311	-17.722064
2577.492248	-201.763702
2605.166384	-10.403293
2488.656296	-8.233984
2588.536394	-3.839019
2554.283303	-3.202626
2429.037767	317.539511
2434.693757	385.229216
2458.408722	193.768160
2472.182467	398.512743
2551.463605	595.338540
2428.284648	687.516122
2581.902466	598.390611
2448.735610	781.717070
