608.254960	2710.880301
617.700201	2590.135815
622.820935	2703.443451
626.395015	2638.788611
627.772765	2742.098486
636.370684	2612.294703
636.869640	2640.999232
642.207406	2729.981788
655.006746	2608.477645
655.278932	2772.432861
655.675327	2687.772992
663.062741	2652.749972
670.296466	2667.143244
692.635977	2600.350238
693.587478	2660.698405
697.617272	2630.412211
697.167970	2749.684948
703.181115	2768.539179
710.822196	2611.839879
713.270919	2675.126088
711.822852	2596.325411
722.312361	2671.509598
724.896794	2624.314079
728.051420	2779.332644
740.137090	2704.449040
742.896735	2691.175495
750.821198	2670.470808
750.463671	2754.550922
756.730566	2591.229418
756.542084	2640.364092
756.773164	2685.810917
759.350111	2757.002996
767.735723	2745.900871
770.766349	2626.307973
774.297272	2610.303229
777.780192	2701.789451
776.465402	2664.832558
777.256960	2595.470695
610.849100	2805.009763
612.012152	2932.883120
619.751602	2884.646063
626.227235	2821.618546
618.452108	2953.783330
623.055914	2906.727118
629.116358	2855.296948
634.256942	2797.524648
646.903071	2834.063140
646.421130	2970.447973
654.350233	2839.418335
657.253841	2854.926410
665.842532	2805.460374
677.018114	2945.078362
678.313586	2849.350808
681.478099	2819.641833
687.822774	2870.771901
689.584209	2966.591422
691.466488	2809.338365
697.610729	2864.141008
697.276700	2915.589165
701.270057	2835.036519
709.366418	2873.755784
709.295697	2842.732714
715.761910	2956.143316
716.655682	2931.331917
717.578541	2971.231281
721.335024	2820.188276
723.532364	2806.481780
737.652519	2972.479771
736.939363	2802.995246
738.110009	2888.370735
742.714842	2960.236468
747.650155	2887.438052
750.991536	2873.823359
753.310961	2949.572338
755.422647	2904.564338
760.754304	2929.090204
759.557088	2824.752329
767.219927	2894.023845
783.237394	2804.440290
784.367488	2911.528173
785.567905	2874.345068
660.968414	2794.307590
670.326555	2795.941794
676.304153	2925.270714
708.023601	2806.126050
728.661439	2848.958745
754.551341	2793.775464
606.923496	3175.590516
607.459037	3083.309940
609.045696	3101.373595
623.136868	3134.060639
620.533687	3102.916951
626.216066	3029.060804
627.623909	3074.722879
628.037023	3162.360639
635.494334	3138.123730
631.830680	3055.089216
634.446333	3158.697515
636.044186	3012.603296
640.175699	3111.945899
639.680826	3041.420188
645.389592	3060.325186
647.864404	2999.166523
650.368417	3101.596059
649.276881	3119.657044
660.561968	3101.308448
662.259775	3095.660339
662.913144	3167.795396
664.315701	3062.646935
666.009847	3036.410642
669.834937	3076.117248
675.600865	3112.435160
685.200696	3040.818816
685.905605	3077.669774
687.754451	3104.930587
686.329641	3095.423457
692.653852	3175.255319
700.706551	3100.383141
708.913155	3043.866768
712.007357	3092.254034
714.795427	3069.725360
715.764516	3165.059742
723.718851	3025.303582
726.853583	3081.182052
726.358067	3048.171889
750.328114	3075.649886
749.294684	3038.264998
746.043738	3006.006073
753.026738	3084.397550
750.708515	3135.858812
767.141896	2993.671247
766.796921	3113.066186
769.445635	3017.003637
770.214505	3049.984356
775.209300	3158.245779
773.784262	3177.653469
779.998912	3029.836333
782.159347	3014.296333
784.807995	3086.368507
788.426391	3023.050812
788.381884	3150.092296
790.185110	3128.268552
793.098687	3170.400847
792.855989	3114.039525
603.793251	3019.639644
671.709771	3040.449673
723.333286	3119.384914
610.328573	3242.354492
616.277867	3258.395192
617.365060	3302.282791
617.902857	3364.319543
622.640549	3202.407374
625.417254	3196.337199
628.239851	3280.053102
633.252394	3336.558797
634.521270	3364.151791
639.588844	3197.550059
642.602876	3319.514080
642.788813	3214.686784
649.149807	3300.848827
651.422549	3265.795237
651.799367	3220.687462
652.378446	3240.691595
656.341663	3369.950240
657.240435	3275.974364
668.177595	3306.371380
669.441295	3332.388505
673.052768	3305.506152
677.289407	3230.193464
681.663042	3210.131816
678.440418	3267.867829
691.350243	3295.377358
690.403753	3342.580379
694.231014	3238.682742
698.235312	3244.151789
701.626101	3366.305821
703.815149	3291.601868
706.268991	3349.244954
709.134455	3261.372911
710.406108	3339.435509
717.926778	3236.089652
718.520369	3311.422966
720.440936	3259.397054
727.167681	3355.846976
727.768711	3225.799607
731.909010	3342.332228
737.425849	3353.762875
739.853505	3282.411570
744.310069	3236.695269
745.511133	3191.100893
744.453879	3197.972302
745.493169	3300.160538
747.076940	3327.529617
752.677135	3300.170650
754.224454	3360.900444
755.489470	3233.406737
763.973243	3329.671734
772.899907	3294.470543
778.447930	3207.015295
778.206281	3342.126978
780.452498	3199.664062
781.576490	3325.249553
789.867206	3213.093581
787.939977	3285.023305
786.954257	3256.290166
761.223115	3258.527084
613.485033	3217.201075
615.874270	3472.429499
621.123084	3442.885962
622.088089	3565.226643
625.939394	3431.573474
628.775044	3524.670396
649.243016	3463.135328
649.245394	3501.099600
652.063603	3568.895644
658.614419	3525.251910
663.525573	3544.358831
666.479111	3432.797057
676.146659	3435.752537
683.785492	3542.684858
684.746122	3459.927240
688.966661	3409.709410
693.043150	3431.996124
698.486151	3498.854088
698.707952	3463.408083
706.588273	3452.377384
713.176749	3405.459788
714.405271	3444.959367
714.777465	3536.544498
713.854528	3561.261798
719.855564	3411.201977
729.013783	3523.238866
726.598010	3544.013345
725.921108	3511.818643
732.165401	3404.773499
738.765095	3561.729213
742.060013	3521.476778
745.780073	3438.075260
747.339844	3456.036394
748.429614	3418.831164
759.930907	3401.528376
768.062432	3410.972670
769.128993	3472.274870
773.000715	3531.416623
778.811643	3394.866072
780.379965	3414.004171
782.238397	3447.355668
784.591501	3548.239959
623.455302	3403.267680
635.225579	3400.177026
723.447610	3531.121101
610.128325	3518.223879
613.722551	3528.593717
607.323149	3670.008291
617.102894	3727.502630
620.457503	3642.929659
618.609282	3717.459037
622.983709	3737.818393
626.542714	3756.478612
632.397433	3675.218363
640.421294	3735.584078
645.961417	3755.164240
646.647609	3600.016574
650.767058	3750.085289
654.086664	3771.167999
652.963059	3670.038687
654.890135	3710.305627
666.303421	3679.200005
667.551988	3666.094957
670.096380	3713.013716
672.152446	3604.337576
682.619210	3764.141546
685.802766	3674.856724
691.452440	3607.372596
707.131666	3749.038947
708.516493	3731.929726
713.268215	3765.759010
719.709794	3726.810120
725.932312	3758.678965
725.674564	3741.772259
732.756872	3725.545494
735.272666	3668.058569
746.772699	3698.254776
750.437330	3597.809068
752.804841	3641.305622
770.638876	3664.831597
778.321393	3687.616754
786.210654	3679.060246
787.731984	3749.109533
649.951646	3684.619321
627.393182	3763.199876
757.818979	3699.000502
627.349059	3601.660848
685.339947	3627.406503
767.249822	3610.851755
609.059191	3796.380496
610.412891	3922.934224
612.647959	3975.981519
614.105624	3961.848901
618.957322	3875.263116
620.251946	3895.356323
623.648352	3909.561731
628.612374	3838.006724
639.393429	3796.281198
639.300812	3880.984001
641.766438	3973.943904
645.744133	3901.362263
650.450327	3804.978491
652.808153	3886.915651
659.172778	3841.579042
660.018004	3933.354746
668.839123	3813.127639
677.217473	3842.385833
679.403591	3899.294601
680.844142	3948.961801
695.647972	3865.034434
695.721005	3881.545539
697.426034	3907.262434
700.883717	3960.658506
705.902373	3844.431477
708.677212	3933.619746
718.755846	3851.347158
720.031079	3962.401528
729.986740	3894.364722
741.591174	3859.551202
743.312313	3813.345069
746.645460	3941.091684
759.592503	3869.956261
762.501054	3896.087761
766.761651	3812.717083
766.357574	3929.758206
769.779576	3913.302323
774.879426	3937.634983
784.964193	3975.802569
787.517706	3854.456833
791.027693	3929.754589
678.269771	3855.998336
655.648333	3868.983777
766.172944	3825.663301
667.750985	3852.619846
711.229484	3898.438519
742.786341	3954.247892
766.660324	3937.246105
626.837270	4001.747405
634.982665	3999.313085
736.791785	4026.771560
714.563138	4013.489090
774.894918	3992.803917
781.819269	3999.457438
759.504366	4002.284481
695.401951	4085.707410
739.196138	4021.111234
663.454948	4370.219695
664.941971	4378.073387
711.014766	4246.469821
824.910535	4007.948011
844.640045	4009.144065
863.823387	4009.981774
868.418121	3998.746509
887.055698	4017.213307
917.579519	4006.536793
937.710304	4018.279031
956.054042	4018.922978
956.810966	4004.236415
992.792707	3998.643392
876.951187	4096.884715
916.930659	3999.249052
921.614440	3991.732520
818.964769	3999.694412
939.140383	4006.999202
959.199012	4153.394305
803.270975	3889.384841
806.902826	3830.555084
813.140505	3850.863916
824.828458	3971.261613
827.519935	3859.914136
831.436223	3863.550773
836.072896	3919.755419
838.885406	3972.207455
847.545353	3848.248725
853.119159	3823.954493
853.760747	3954.668344
860.063299	3842.057654
866.292647	3940.508667
873.576716	3812.832591
868.666673	3898.578549
876.942791	3807.372574
884.393416	3918.808031
886.067753	3854.115420
885.537016	3797.316737
893.528802	3902.566416
894.785488	3848.776677
898.552678	3944.615204
903.919447	3967.754620
906.032389	3876.524572
906.432938	3791.315071
911.008494	3799.852485
912.858523	3896.434143
917.974827	3841.199668
921.355225	3890.503939
928.236041	3825.455445
932.552996	3851.947851
934.855355	3828.926275
936.708069	3821.393737
938.510987	3866.952205
944.619578	3926.703625
947.873980	3846.586453
951.728494	3919.954943
956.957443	3902.952808
950.291576	3878.330430
958.307075	3928.556794
959.220349	3967.495012
971.149442	3813.077219
975.156210	3846.864765
975.988422	3821.644960
978.076491	3922.675949
987.544737	3855.720313
990.413459	3860.180737
991.642558	3899.109543
841.405537	3824.463158
908.852330	3920.453741
880.101733	3950.774634
807.513968	3625.761013
809.849415	3599.703788
809.276054	3743.447596
823.831443	3752.473632
834.740072	3737.230619
846.936896	3710.711989
846.339924	3770.227197
853.165114	3719.013160
856.734851	3644.900556
858.553453	3592.355213
859.465375	3716.027752
860.056800	3669.057557
881.118082	3668.858436
878.211488	3675.816143
886.453636	3637.745949
891.017742	3768.592107
893.747552	3696.404975
893.690387	3664.357350
894.182355	3608.212250
896.527714	3743.884581
901.827708	3683.437646
909.048958	3764.687041
911.502454	3684.510747
911.601528	3774.976219
918.123464	3597.785744
917.401252	3625.142481
915.511048	3639.492661
922.776696	3613.878006
926.662309	3592.107110
929.369628	3764.412474
936.200149	3634.380251
942.243341	3698.549415
942.115257	3640.062765
947.503994	3594.692596
949.565162	3620.897129
948.961200	3728.563253
951.178600	3667.029292
954.267728	3711.198119
958.005108	3759.364246
957.590180	3631.812333
956.397574	3639.102382
964.763065	3656.919434
967.674995	3674.653666
974.328684	3767.454382
988.842282	3609.963265
988.744496	3622.876868
898.341389	3688.473932
852.649838	3732.643245
859.504241	3757.164081
904.927690	3724.394181
811.752992	3533.269542
814.004834	3460.860316
814.729410	3525.111915
818.044296	3547.798182
817.938713	3518.921738
816.206209	3424.783407
826.619656	3464.360689
826.645316	3502.411287
825.140260	3556.239689
830.342164	3523.072981
832.185590	3405.395340
848.366878	3548.347473
848.752891	3427.937576
847.702630	3498.783696
849.729612	3464.155518
853.588266	3402.939033
860.688012	3476.499391
868.699403	3395.108430
868.664650	3433.027454
868.664258	3509.816764
869.404373	3539.050571
869.637838	3575.874333
873.335591	3566.326894
876.967968	3466.641408
879.649121	3418.341542
886.528748	3440.167372
886.120799	3539.871732
896.092376	3446.673027
900.367498	3568.314726
897.200563	3479.130784
905.637231	3407.761546
910.932937	3451.338271
910.330632	3477.919461
920.206363	3485.234336
917.812006	3417.946293
939.919754	3549.654355
939.003057	3573.519755
944.904224	3426.254475
946.916117	3540.375760
948.598272	3476.124927
949.435495	3556.056326
963.941875	3429.365715
975.877293	3482.925461
980.501152	3505.331530
986.655390	3441.570418
991.030052	3568.995413
811.401451	3517.044265
907.519479	3430.723438
950.668477	3529.850106
973.396786	3543.355693
838.004639	3480.109721
891.703185	3516.211828
808.113349	3201.718633
812.817656	3246.499389
821.076650	3317.451085
815.856083	3288.774241
818.423833	3337.604020
822.097755	3223.366561
823.791029	3287.485900
827.215423	3281.139610
828.056298	3375.159968
829.558297	3296.295750
845.865753	3256.713376
848.307288	3311.502852
854.053568	3338.985032
853.545998	3373.728936
853.657005	3208.669058
859.225280	3263.918492
866.611211	3294.631174
869.636195	3275.407925
870.180333	3232.793150
873.693860	3340.275003
878.282244	3213.388092
881.098383	3196.594638
886.719175	3248.164395
891.475104	3269.006394
891.196774	3260.419558
897.811228	3328.748404
900.911473	3322.336015
900.891021	3367.111110
905.936521	3204.036088
905.138133	3304.078617
907.189621	3227.515335
911.606699	3318.904763
911.596467	3373.543469
914.952958	3255.521133
921.960868	3299.265293
927.999424	3201.445924
934.993164	3216.666480
935.299404	3270.301593
937.629645	3197.968991
939.283307	3247.395084
941.260476	3318.819075
952.239813	3198.993899
951.455025	3239.293957
954.007562	3356.518835
960.410967	3276.313499
966.119921	3230.148365
968.246559	3281.659828
969.733615	3205.313180
977.970400	3243.137225
974.808336	3337.932083
977.567774	3288.877483
977.400012	3366.852894
984.352421	3343.486237
991.884137	3342.751758
993.993341	3227.400188
852.277852	3297.893728
903.309569	3272.309700
903.611926	3358.567479
905.517689	3352.280851
957.475594	3250.496874
983.272726	3221.390756
944.864609	3202.332857
954.384452	3335.292905
931.696741	3279.133397
877.038169	3304.509991
948.827988	3272.181624
946.984733	3280.651665
804.220446	3021.455631
806.901016	3151.579141
809.712678	2999.263770
818.644881	3114.914291
820.505933	2990.801061
819.440157	3145.639826
828.703597	3110.104839
828.967644	3045.623575
831.437620	3169.878624
840.371696	3154.352815
841.784832	3003.048702
843.117703	3144.093101
845.287933	3093.112992
851.102819	3178.443288
852.217341	2997.010924
849.563789	3083.523895
849.662271	3151.270986
851.607237	3061.022353
854.918182	3067.134483
857.217250	3010.152383
863.759799	2992.486771
861.867852	3086.804408
862.635560	3157.932924
866.854487	3024.548530
872.294632	3068.502549
873.267008	3136.724338
873.773828	3128.491484
877.026447	3075.193927
883.696063	3156.485609
886.165188	2995.857215
892.391493	3006.102816
895.235353	3021.641662
904.790422	3049.106422
904.111899	3176.798967
909.161974	3110.131526
915.396650	3125.135836
925.302302	3060.800820
922.196910	3025.806127
936.747149	3041.551920
947.971746	3061.729586
947.263479	3104.069966
951.855406	3170.838158
953.639884	3113.134634
955.368366	3023.624018
955.140740	3082.522391
954.538261	3143.309483
964.227979	3045.145221
966.951038	3010.116242
967.570230	3083.269566
971.182358	3140.006177
975.823367	3175.433691
976.448644	3156.766132
983.809409	3166.502220
983.030632	3038.703244
984.286773	3138.279298
986.399715	3028.825618
988.939658	3067.374612
984.545820	3101.097979
989.113980	3011.598572
992.897603	3092.025050
820.093320	3068.232551
826.623568	3011.401001
948.008677	3033.694004
835.386264	3068.513360
843.273001	2995.661976
808.512586	2809.236779
810.308902	2822.514872
810.997717	2848.022115
811.731022	2889.207683
814.893970	2866.165889
820.455924	2893.191409
824.057291	2930.038838
829.488959	2842.005802
840.598877	2865.586862
845.417807	2818.228185
843.069741	2936.700798
849.950050	2882.793873
857.061742	2896.000022
859.114848	2920.436097
870.248276	2929.664878
880.769172	2977.518247
887.042164	2859.214396
888.289587	2944.780144
885.900525	2914.769395
888.276136	2905.235466
904.238381	2815.853868
905.409501	2877.581224
908.629882	2973.719299
910.245409	2947.091324
910.921756	2937.116769
918.487370	2908.431225
919.289039	2844.515884
922.815194	2930.752748
927.629014	2872.141798
929.626209	2858.729712
928.790729	2954.159300
939.489327	2838.080574
941.187377	2945.803830
944.691833	2822.093148
948.260340	2977.181483
950.501382	2963.648787
946.368929	2904.061834
950.687232	2849.839586
956.675750	2951.300537
960.356302	2831.934139
965.480786	2862.148275
975.475511	2851.422262
977.145925	2898.775845
983.854538	2870.352370
983.463436	2895.159046
984.622516	2951.949327
880.054925	2945.690224
804.013951	2704.528492
809.155560	2599.125022
811.738787	2652.160095
826.708682	2751.384517
827.331638	2761.774203
837.699638	2728.051756
843.692257	2688.296762
846.838885	2753.851007
851.481252	2691.976396
855.137375	2627.310405
859.866480	2672.465667
859.559372	2616.240687
867.781309	2736.750885
875.404590	2609.595794
877.322250	2622.592705
878.283653	2592.566202
880.650826	2768.133432
884.370947	2749.061330
887.199246	2607.935314
905.807873	2601.978296
910.274370	2767.160857
912.076242	2616.200243
921.320228	2618.341568
924.969685	2692.771462
925.092032	2605.680380
925.206068	2709.126857
935.535342	2617.815042
940.651841	2777.858060
943.638149	2770.110381
948.421036	2626.818333
951.469005	2744.406042
949.992015	2722.727882
962.356387	2767.183055
967.757784	2692.601197
971.680676	2717.705472
972.194249	2658.140476
982.033595	2619.012462
982.439617	2742.824459
989.451182	2631.056780
992.898286	2668.941716
991.526690	2653.947643
839.079323	2649.218448
848.606149	2649.394538
892.240313	2634.131109
942.275915	2636.739175
884.001147	2770.797398
830.545128	2707.820280
876.161743	2598.188688
927.892991	2771.162647
1007.710688	2624.492288
1013.337847	2596.377935
1019.110028	2626.215443
1015.447635	2772.642361
1021.167873	2615.708450
1028.798448	2723.147512
1029.231807	2611.732112
1036.232616	2617.112925
1037.447693	2697.840696
1041.467307	2595.855436
1046.266859	2721.989779
1045.343372	2644.447185
1051.766086	2612.733365
1051.746161	2708.122067
1062.323641	2638.541978
1066.978976	2693.076478
1067.468092	2739.257109
1067.779472	2719.301345
1070.971159	2775.026871
1071.658783	2609.754527
1072.892110	2665.897622
1074.674038	2691.027824
1078.330686	2651.827264
1086.635667	2688.250896
1085.908468	2777.088373
1086.676138	2746.743336
1097.790156	2729.624861
1097.047035	2700.985638
1097.136487	2612.535411
1100.237733	2739.834966
1099.576045	2683.917183
1100.812932	2639.355670
1110.365309	2593.631936
1114.770992	2691.837329
1115.691173	2765.257823
1119.566983	2649.256550
1126.835889	2757.792438
1129.293261	2678.892025
1135.584743	2676.663615
1133.680515	2734.931854
1140.732978	2704.952200
1138.536734	2663.208069
1138.651458	2598.023950
1146.755267	2770.104063
1148.215616	2777.759126
1148.410834	2623.285892
1148.463999	2611.001239
1150.508276	2593.052793
1147.055941	2650.636726
1156.128213	2765.385100
1158.907178	2693.910910
1161.274209	2674.690423
1162.429366	2734.436004
1168.969808	2601.657909
1168.281063	2750.104403
1169.909423	2633.761784
1167.603559	2770.106710
1173.339110	2613.111622
1173.845930	2719.837361
1177.511051	2705.971817
1181.996501	2677.681249
1064.481319	2761.251877
1135.429291	2631.333951
1144.300788	2684.066777
1194.869163	2763.785959
1134.378479	2613.886043
1071.677114	2601.320677
1006.164104	2857.537423
1013.179070	2899.833510
1013.833909	2942.890223
1016.700872	2819.141120
1017.512174	2952.896920
1030.637931	2958.822141
1032.618854	2856.897771
1031.276947	2799.990598
1035.417282	2824.035578
1043.484205	2865.410711
1049.094371	2959.277073
1047.847693	2795.660808
1049.542298	2925.105169
1054.578204	2883.940555
1059.678068	2940.183409
1060.463329	2889.295186
1065.643955	2847.111880
1071.754865	2974.648433
1076.799050	2872.551604
1078.818328	2859.666533
1078.699154	2890.453638
1082.521979	2812.645832
1082.864729	2922.700815
1083.975332	2790.365818
1085.549834	2958.104559
1086.328271	2858.077823
1091.159428	2917.718597
1097.362495	2883.939711
1099.264514	2800.715499
1103.784686	2859.153188
1105.881043	2815.745836
1105.998016	2846.720877
1106.575108	2891.307239
1113.373701	2797.538631
1116.590933	2908.011411
1121.022788	2839.716039
1122.004577	2856.940746
1119.725468	2972.425258
1136.808926	2975.187691
1138.654544	2960.180704
1137.788555	2821.933725
1138.447610	2920.234243
1140.717169	2910.433635
1143.993081	2831.198537
1142.856128	2804.679631
1145.749479	2844.252219
1152.783342	2939.614688
1159.436139	2861.048306
1161.410962	2821.987115
1161.285825	2883.437508
1164.523359	2807.599249
1167.098433	2893.895850
1168.802291	2911.233158
1169.686001	2940.343279
1175.354499	2964.796575
1183.916293	2867.096078
1183.608493	2833.710495
1187.358212	2965.139124
1008.986410	2964.343717
1016.625260	2842.034898
1034.152179	2971.181090
1110.874116	2943.898723
1136.888511	2926.457173
1175.626234	2801.483584
1185.186903	2872.245606
1154.724275	2923.580215
1171.864679	2877.472854
1178.816025	2891.152582
1090.250736	2904.594928
1096.721284	2916.498749
1010.673038	3104.084018
1011.210470	3008.145067
1011.156090	3156.315616
1012.249096	3059.832474
1019.024447	3138.057841
1023.581785	3030.924519
1025.149495	3146.191933
1024.076283	3168.756186
1029.038203	3026.261680
1037.487444	3089.567187
1039.707193	3107.101561
1041.510100	3115.649077
1042.173675	3078.136097
1042.979007	3096.134835
1043.907610	3149.517293
1045.829057	3141.929534
1047.163181	2999.039639
1043.333755	3038.132280
1070.275654	3147.012182
1065.237902	3176.038829
1065.159155	3014.162363
1069.983999	3080.484645
1073.573295	3092.832362
1072.040419	3053.698934
1076.299643	3032.394573
1081.645010	3110.887768
1085.291524	3027.461136
1083.948378	3080.835050
1088.899715	3146.869199
1097.173376	3144.288379
1098.099612	3108.686072
1102.790943	3166.763635
1108.246776	3040.366596
1108.546261	3082.971377
1111.638258	3104.382941
1113.230525	3065.535514
1120.328126	3136.294647
1123.199691	3085.083724
1127.866130	2996.835265
1136.642692	3105.594981
1138.626046	3046.284869
1139.696637	3161.446918
1144.363260	3133.597115
1147.985010	3027.826694
1148.542155	3078.189743
1148.689827	3157.897206
1153.386701	3135.470339
1152.610204	3054.874200
1160.020787	3133.512464
1159.635829	3050.277712
1161.996085	3109.404684
1166.610929	3148.321837
1166.472451	2990.525555
1167.190136	3086.813305
1178.368331	3001.472946
1191.561151	3083.794949
1102.581415	3150.266069
1188.700522	3067.910797
1039.064261	2991.455870
1007.959335	3279.939543
1011.956517	3223.225340
1014.512689	3210.311773
1017.387518	3356.795280
1019.759668	3299.421289
1025.650352	3288.723637
1028.139106	3307.421989
1032.869689	3261.270619
1035.906464	3362.575869
1038.410332	3331.838698
1042.680219	3219.402012
1042.201453	3247.655437
1048.697368	3367.481152
1049.782354	3226.874694
1056.476878	3256.384488
1064.417640	3325.812831
1065.171609	3206.194293
1064.698343	3301.949480
1072.213350	3352.909071
1074.513655	3194.145527
1075.576042	3283.821728
1078.916526	3335.210935
1084.097384	3309.680048
1089.113238	3201.507296
1088.536724	3279.797507
1089.068318	3255.376860
1088.567990	3360.032357
1090.322249	3349.428036
1093.443572	3211.449785
1092.435937	3192.034472
1098.389231	3298.311656
1097.205092	3288.429953
1099.889230	3327.072722
1101.436013	3258.027801
1104.016755	3342.170663
1108.566953	3365.031828
1112.390139	3285.590901
1114.256652	3205.050334
1119.150790	3305.678482
1117.678044	3220.824092
1122.144429	3346.141616
1123.304396	3204.684668
1127.045055	3322.797542
1127.386392	3256.546173
1124.854626	3262.242870
1128.163188	3233.070513
1132.015345	3287.422835
1134.969391	3329.223215
1143.538472	3260.310879
1142.136679	3366.013241
1143.380194	3292.887219
1143.311763	3328.856017
1145.153211	3280.975464
1151.956058	3199.050705
1150.731473	3251.270549
1154.978431	3365.545497
1156.653702	3351.448952
1158.338583	3265.041322
1165.364351	3331.143303
1172.461893	3248.998429
1172.983690	3339.220313
1176.519437	3231.415517
1176.199688	3372.184488
1178.152539	3206.879285
1178.821397	3325.783536
1179.800529	3353.419588
1186.729102	3295.358946
1192.426308	3373.262591
1192.414883	3259.383832
1192.990926	3331.560828
1057.311738	3194.735913
1033.066305	3241.916399
1009.417861	3517.972016
1012.805347	3569.949785
1014.678209	3549.273401
1022.043250	3437.838292
1023.799349	3518.846160
1024.162171	3567.819114
1024.428141	3404.883581
1028.043076	3524.661690
1028.285014	3441.383914
1039.968287	3560.335611
1042.461628	3507.098576
1046.436541	3433.113673
1056.568021	3408.279141
1057.561465	3494.220352
1069.407015	3419.429678
1072.258173	3483.352784
1081.975769	3500.715171
1083.335403	3432.975175
1099.026038	3449.918188
1093.270538	3399.925067
1099.880162	3426.663144
1099.643053	3509.770914
1104.562197	3390.503459
1104.642736	3395.716767
1107.947446	3572.185726
1112.822858	3487.127665
1126.544048	3389.141242
1121.664828	3543.978122
1129.181968	3431.996718
1130.882825	3404.510858
1141.141318	3577.516030
1141.747075	3435.856076
1142.532681	3466.094690
1156.777921	3411.662718
1157.974538	3421.123050
1157.835822	3558.116191
1162.075430	3436.176005
1165.138353	3499.129768
1166.783095	3468.499817
1169.608316	3521.469469
1170.249449	3486.855213
1183.937383	3400.051768
1186.026860	3393.481634
1192.376686	3398.823055
1009.126449	3463.535582
1016.866170	3460.901133
1075.464461	3572.384470
1140.640754	3488.606435
1026.159323	3558.289583
1078.240341	3544.382600
1184.222256	3421.435720
1050.035144	3456.381251
1172.121115	3456.214583
1009.310106	3590.364209
1010.652410	3725.619804
1017.124176	3735.193241
1028.549561	3597.347314
1025.222690	3629.308977
1027.099000	3676.092312
1035.300165	3632.133879
1038.163297	3746.478916
1040.777899	3760.998864
1051.377670	3628.879295
1051.383569	3666.987582
1059.420266	3645.516773
1062.643464	3625.287842
1064.248407	3682.567453
1064.890436	3652.849234
1072.215522	3665.964126
1071.041818	3593.029140
1073.260693	3690.804356
1086.079797	3721.069407
1086.303452	3701.521944
1087.748994	3616.872218
1095.873205	3698.508058
1098.187140	3776.506546
1099.534356	3647.257321
1111.966308	3663.598073
1118.454732	3676.329448
1119.230375	3602.483856
1122.633810	3741.924242
1133.282274	3643.773763
1132.659813	3652.635377
1134.968718	3594.679245
1138.014574	3766.985821
1136.507150	3681.570121
1139.877603	3693.234073
1145.028911	3658.982728
1146.571475	3716.611468
1147.501048	3609.303987
1158.570398	3741.254692
1165.423240	3597.129927
1168.204890	3724.594423
1169.447663	3658.470429
1172.278605	3618.665234
1175.071516	3715.386642
1178.196464	3658.009048
1179.727436	3678.907324
1183.898206	3775.605153
1186.046843	3757.522594
1056.821784	3635.988221
1106.525461	3731.873654
1124.806118	3751.813157
1125.581383	3747.451985
1166.579708	3714.054987
1170.182414	3718.775961
1012.589490	3627.637071
1116.362966	3589.728273
1143.495254	3704.867103
1007.835264	3804.622814
1012.133615	3860.369680
1012.862955	3852.499648
1016.561876	3934.882431
1029.069957	3825.201869
1028.936989	3803.453792
1031.210496	3877.235800
1031.775953	3951.060618
1032.215621	3891.679913
1033.023955	3941.788291
1052.128706	3885.945311
1053.361748	3966.427607
1057.189243	3796.081029
1063.929109	3881.022537
1069.489627	3897.638519
1071.300992	3935.027734
1074.818659	3854.302730
1083.879550	3931.463751
1083.128301	3936.991658
1086.323291	3808.927794
1087.906050	3801.724308
1093.476659	3820.403802
1105.056235	3971.990777
1110.419960	3837.580691
1113.007590	3925.337483
1122.331859	3943.972987
1123.231806	3804.614043
1137.386311	3954.515897
1143.687365	3899.683857
1156.064492	3962.632841
1166.039660	3917.571631
1183.994899	3952.937759
1187.972490	3965.424650
1188.757692	3828.370135
1192.696463	3835.465529
1187.613301	3925.116253
1161.470120	3915.745243
1029.993799	3876.180831
1068.078116	3969.195893
1067.694659	3921.139084
1086.406737	3829.086673
1087.251041	3894.104141
1022.528475	4023.683911
1083.803359	4021.951824
1094.491133	4015.473356
1114.595992	4027.483058
1132.425023	3994.023055
1135.861919	4017.179151
1138.911157	4025.341738
1154.641832	4003.742914
1171.303514	4014.061362
1162.030360	4003.569471
1165.838619	4001.335024
1118.691302	4006.137277
1014.872980	4016.811890
1276.864150	4011.494726
1280.641649	3995.165149
1304.910229	4027.122224
1328.122691	4040.495739
1343.788256	4007.279795
1345.786623	4057.466512
1381.124876	4003.666720
1346.128790	4035.490331
1292.015930	3991.665245
1300.757268	4028.408338
1335.105168	4038.199308
1367.611006	4033.269790
1225.346205	3826.626334
1230.374796	3941.143062
1238.528701	3911.738232
1238.817111	3975.562132
1254.144829	3978.555652
1254.719178	3792.690092
1254.710780	3821.114482
1256.868190	3964.546494
1265.075221	3808.495884
1274.163943	3956.004877
1279.713644	3846.880024
1288.893569	3844.637767
1288.409782	3795.411147
1290.344895	3887.992485
1299.516109	3952.976959
1308.823065	3837.682844
1309.454099	3908.627190
1314.703078	3849.392041
1313.037012	3801.156905
1313.433104	3939.350852
1315.468222	3972.024708
1316.938414	3907.659672
1319.851998	3804.603123
1321.547463	3910.564254
1336.069903	3891.781485
1343.622383	3850.012768
1355.652143	3944.799984
1380.008079	3883.891503
1392.701078	3902.244678
1216.632795	3977.134915
1248.622462	3931.874299
1319.680498	3954.742775
1344.099522	3970.441582
1354.001505	3845.386779
1216.817993	3968.279567
1322.234046	3944.890270
1335.490544	3915.627257
1347.990858	3906.881600
1209.130894	3761.415534
1216.433651	3766.503314
1220.606969	3614.543965
1227.339796	3754.852521
1227.279705	3657.910408
1229.859592	3707.492840
1239.092958	3653.706055
1241.504136	3773.930178
1249.205929	3641.400711
1264.097754	3629.331946
1262.552497	3744.732321
1269.916760	3670.738575
1270.880368	3714.368114
1271.859680	3772.851559
1276.853358	3665.919302
1283.995105	3685.360407
1288.691211	3733.827795
1295.017252	3680.692456
1299.488765	3699.554218
1307.881082	3739.993898
1310.014967	3711.500947
1317.218044	3764.816575
1320.112149	3697.821914
1326.570520	3663.308964
1336.479178	3686.482942
1339.856880	3710.213403
1353.976879	3755.731617
1364.506428	3698.709693
1367.920334	3650.222492
1375.706933	3665.451013
1377.693336	3657.038331
1376.633140	3626.745492
1379.619825	3766.024507
1382.727325	3636.603676
1383.374048	3601.304263
1382.405432	3743.981000
1386.955298	3631.897704
1389.057209	3775.798242
1363.105546	3685.246372
1339.942660	3767.710775
1351.408233	3620.813368
1380.154832	3731.905834
1387.040403	3732.329338
1209.371410	3543.911390
1212.183348	3469.133299
1216.233407	3433.859566
1221.644828	3575.176983
1229.130410	3473.115653
1230.988661	3460.445334
1233.558354	3394.893837
1236.999064	3562.387191
1246.961300	3498.174606
1247.787806	3484.213134
1258.063956	3452.347541
1257.148713	3406.490735
1264.676615	3399.625680
1265.328465	3422.006544
1268.202417	3513.108304
1273.890390	3553.581988
1275.980883	3461.939741
1276.622983	3534.542009
1279.736296	3395.761696
1280.037693	3434.152922
1284.761856	3509.370028
1288.687530	3475.049008
1291.719830	3416.922782
1291.807409	3501.114991
1299.284886	3442.221424
1308.329279	3556.973517
1311.315548	3421.970189
1316.316943	3522.627617
1317.658969	3461.161966
1317.751735	3468.227030
1332.873610	3529.679070
1333.566594	3451.792457
1336.956702	3388.952096
1351.666283	3424.224834
1352.566368	3401.649996
1356.227002	3408.439702
1360.630432	3436.148069
1361.896304	3489.436976
1357.715043	3546.019654
1373.362108	3552.304004
1371.164680	3511.768509
1376.321690	3528.674308
1382.312843	3429.198728
1384.078548	3530.837545
1314.086996	3493.126625
1382.680010	3453.810877
1370.232634	3575.497665
1214.022778	3203.931517
1221.890455	3371.079510
1224.943753	3276.009671
1227.960856	3212.310395
1228.779384	3322.072673
1230.419981	3348.344455
1229.523472	3258.773929
1243.329792	3207.203150
1245.083654	3373.316167
1245.361167	3365.624056
1246.737173	3308.616914
1250.265236	3195.739903
1252.964853	3247.874342
1258.813813	3249.594274
1262.196062	3274.036893
1265.497994	3306.906329
1267.280463	3294.151115
1266.955649	3286.235002
1288.163864	3280.249100
1293.200642	3306.230963
1294.916045	3323.008014
1298.521968	3196.529586
1303.072082	3293.132762
1301.331596	3221.929110
1301.313465	3367.219370
1302.943963	3248.180680
1302.826589	3318.834077
1305.126062	3238.738508
1312.118610	3204.653061
1311.944823	3282.993265
1315.236386	3340.273666
1321.636423	3263.260010
1319.818723	3353.801238
1323.915894	3237.493454
1326.630740	3359.036526
1330.896337	3209.264787
1332.114152	3325.022901
1334.009238	3214.098490
1336.242223	3194.900745
1339.234273	3372.828343
1343.195095	3207.600742
1345.344684	3234.178273
1347.257382	3188.345221
1347.827955	3292.408268
1350.963525	3309.133051
1350.892706	3376.016811
1352.720957	3223.975852
1352.932912	3261.835420
1355.562589	3274.934346
1358.291627	3373.257305
1360.824542	3332.185979
1363.122982	3238.295539
1363.155076	3307.046931
1366.895675	3221.829544
1370.360116	3347.240476
1374.448276	3196.383699
1380.746026	3359.176891
1379.705072	3321.356412
1386.055939	3216.095117
1388.184337	3358.036933
1202.797670	3288.622333
1275.954686	3250.834485
1319.386790	3315.599904
1333.063954	3264.161320
1351.555583	3340.213331
1284.531117	3267.765677
1356.329373	3366.831150
1371.078968	3263.302525
1213.371517	3161.064973
1211.469181	3002.133338
1215.337245	3171.137236
1222.172929	3072.626770
1225.814921	3151.648492
1229.162002	3112.187227
1231.671944	3038.761299
1232.114554	3138.486164
1243.727332	3108.145478
1247.848700	3043.102135
1248.357031	3138.068128
1251.768038	3072.048274
1252.994371	3174.843114
1255.636932	3009.807244
1265.424344	3016.869138
1266.140970	3074.373517
1268.011417	3158.139971
1269.059970	3000.206046
1270.265745	3039.254065
1272.948778	3122.825085
1275.771972	3140.720010
1277.012692	3094.773616
1281.526288	3080.505351
1285.784237	3004.578359
1289.111696	3077.429117
1291.240771	3060.092467
1290.553491	3031.475984
1289.863527	3169.329426
1292.717642	3156.594069
1293.102005	3124.047547
1293.689730	3144.000855
1296.443921	3088.517341
1295.670659	3010.694084
1297.686625	3053.529667
1304.088565	3083.224784
1309.246953	2998.977971
1313.383458	3123.625608
1314.158381	3063.261819
1319.153192	3177.541594
1317.484264	3055.727897
1318.590133	3105.792162
1323.009659	3075.668147
1328.681935	3082.294466
1332.513708	3039.075513
1335.006304	3060.656111
1336.290255	3104.721235
1336.455906	3024.215697
1337.973311	3140.363948
1342.387188	3043.580933
1341.437862	3152.066941
1348.267517	3086.287575
1352.348578	3132.378295
1351.761521	3008.831085
1362.232691	3092.532120
1361.019826	2990.357449
1366.894943	3032.716603
1373.567463	3163.510429
1377.951302	3052.994876
1379.571210	3120.978803
1381.357166	3023.496210
1381.462966	3085.694733
1391.473958	3153.782514
1235.023796	3022.533111
1282.334409	3055.306394
1315.463865	3023.155440
1377.171818	3153.819709
1383.029682	3043.402768
1207.693010	2934.363916
1210.296504	2808.183474
1222.726554	2970.093255
1224.914390	2873.318093
1232.584805	2843.603188
1231.754856	2895.864015
1235.215650	2822.836287
1247.621110	2862.048783
1250.698831	2943.766168
1255.898299	2910.381809
1254.060741	2971.519924
1258.904184	2812.538951
1258.386880	2864.712854
1262.236008	2831.996773
1266.741035	2804.198811
1268.267242	2794.760261
1267.648942	2922.953007
1269.627761	2944.231174
1271.711047	2909.509608
1271.935249	2873.534574
1272.255759	2959.084124
1283.213616	2921.727826
1287.351222	2880.182727
1291.021187	2813.142655
1295.649318	2859.137646
1296.579022	2880.507448
1301.366022	2914.157567
1301.106879	2953.097891
1303.191199	2894.686839
1308.468018	2959.684898
1311.281193	2862.244183
1317.265864	2792.724514
1314.198103	2878.601744
1319.384013	2930.075482
1322.664364	2812.291614
1332.874380	2795.981609
1334.569336	2864.640302
1335.855507	2831.299959
1334.555213	2966.975298
1337.162373	2941.852802
1338.150426	2900.694550
1344.057128	2836.533565
1344.706090	2926.264179
1346.343815	2854.507768
1350.922413	2958.262613
1352.545659	2879.683263
1351.951477	2897.748386
1358.380554	2874.450275
1359.179942	2967.294183
1360.377804	2858.265405
1360.191957	2907.110925
1362.906683	2811.778854
1365.778431	2891.748327
1369.319076	2868.829312
1369.987480	2823.224775
1371.083879	2909.136427
1375.811981	2875.249159
1374.818519	2836.082936
1374.559067	2947.065609
1378.273299	2893.244612
1386.571248	2944.903677
1385.207026	2871.214896
1389.665605	2905.456815
1388.771401	2820.686514
1388.537174	2900.345750
1390.021219	2879.463433
1390.758588	2933.937824
1214.881813	2856.317807
1287.843052	2974.329641
1302.339177	2832.900390
1363.068616	2804.194600
1265.277452	2951.926012
1204.824492	2722.636655
1218.358708	2735.881593
1219.041271	2714.818721
1224.674074	2649.992319
1227.126244	2717.213920
1232.269933	2630.976005
1235.632620	2595.354071
1236.260761	2694.099215
1241.164628	2601.795981
1241.332204	2655.516335
1245.737189	2728.361513
1250.823719	2775.590710
1248.087370	2712.066886
1253.162852	2622.786427
1258.605917	2636.478821
1262.751237	2663.895960
1264.767336	2724.100487
1266.166507	2709.131905
1270.703368	2690.798494
1273.625644	2730.710617
1274.448321	2613.566719
1277.678104	2678.584337
1279.606879	2700.697157
1286.221672	2735.023411
1289.822957	2766.421383
1292.041317	2646.869730
1296.297442	2735.849718
1298.902101	2716.793057
1307.815352	2771.502368
1308.670162	2686.584882
1309.026550	2747.397226
1313.046186	2670.073928
1316.278601	2637.394900
1316.156408	2700.693449
1321.980862	2756.198078
1320.711148	2718.893314
1321.261841	2741.345405
1324.771754	2770.106749
1333.063525	2721.117584
1333.889656	2644.136737
1335.985516	2604.092076
1337.618635	2648.839265
1337.568282	2701.203960
1339.185372	2742.437004
1344.960635	2762.081040
1342.584251	2679.212084
1349.545831	2753.556571
1342.743405	2639.116593
1345.133805	2723.289849
1360.830741	2628.509406
1360.931193	2597.486571
1364.711043	2732.507281
1368.795018	2755.053754
1368.272947	2705.250121
1369.559876	2651.992714
1379.296092	2726.917390
1374.234180	2701.565073
1381.665903	2683.143871
1375.772351	2601.142108
1378.321833	2613.377396
1380.407057	2665.048057
1382.387878	2596.468140
1381.070252	2653.036433
1390.232249	2678.261687
1389.833918	2705.032891
1392.909744	2631.159689
1205.430498	2609.701661
1232.353638	2754.014488
1233.430851	2760.594007
1284.699060	2624.702279
1296.398154	2616.721744
1320.995693	2620.714670
1322.387408	2678.930645
1326.597381	2613.678418
1390.224639	2669.059477
1231.254431	2680.630395
1295.166052	2744.620431
1341.931453	2624.712802
1205.172233	2696.789716
1374.272845	2692.677231
1404.418886	2730.761619
1412.555354	2595.046125
1411.927648	2679.663258
1413.732058	2601.092793
1417.168249	2745.068970
1417.963714	2657.969969
1415.800710	2718.657351
1421.544347	2707.090612
1426.329055	2619.272046
1428.201505	2751.031488
1430.508110	2679.136154
1434.259437	2712.955384
1432.917172	2654.619216
1432.027797	2774.006272
1437.091973	2723.056244
1439.100406	2606.795090
1443.155876	2689.427044
1442.915825	2617.385177
1446.772810	2599.823649
1446.719745	2628.246311
1450.793620	2678.793010
1449.738514	2591.520084
1449.586659	2699.745809
1452.680246	2719.861618
1458.581275	2641.277331
1461.149375	2769.337854
1459.926627	2672.698308
1461.221654	2732.276790
1466.792483	2598.958777
1469.106591	2702.802704
1468.409078	2723.159356
1470.885494	2665.718972
1472.580151	2625.962682
1477.079922	2605.852732
1479.164736	2620.909786
1480.477607	2737.208233
1484.032148	2668.533060
1485.170270	2657.439914
1486.418995	2721.729786
1489.517783	2701.209787
1487.668334	2644.436129
1493.603918	2750.252724
1491.290343	2600.894360
1495.455052	2615.211401
1492.667809	2679.740457
1502.246532	2644.232871
1512.230263	2735.013372
1517.066941	2705.292668
1516.519172	2694.601447
1516.806441	2738.652138
1521.296339	2728.503393
1519.251548	2751.276620
1528.392194	2681.189577
1538.840342	2781.287598
1539.832962	2765.921648
1541.201076	2775.057520
1543.285206	2745.673489
1544.732451	2761.093849
1553.044959	2734.001107
1556.171224	2711.545009
1561.084673	2701.608130
1559.966494	2689.827025
1562.635297	2679.432523
1567.288560	2701.546405
1568.190577	2773.422755
1570.633189	2671.036980
1571.425472	2779.520107
1577.689614	2712.282680
1582.291833	2749.765859
1582.932184	2725.882904
1587.064663	2771.535038
1586.886339	2625.369687
1589.872719	2655.055214
1591.214638	2705.583890
1591.257287	2757.961452
1590.690918	2684.845546
1417.017977	2606.515645
1449.632239	2734.772119
1470.716443	2677.415047
1514.239357	2674.302577
1514.716095	2685.979685
1573.717430	2651.708262
1573.923102	2659.981193
1458.069687	2606.436033
1497.036571	2661.391487
1576.903472	2605.439658
1424.226465	2690.671127
1452.820795	2768.765745
1576.741011	2731.073220
1582.494138	2678.505815
1409.311332	2908.443369
1410.316888	2892.010984
1411.931133	2884.369152
1418.786043	2963.698134
1419.257735	2916.637449
1425.645249	2945.607463
1424.268552	2859.236026
1426.652334	2852.264469
1426.421043	2885.144685
1429.860482	2869.981502
1430.975157	2797.809017
1431.962925	2861.575314
1431.149239	2815.923528
1434.079019	2826.785721
1438.774022	2884.830599
1438.928500	2900.765648
1438.364374	2922.260048
1444.058315	2934.927543
1443.017378	2975.995263
1446.168956	2794.222808
1448.729777	2810.283729
1450.252673	2944.881493
1457.194407	2850.970242
1459.113375	2841.901666
1461.537766	2959.284963
1463.087306	2829.919839
1465.567435	2930.555041
1467.350320	2971.297006
1471.298710	2834.306906
1472.430021	2904.030047
1475.130046	2926.528615
1472.835376	2870.265276
1480.229535	2871.158727
1480.640696	2944.321432
1480.673363	2970.531787
1484.956208	2808.426674
1485.204008	2832.617559
1492.515229	2816.581254
1495.011142	2793.118265
1500.294896	2808.725610
1498.343255	2897.454208
1502.341473	2953.899320
1508.809654	2913.219106
1515.917507	2792.571372
1521.102393	2842.894704
1520.457081	2795.180933
1520.874993	2939.930306
1522.306984	2853.429794
1521.990513	2864.093321
1522.076236	2825.430113
1521.986038	2833.555269
1525.478539	2881.486360
1524.437925	2872.392894
1527.356282	2904.319159
1526.800841	2943.364029
1526.094954	2910.983960
1527.368023	2972.342290
1527.820085	2952.467480
1529.548675	2888.427267
1528.679117	2961.682744
1529.881430	2798.946731
1527.081893	2809.962835
1528.932334	2916.807811
1532.803194	2937.034595
1532.299367	2859.210046
1533.369379	2845.691498
1533.361953	2839.253534
1533.490026	2832.570494
1533.829780	2866.981859
1534.090575	2879.212621
1535.992008	2904.894192
1537.956192	2915.106069
1537.151763	2926.969484
1553.591881	2835.827298
1554.593531	2978.630929
1557.174308	2865.937822
1560.194054	2955.494630
1562.618389	2917.273362
1564.051022	2807.112700
1565.572679	2898.685840
1567.364921	2852.719800
1569.694698	2843.426551
1567.225385	2940.538293
1572.177588	2904.831349
1574.763910	2826.914549
1581.136901	2889.938326
1581.852875	2910.058819
1581.434759	2973.620571
1579.846658	2965.121288
1584.008327	2839.362917
1586.649968	2833.128083
1588.146505	2932.171622
1589.844175	2823.593669
1589.896616	2973.287354
1590.978902	2860.616915
1591.354144	2847.191632
1408.977139	2943.170436
1481.012415	2856.449516
1576.127230	2870.727430
1576.507703	2878.984505
1421.574043	2964.961614
1478.411125	2842.880725
1501.605347	2922.683712
1407.782229	3158.135308
1407.529168	3112.857519
1416.818955	3102.884462
1416.270161	3161.404274
1420.267443	3145.464821
1422.751475	3134.158551
1425.874706	3069.220028
1433.384565	3023.246953
1431.189737	3084.520388
1440.758576	3092.454743
1437.965223	3036.415629
1438.150055	2989.917856
1444.807421	3007.619090
1445.066304	2999.098710
1448.598643	3075.063741
1452.290766	3051.807791
1450.580191	3115.666195
1458.007993	3097.002433
1461.077931	3139.509077
1463.359694	2989.176065
1467.584575	3152.489696
1474.516901	3158.887392
1474.516093	3071.858589
1477.539482	3055.269317
1483.252961	3132.555356
1483.740792	3047.416045
1488.271919	3173.164886
1486.431148	3091.738807
1491.104215	3103.794604
1494.996236	3159.343092
1498.469485	3125.346693
1502.170750	3149.176773
1503.239985	3049.939921
1514.165824	3103.031716
1519.746230	3045.128973
1518.123773	3092.160138
1518.128334	3120.152299
1520.613697	3062.666329
1525.408786	3044.714476
1523.972649	3172.067874
1526.051714	3019.386148
1525.782442	3083.861230
1529.356243	3124.894100
1527.382583	3133.231529
1525.052958	3034.458382
1527.193686	3070.903236
1530.909052	3144.614328
1531.597602	3138.378275
1531.347904	2994.130244
1530.885610	3005.125137
1533.158123	3167.015372
1547.310155	3115.644930
1551.699874	3009.936972
1554.248279	3047.199434
1554.523320	3112.473951
1560.128320	3088.242776
1559.320245	3060.673517
1566.491624	3122.277706
1565.808312	3024.524902
1565.912055	3137.977246
1567.513887	3100.449057
1570.002017	3002.969253
1572.560947	3174.473393
1573.436090	3157.631325
1576.630510	3077.290271
1579.080339	3061.447793
1584.459029	3030.152755
1588.977903	3170.121897
1497.482558	3058.066629
1505.913124	3065.568351
1520.989132	3146.558177
1525.881788	3156.938588
1525.136774	3180.458691
1530.450923	3028.949596
1567.778097	3106.305118
1586.900879	3014.561971
1497.527676	3030.591763
1500.967366	3044.022291
1528.282189	3103.732929
1524.757791	3115.600227
1532.792859	3019.885753
1534.558062	3012.856838
1567.754935	2995.434746
1573.250334	2992.167294
1417.767615	3003.135883
1427.232770	3123.088117
1577.714734	3155.871442
1406.264607	3240.111000
1408.095576	3300.046508
1408.194292	3339.877506
1408.434052	3220.007188
1412.150061	3250.153048
1412.307546	3289.050367
1413.925749	3239.932187
1413.099225	3356.408969
1418.540262	3200.547039
1418.688796	3334.165195
1423.413425	3266.701813
1421.591879	3360.536569
1426.762896	3338.595722
1432.307773	3311.299082
1439.682705	3355.476088
1440.069085	3203.383095
1442.346945	3365.557238
1446.137668	3293.589413
1453.544464	3325.884225
1458.501482	3359.655218
1460.604321	3317.128084
1460.552127	3377.596987
1475.927169	3255.031872
1475.841067	3294.761865
1477.967719	3287.383063
1478.672409	3238.090518
1480.379514	3214.978810
1494.092566	3307.033714
1495.035621	3335.065819
1497.707195	3338.460400
1495.555804	3350.382174
1499.181932	3323.991152
1499.241137	3263.616771
1511.216992	3361.925620
1512.618637	3305.894683
1515.901795	3295.654580
1519.067143	3310.217584
1519.807708	3212.736517
1523.335102	3361.149451
1526.113940	3254.394299
1527.410206	3351.291343
1533.348875	3292.442376
1531.291971	3367.122358
1532.150121	3208.919828
1534.968339	3242.070565
1534.106179	3277.993920
1534.741241	3247.985895
1534.678159	3202.475525
1536.838738	3311.053040
1537.632993	3193.123140
1538.462562	3302.735306
1536.651987	3344.214485
1538.467181	3266.971097
1539.781701	3324.196272
1543.626492	3367.712071
1551.307056	3260.648349
1551.937789	3249.530802
1553.337314	3287.900316
1566.271792	3338.499674
1569.147439	3326.245464
1570.314293	3234.833229
1573.276453	3243.021333
1579.343461	3269.469257
1584.214323	3293.461272
1586.753962	3234.524585
1588.155211	3333.277678
1523.313792	3233.012043
1545.305588	3225.661629
1544.432085	3345.233659
1556.715871	3348.510297
1515.091786	3343.092004
1513.365428	3334.746861
1479.515623	3359.347842
1526.254973	3201.645800
1531.170048	3314.442042
1405.413737	3475.678154
1406.485186	3558.948974
1407.296080	3428.695637
1412.343436	3577.787415
1420.535423	3549.516582
1428.413843	3511.635817
1428.612328	3504.315812
1436.092192	3392.980079
1439.864466	3551.529304
1443.603507	3396.164972
1442.206016	3440.473258
1445.447078	3462.912055
1448.966218	3552.646405
1449.974571	3505.983351
1451.343589	3541.929553
1452.566684	3527.440830
1461.453191	3448.293452
1466.870187	3489.186506
1473.598517	3439.422398
1475.649924	3533.711400
1477.675286	3544.404854
1492.125957	3543.031259
1503.561063	3399.861864
1508.848654	3479.130991
1508.748491	3558.817459
1527.926928	3557.657305
1543.397530	3468.704805
1546.685392	3407.343442
1554.836477	3553.281132
1559.514748	3456.421621
1563.301436	3474.530755
1563.127516	3490.984707
1568.681203	3391.976349
1569.323017	3531.136719
1569.337257	3568.094369
1578.052869	3545.863517
1581.235826	3403.414685
1580.308627	3415.001957
1583.314408	3438.619131
1585.491237	3446.382321
1582.855013	3469.573154
1594.652503	3445.616277
1416.398149	3427.678779
1413.631871	3670.241818
1422.841191	3669.138984
1444.378046	3672.084895
1444.768472	3627.458090
1448.900518	3696.163796
1456.464557	3645.191371
1469.890956	3621.599710
1468.396979	3645.865091
1472.461187	3748.599387
1476.407931	3753.549335
1487.147914	3727.862960
1488.950731	3736.871517
1489.427059	3746.442643
1500.098571	3713.075943
1496.443838	3617.326978
1507.918944	3679.068455
1514.900450	3748.529499
1519.799658	3591.087871
1523.667572	3651.360407
1524.693790	3738.999817
1533.726375	3737.249220
1532.207576	3685.244027
1536.617044	3639.949913
1543.620304	3735.986146
1547.000329	3673.385849
1557.092113	3731.343818
1561.001375	3701.838689
1567.910707	3742.612671
1577.156511	3590.945872
1575.104109	3671.818017
1580.892259	3702.408156
1586.811310	3750.986260
1592.412200	3620.663672
1570.547175	3677.756214
1447.921479	3743.060811
1459.783893	3735.847413
1591.613853	3684.404758
1450.829246	3750.949709
1485.311389	3691.980690
1546.285252	3651.255284
1574.957291	3742.602417
1409.894344	3907.382409
1412.300502	3932.167050
1414.800149	3898.179078
1424.281862	3935.396355
1429.727610	3898.415177
1432.456528	3957.420246
1449.201723	3861.506580
1475.832026	3881.895642
1485.472591	3891.536903
1496.754794	3894.449103
1497.915135	3943.590672
1519.000370	3889.026169
1519.143916	3931.766581
1521.255308	3901.854572
1532.571647	3883.323638
1537.707202	3976.191638
1540.488421	3877.589850
1549.706238	3868.075407
1553.271227	3807.197744
1557.393783	3930.200620
1557.642504	3964.496485
1557.761831	3860.956616
1562.627362	3811.499590
1570.176461	3936.402320
1565.174347	3854.547579
1567.714010	3802.947457
1578.110682	3830.861055
1586.821430	3974.461831
1484.953105	3920.772325
1544.323524	3835.405705
1558.433916	3846.072046
1409.526470	3859.448609
1417.704740	3931.816824
1465.463244	3916.267842
1425.588808	4049.908862
1484.553657	4045.256504
1495.838624	4044.642117
1510.571762	4028.202844
1520.672375	4012.808828
1537.445803	4011.297688
1540.863892	4037.120800
1557.697712	4057.115952
1571.603391	4031.207355
1573.910498	4054.293296
1574.562607	4043.091997
1555.713043	4012.174713
1568.739566	3999.558432
1483.348512	4042.412554
1558.082321	4128.555725
1437.214980	4007.024767
1497.158064	4078.193316
1556.316345	4104.408977
1572.001335	4039.710220
1583.095185	4099.680541
1541.760067	4336.231449
1531.988981	4339.655147
1542.606929	4319.344547
1606.666603	4025.863026
1606.913545	3991.422591
1618.035513	4029.204946
1631.268545	4060.723595
1632.720078	4006.465499
1659.418308	3992.897654
1669.180408	4053.435510
1679.959170	4034.561131
1689.155565	4010.125833
1698.931730	4036.101359
1704.733656	3993.836822
1718.374483	4046.450913
1722.700172	3993.950074
1737.126259	4017.084435
1749.503726	4045.607014
1752.512789	4055.655970
1776.863372	4059.467578
1789.344308	4071.473832
1790.279909	4019.727184
1649.803804	4047.751614
1751.708963	4060.592255
1608.946151	4094.567422
1670.841237	4036.835000
1607.383052	3893.805469
1609.895580	3971.243392
1627.850207	3959.090369
1630.830630	3891.780393
1639.809166	3800.621644
1641.328506	3848.890722
1644.585252	3827.900489
1644.041272	3897.307884
1647.079005	3861.902535
1658.163748	3946.471692
1669.885530	3848.901662
1670.806641	3878.843043
1668.289100	3920.483609
1666.476325	3897.122885
1674.729399	3905.275552
1678.864081	3918.420197
1696.656052	3937.069732
1698.238121	3833.701790
1698.595191	3926.962028
1697.803066	3866.040557
1700.448036	3881.918572
1702.829329	3917.585995
1701.788597	3930.619200
1713.142039	3885.342377
1738.406460	3812.577590
1739.040392	3901.024803
1745.810271	3926.344718
1762.225580	3884.966588
1762.960067	3870.722874
1767.646092	3965.140597
1770.075548	3833.206003
1771.124516	3919.242754
1774.064310	3818.117663
1784.802041	3966.807364
1722.740390	3953.731169
1757.828024	3829.565832
1782.295381	3813.664431
1788.085995	3817.672596
1652.753641	3830.746806
1604.412267	3723.307215
1614.483762	3676.252282
1613.812904	3732.442233
1614.513517	3726.524028
1617.070384	3588.915243
1617.469691	3615.841043
1621.601908	3767.863900
1619.392982	3748.873324
1624.605304	3715.190848
1634.438462	3644.188650
1639.762557	3764.249832
1641.413552	3635.806187
1647.792137	3675.446394
1654.119490	3706.479663
1661.292243	3623.687827
1663.167630	3673.133414
1664.077226	3710.631197
1665.627329	3613.667776
1674.186631	3660.805793
1675.786915	3709.504474
1678.961145	3746.186214
1686.011571	3734.145245
1686.422815	3621.478442
1693.164677	3728.741531
1697.496993	3674.900676
1713.296260	3593.909978
1713.079519	3627.759353
1720.964944	3762.926832
1729.713247	3596.818356
1731.683688	3688.413775
1733.262639	3612.132202
1742.269421	3697.887747
1755.045716	3691.916837
1757.464098	3769.016737
1764.204785	3745.833170
1767.915155	3775.833935
1770.126537	3758.686188
1776.604940	3767.939403
1781.301890	3740.960096
1784.643344	3632.649847
1787.640546	3594.668845
1609.265213	3712.127095
1615.032966	3708.575037
1756.324012	3615.368580
1718.258216	3736.898143
1720.777036	3657.361713
1727.461589	3715.323934
1772.451042	3640.665196
1783.484940	3736.513128
1606.420673	3457.662165
1611.565490	3494.673167
1614.963381	3572.114674
1619.275802	3454.311057
1619.969228	3496.331305
1619.863549	3446.760807
1623.484551	3412.691333
1629.605053	3555.812089
1631.024769	3490.361204
1636.528920	3434.911474
1637.377314	3510.440209
1649.960338	3497.449627
1652.822286	3558.265956
1659.907878	3437.401176
1659.116657	3520.892410
1668.978732	3427.294253
1668.930835	3407.842335
1675.494508	3460.164372
1678.116969	3525.231109
1679.139108	3447.055106
1679.392440	3424.543173
1681.074446	3433.433538
1688.230930	3445.491911
1689.711638	3415.698133
1700.640675	3410.175807
1700.616682	3495.860179
1710.192548	3515.612267
1717.037001	3481.417785
1715.942361	3462.441812
1718.086376	3397.816800
1736.851899	3574.961480
1740.184084	3403.795866
1740.449902	3424.898149
1744.900037	3397.439786
1745.625970	3464.305675
1753.619986	3502.812944
1759.829506	3435.888598
1759.990186	3446.701845
1761.397237	3393.948343
1764.719472	3480.956969
1764.227128	3507.729535
1767.107192	3408.729106
1766.375422	3449.407908
1783.116959	3534.451670
1782.932520	3543.240753
1783.380119	3468.284670
1789.086416	3413.754640
1790.211886	3559.671931
1791.308203	3477.901969
1684.888913	3505.193320
1721.650335	3425.735335
1728.709220	3458.450812
1730.833039	3450.065197
1772.032409	3556.367917
1762.425926	3555.670922
1631.565661	3524.529211
1608.400930	3251.961457
1609.496637	3327.004956
1611.160755	3336.593303
1615.899216	3292.647586
1623.002492	3219.764127
1625.338809	3293.203182
1628.766772	3207.539382
1631.420215	3319.752730
1633.062988	3247.460844
1630.782082	3349.516351
1634.483438	3257.824914
1650.168970	3233.150135
1650.571964	3273.535677
1651.179016	3204.238700
1652.769961	3372.156490
1653.906372	3328.407855
1655.554496	3346.008992
1655.191022	3361.392233
1660.007267	3323.830595
1663.130844	3254.587867
1662.619734	3303.331452
1663.419626	3291.273660
1667.415554	3371.894550
1667.930890	3261.383964
1670.545608	3327.446440
1669.738446	3291.319855
1675.876584	3245.055652
1677.274546	3202.713984
1683.503090	3229.115768
1699.307392	3363.472600
1702.231582	3327.967915
1703.607386	3344.477193
1707.707565	3276.636667
1710.517448	3302.259710
1709.478371	3266.286590
1718.608763	3357.176255
1719.768297	3192.976510
1721.565103	3380.383070
1719.731427	3299.723630
1723.643199	3246.544264
1725.044992	3289.983031
1733.414674	3257.494925
1737.491473	3248.177133
1738.829515	3357.114314
1741.456293	3318.283086
1747.394620	3203.843308
1748.532563	3270.952721
1751.385589	3284.384283
1749.798006	3218.588162
1755.744386	3332.480252
1758.083422	3241.863973
1759.825776	3362.679806
1763.673557	3272.319404
1765.664840	3265.110833
1774.109371	3378.247909
1785.756453	3349.645092
1792.909979	3273.359900
1795.149992	3207.001519
1610.159654	3225.809024
1744.286742	3375.144771
1773.839217	3340.644208
1777.590343	3329.111514
1778.848070	3276.009849
1613.522009	3258.995088
1638.542920	3216.106708
1709.497414	3228.773896
1771.800935	3195.361184
1681.840030	3217.404109
1685.845484	3223.205308
1620.069274	3352.958377
1696.585841	3294.204463
1616.649818	3144.581828
1617.079555	3062.199407
1615.119972	3114.142153
1614.770363	3006.232338
1623.872034	3087.630509
1624.626268	3093.771554
1624.292292	3143.975013
1625.278707	3081.305856
1627.013050	3031.710641
1629.159394	3070.307092
1632.989712	2999.988829
1630.688141	3170.466202
1636.284977	3009.700660
1640.097621	3126.395916
1646.151749	3028.357013
1646.574149	3060.047777
1646.229906	3121.095005
1651.829263	3082.053974
1661.311518	3088.145823
1660.195627	3068.674347
1663.571050	3104.637400
1665.627991	3045.673545
1667.036132	3097.252462
1668.828918	3083.325718
1675.465965	3153.637380
1674.609124	2999.629976
1679.702442	3134.029204
1682.559547	3144.375673
1687.358360	3019.393367
1686.985044	3029.993609
1687.899935	3131.877757
1691.068567	2998.619212
1690.184171	3116.429023
1691.654002	3052.461115
1695.396320	3100.004169
1697.917765	3072.229416
1698.941830	3056.745977
1704.994600	3016.315950
1706.783633	3023.818912
1709.674250	3004.798842
1707.907238	3135.068949
1713.045287	3155.758574
1713.576651	3034.326182
1716.969998	3065.889172
1721.128161	3069.985784
1722.871416	3008.851675
1722.649674	3056.235061
1723.651807	3099.527910
1726.865313	3126.341153
1727.776459	3032.869102
1741.151853	3073.385949
1742.175545	3021.232491
1746.390257	3107.057076
1746.687906	3016.049907
1751.243611	3011.638337
1752.827860	3115.858315
1753.227263	3148.818306
1756.023259	3091.985144
1758.064997	3099.698895
1764.078080	3044.371190
1762.222562	3079.035129
1777.831745	3109.934062
1778.256754	3091.198630
1780.053923	3026.459166
1781.390198	3144.561792
1789.190893	3044.083177
1788.017467	3058.234773
1788.719980	3005.620158
1630.680625	3063.202133
1681.269340	3066.721741
1724.801964	3055.997819
1782.971470	3155.281665
1639.876925	3134.209022
1708.252368	3050.623119
1606.342856	3032.649184
1746.172916	3169.663099
1605.288616	2933.894559
1605.718109	2900.185285
1612.873452	2865.638344
1615.877270	2977.444634
1616.245573	2848.935991
1622.289647	2924.678986
1624.220558	2813.593713
1625.269910	2893.558162
1626.630646	2841.416391
1627.990866	2829.781935
1629.584369	2876.511218
1630.075408	2955.660343
1631.419562	2865.277947
1632.938877	2922.352636
1639.629175	2835.627949
1637.776268	2930.083536
1641.175334	2910.966906
1650.642275	2937.127205
1652.877708	2900.521128
1659.967123	2873.459450
1662.178286	2966.433671
1662.564360	2973.845288
1664.792603	2819.099676
1666.257868	2812.996393
1669.164955	2837.269397
1670.340042	2900.076406
1669.123735	2803.486559
1681.687818	2825.502123
1682.346214	2941.562700
1683.490980	2915.020991
1685.199675	2976.215575
1685.246501	2949.165523
1690.131362	2893.018888
1691.402650	2902.690724
1696.142644	2875.653912
1698.494877	2812.490354
1698.457224	2832.015003
1703.248836	2897.912616
1701.942086	2923.823947
1701.862468	2940.492711
1707.668487	2920.006298
1709.257643	2846.053120
1713.953049	2866.388376
1714.215445	2793.472438
1711.016216	2903.547313
1716.134239	2961.805023
1715.324212	2845.532837
1717.366296	2926.283919
1718.775556	2826.625138
1720.580383	2954.213559
1719.877876	2858.472558
1724.339442	2881.552244
1728.781057	2824.475353
1733.248439	2932.693300
1730.878643	2798.090946
1732.600203	2864.663323
1735.043198	2850.530475
1742.697052	2906.618861
1743.834654	2915.642671
1748.683637	2887.117591
1745.734626	2817.815051
1749.392825	2831.652412
1753.419509	2855.694970
1754.906456	2792.046390
1757.063494	2911.159284
1760.953894	2948.088987
1760.621642	2834.936892
1773.847695	2901.070773
1773.095965	2792.723979
1773.740799	2851.729245
1779.819646	2951.733547
1782.691296	2866.554202
1783.596615	2858.097133
1784.700254	2884.530427
1785.245695	2844.584723
1787.661884	2962.829770
1790.585969	2915.507172
1696.432305	2957.966588
1744.987394	2875.639131
1756.154998	2872.348540
1780.128832	2925.347364
1697.024350	2845.941906
1701.691252	2847.241388
1734.747342	2946.546692
1625.961563	2883.989130
1648.325609	2794.930212
1604.111157	2763.776459
1606.132900	2677.765756
1608.831528	2686.417100
1611.204995	2608.020757
1611.893133	2645.895588
1613.145589	2730.669856
1612.723448	2636.962160
1612.737032	2672.928852
1615.790981	2663.858881
1628.616452	2665.364278
1630.663288	2754.864968
1630.339376	2642.488558
1625.464874	2772.269366
1634.442025	2744.436587
1631.136471	2671.339058
1633.714966	2597.518399
1637.560591	2705.561798
1641.649587	2756.811985
1639.767139	2631.913100
1643.197331	2625.556392
1644.853845	2674.890641
1652.797477	2758.992632
1652.305110	2771.579748
1653.692304	2652.383901
1655.935396	2626.957446
1659.203468	2776.227930
1657.824506	2665.891248
1662.049601	2705.942963
1663.846137	2689.530820
1664.224889	2632.770950
1663.593950	2750.171414
1669.864016	2735.462522
1674.088771	2711.303560
1677.030207	2610.631166
1674.819680	2658.245856
1685.892312	2747.751026
1686.973670	2684.910500
1688.121445	2644.117052
1689.063490	2673.692381
1691.134435	2622.427513
1699.237678	2680.853748
1701.926337	2717.929852
1708.921668	2645.660901
1711.792082	2777.377174
1716.379067	2598.728843
1713.927744	2750.246367
1724.710161	2595.364900
1721.116784	2623.759982
1722.661963	2645.798176
1724.126999	2707.242254
1724.190757	2727.073351
1725.835027	2744.650451
1729.649534	2627.915658
1730.391253	2670.979382
1736.523540	2640.800641
1735.826858	2657.745259
1739.936716	2686.164481
1739.135406	2777.765797
1739.187397	2761.658213
1742.350921	2592.945960
1750.017795	2735.443048
1755.123556	2705.053524
1757.352934	2734.542776
1757.315736	2688.036898
1761.627973	2726.399060
1762.784701	2616.023342
1762.672852	2759.829422
1768.567996	2609.851770
1768.290381	2627.468199
1776.880019	2744.070466
1777.896302	2669.977790
1785.720047	2625.580803
1786.176039	2649.551115
1788.968649	2766.359174
1623.450490	2608.727793
1640.984359	2615.577755
1663.982562	2722.741594
1672.759227	2621.115541
1680.894110	2632.783346
1731.422733	2598.044126
1733.542467	2749.815815
1740.643251	2749.915810
1610.702148	2627.525777
1612.801435	2683.957967
1616.910630	2623.459906
1660.412728	2648.951714
1699.180574	2641.221741
1707.528904	2666.130619
1708.570340	2658.576586
1786.073640	2618.309312
1712.597104	2617.359188
1740.983426	2715.877650
1752.893743	2644.454122
1806.472942	2766.029545
1806.130751	2655.204046
1815.179105	2632.525041
1820.792119	2760.008798
1822.973455	2669.379867
1828.722714	2646.830839
1828.630819	2739.898190
1831.659974	2616.195318
1833.062111	2724.562327
1834.390032	2674.474142
1840.805504	2778.151726
1840.962112	2648.308147
1844.297375	2699.961333
1847.162960	2773.816360
1848.965646	2671.870686
1850.580552	2721.943154
1850.299843	2600.333189
1858.287467	2693.665186
1856.444612	2659.748333
1858.373386	2702.348442
1858.898149	2591.472958
1863.645330	2598.263137
1863.284787	2642.727402
1868.423292	2731.903689
1873.625720	2756.408729
1880.161969	2660.115121
1884.648672	2628.621382
1886.288984	2690.335601
1884.717390	2665.368572
1892.277740	2730.298375
1905.919041	2683.879749
1911.496288	2661.601796
1912.128844	2649.289220
1911.118290	2704.121093
1919.879487	2664.802419
1929.563997	2710.469908
1929.813807	2605.954697
1928.448959	2731.858331
1945.124668	2754.541084
1946.346671	2718.286982
1947.356873	2729.457370
1949.154827	2662.125004
1956.374502	2667.170913
1961.729170	2740.423865
1962.539269	2703.588249
1969.487932	2688.846275
1969.169254	2730.088032
1969.156216	2629.226288
1974.758345	2647.812890
1976.305574	2772.141307
1978.920455	2735.728031
1980.996963	2643.078599
1983.505922	2707.588606
1985.051143	2668.979216
1993.437798	2760.534537
1813.602767	2685.648727
1843.980643	2761.267438
1941.933828	2593.618368
1991.353540	2598.318374
1845.375704	2610.686292
1867.363641	2631.379481
1890.292207	2704.368143
1912.331910	2771.292903
1937.726451	2772.992186
1810.218795	2824.140092
1808.061148	2901.447864
1815.858122	2808.777961
1816.763630	2855.824335
1816.737303	2927.712715
1823.605208	2945.278872
1826.516475	2903.909635
1829.966348	2957.299447
1832.297278	2833.070959
1832.153243	2917.553183
1829.896632	2966.971248
1833.411695	2853.557481
1843.769824	2853.190958
1858.729992	2933.154827
1856.091498	2846.509517
1857.776447	2822.715573
1866.402664	2947.838205
1865.737971	2836.403264
1867.487093	2956.113382
1876.979071	2868.222696
1878.279617	2846.459721
1883.361980	2947.767939
1885.238090	2926.279351
1886.867427	2881.414060
1886.964992	2871.075789
1888.871915	2808.724063
1888.838756	2968.858563
1897.218175	2927.465827
1900.196761	2891.825421
1901.990636	2916.138781
1903.827303	2828.470058
1909.716341	2949.682496
1909.789265	2795.410943
1912.334284	2890.909416
1914.552401	2862.503339
1920.482752	2846.502754
1919.513635	2900.875077
1920.063462	2882.457436
1926.862279	2799.461710
1926.765248	2915.491379
1928.023774	2830.225185
1932.217453	2927.386953
1933.884731	2879.266465
1936.496252	2815.483969
1939.686042	2798.451066
1940.047789	2856.123619
1947.767656	2896.689668
1950.346506	2870.588619
1950.635415	2843.024992
1950.140784	2963.789466
1953.655214	2894.246293
1956.627011	2821.965768
1959.177482	2969.395504
1957.311288	2885.811908
1959.301874	2945.836232
1975.526641	2972.108306
1972.954301	2815.338471
1981.093349	2961.264578
1982.596420	2892.284369
1988.470228	2904.229130
1995.392233	2833.089360
1886.048578	2833.530824
1984.296841	2823.057277
1876.318381	2886.955312
1859.968043	2951.874056
1859.372704	2908.746666
1807.308816	3086.449883
1806.038890	3066.339236
1808.371972	3115.774610
1811.194820	3005.039323
1815.846802	3155.655705
1820.163844	3110.036338
1821.799888	3066.094783
1834.694477	3135.191879
1845.773768	3148.413307
1841.826476	3153.933210
1853.173912	3044.490469
1855.584500	3160.302092
1860.729728	3004.437259
1865.613747	3163.584798
1867.157548	3055.758159
1870.493447	3168.409511
1874.721065	3018.759960
1871.614925	3116.466327
1876.616373	3101.409907
1883.346812	3131.485627
1883.924540	3042.266727
1888.894617	3141.591718
1889.108451	3086.335471
1888.910106	3160.909726
1889.333043	3152.349990
1889.035888	2996.373800
1903.669714	3081.765395
1905.275926	3169.528570
1908.444838	3142.615501
1915.474292	3034.039731
1923.047074	3070.590132
1922.947290	3116.662580
1940.279106	2995.654734
1944.502421	3097.354757
1942.663673	3009.822435
1944.769374	3149.211230
1945.493216	3136.669505
1948.549843	3011.424280
1951.748251	3067.162435
1957.218119	3044.852898
1961.473376	3148.742312
1965.969443	3123.984492
1963.896878	3106.776445
1966.330164	3175.785177
1971.512866	3099.452172
1977.404160	3010.253726
1978.651519	3001.945270
1980.908885	3036.886414
1983.327060	3136.775481
1987.518335	3052.316002
1987.717258	3165.124881
1832.358678	3000.137010
1928.182332	2997.670679
1939.771930	3178.976654
1821.674854	3035.282539
1931.900536	3062.815931
1806.335219	3262.051237
1815.704164	3308.845128
1817.004881	3343.548475
1815.068502	3377.433625
1817.600534	3224.740969
1818.491215	3219.967229
1822.925125	3316.383639
1820.931018	3214.477575
1822.258990	3341.028088
1824.951592	3255.343567
1830.044972	3264.392176
1833.186360	3361.562318
1833.191903	3370.820170
1834.437519	3195.906104
1844.139018	3269.987913
1847.257200	3304.011413
1851.357165	3198.088256
1852.519934	3370.032359
1856.665025	3267.794157
1859.177401	3286.336203
1863.678269	3311.074772
1864.100637	3377.125761
1866.086482	3215.822718
1870.264520	3339.326443
1869.375344	3196.503353
1869.994350	3283.444847
1876.358206	3359.817773
1880.226121	3262.806430
1881.918188	3302.952305
1883.493681	3270.435934
1888.402193	3232.141819
1888.387339	3376.430629
1892.173961	3286.881618
1891.549796	3361.244445
1895.345170	3320.478316
1896.612859	3263.572235
1900.576568	3218.120520
1902.472512	3250.404180
1904.105224	3343.092597
1910.050726	3278.124857
1913.344884	3334.366148
1915.280963	3326.058054
1918.161712	3289.701545
1916.609797	3319.882072
1918.162918	3220.813883
1919.485469	3201.644818
1928.124585	3264.548345
1934.475194	3208.028410
1936.224140	3201.718535
1943.834606	3339.706864
1946.702006	3200.386397
1947.721274	3355.287723
1952.739028	3366.315260
1954.179229	3276.183682
1955.541354	3236.588107
1971.573738	3370.172782
1970.610082	3312.614689
1974.796535	3254.487502
1987.012238	3346.574678
1985.004046	3321.357961
1993.038229	3345.468402
1808.383476	3348.814100
1812.448098	3352.922789
1843.723279	3230.293962
1856.165312	3318.843177
1895.701456	3367.616437
1920.264839	3312.490768
1922.817506	3244.321537
1923.998986	3303.419073
1926.338770	3252.610420
1981.518819	3295.027938
1842.732052	3326.564201
1912.892482	3348.492126
1929.950485	3349.848956
1967.935935	3333.501350
1814.039441	3202.684027
1952.959727	3218.826308
1962.199346	3329.936331
1808.151814	3398.961827
1809.302387	3455.131961
1814.971233	3551.224849
1817.052236	3454.785025
1816.110060	3509.208308
1812.673579	3546.769214
1821.139315	3423.195271
1828.302919	3430.037779
1830.739396	3402.663351
1843.621409	3533.647573
1840.415560	3423.037152
1842.228379	3474.713766
1844.953603	3513.698283
1847.472437	3464.469861
1854.236806	3418.103760
1856.380290	3487.978238
1859.767525	3435.120313
1858.437539	3463.595885
1860.498000	3425.814104
1868.727846	3494.558948
1866.906076	3476.402483
1866.999473	3399.054464
1870.705667	3570.874005
1873.910557	3449.169502
1873.968560	3394.224386
1877.385168	3525.220900
1890.754792	3465.513875
1894.472064	3491.881267
1902.015818	3464.745151
1905.207381	3393.688121
1903.008348	3528.413144
1897.964731	3570.876369
1905.000589	3566.017951
1908.359719	3558.296283
1910.414547	3440.728198
1913.758360	3508.271039
1917.189008	3419.382870
1920.778204	3576.187127
1924.898584	3478.382605
1934.469682	3451.851182
1936.606405	3500.307052
1939.139629	3442.720595
1939.566850	3405.965677
1951.897307	3561.503482
1948.092484	3401.966470
1953.378013	3433.659793
1950.387704	3498.326523
1951.370659	3526.757807
1952.958854	3540.429587
1962.315232	3464.682574
1968.375045	3527.129898
1975.199559	3551.292352
1981.510240	3406.000278
1987.659882	3476.263651
1986.586111	3509.954354
1864.183311	3464.483729
1871.055753	3463.578660
1848.000650	3552.526711
1882.740801	3416.258894
1919.513927	3558.350604
1945.012862	3414.918166
1809.410331	3698.225721
1817.195316	3704.373438
1814.088087	3747.820372
1820.266098	3662.802418
1820.810721	3693.464960
1822.677141	3599.739809
1825.829167	3674.443180
1826.792822	3737.845161
1832.576631	3755.642741
1842.327124	3692.675085
1849.201583	3659.203613
1848.225997	3675.591616
1853.704132	3699.623797
1854.154627	3653.118732
1856.664394	3750.265379
1871.676742	3659.824032
1867.372911	3595.899560
1868.878871	3729.802463
1871.062014	3771.058981
1881.255809	3750.678251
1884.166808	3722.137769
1884.882791	3635.861102
1894.493881	3665.764857
1892.408787	3743.294100
1921.582876	3645.289908
1912.690699	3759.197210
1915.234044	3673.685908
1913.699060	3598.100953
1922.292003	3616.605584
1921.946900	3712.483365
1931.650356	3694.412612
1931.986381	3630.278805
1944.130932	3672.967153
1943.353191	3649.667865
1952.687298	3650.937077
1956.876676	3729.015955
1969.942696	3590.080943
1970.967879	3756.376122
1976.162674	3749.210317
1982.120183	3701.451633
1989.689392	3665.677785
1987.605149	3651.068819
1992.633324	3730.649178
1861.322750	3689.537299
1869.086904	3674.665847
1868.979505	3625.931761
1872.102476	3633.472270
1911.152151	3690.415799
1945.561504	3607.967898
1946.275295	3602.453575
1963.368633	3681.845946
1970.963937	3594.885981
1890.240529	3659.716741
1820.222805	3648.874524
1828.292013	3684.013484
1849.478352	3757.212290
1901.899606	3637.891801
1807.191951	3858.726750
1807.793307	3807.493934
1814.623422	3840.126566
1827.347732	3897.720678
1826.519744	3878.290090
1832.438865	3962.833296
1836.375170	3952.866697
1835.453619	3873.925383
1838.171451	3847.806871
1848.421387	3854.547990
1851.781727	3910.783640
1854.845254	3887.568740
1861.224409	3840.237549
1868.677739	3915.779065
1871.364698	3820.526838
1882.792234	3863.584255
1902.925367	3886.889227
1906.989818	3905.742306
1910.458908	3953.560749
1916.113624	3890.572512
1929.487361	3954.059871
1936.927563	3884.656070
1942.395172	3850.629917
1946.704421	3937.112604
1953.344905	3968.166099
1955.821310	3975.452502
1969.027369	3879.397537
1969.911975	3935.397560
1976.128381	3910.500638
1974.720990	3931.114444
1983.149882	3954.197062
1985.874752	3930.363374
1896.775598	3967.355775
1907.954170	3871.634648
1912.477286	3865.133399
1937.698185	3877.290497
1809.412641	4040.280477
1811.984342	4031.105695
1820.380293	4000.436182
1824.714248	4040.899451
1832.260768	4005.280199
1849.875433	4048.415504
1852.253028	4061.562407
1863.807865	4012.998231
1875.839300	4020.380721
1876.015695	4072.138200
1879.514918	4075.774844
1893.615347	4022.141059
1902.961821	4068.167513
1903.426637	3997.165384
1905.692968	4058.502341
1919.853218	4048.477670
1946.935876	4019.845306
1952.957608	4076.606826
1971.837873	4045.073703
1975.969419	4075.107932
1982.668022	3991.324368
1988.443972	4058.950234
1966.226275	4079.017642
1975.180832	4003.465802
1982.417418	3998.918855
1876.850892	4035.637614
1898.640093	4014.879089
2014.632056	4070.079643
2017.129736	3990.937245
2034.535782	4073.939188
2037.444006	4054.861859
2041.168341	4087.454505
2043.995415	4019.588088
2043.113774	4074.362859
2062.042436	4053.852583
2061.518926	4019.215705
2063.431115	4099.931521
2078.066140	4100.976058
2093.486482	4093.922321
2101.886427	4099.310827
2101.595978	4067.218671
2104.473649	4020.123165
2106.847356	4084.751779
2106.699276	4051.077894
2110.833503	4041.947696
2117.227619	4008.829976
2124.829559	4077.585823
2124.803805	4099.788319
2128.283282	4042.127021
2128.871952	3991.426819
2138.216977	4020.923895
2142.367933	4064.050183
2146.580929	4020.032120
2153.902293	4048.227655
2167.717353	3994.892718
2172.036476	4017.650030
2188.464870	4112.073596
2188.727711	4019.128836
2124.756596	4005.663615
2171.884722	4087.012218
2116.935396	4096.289803
2049.276399	3995.079660
2178.419285	4032.384455
2181.566118	4023.458593
2007.042627	3919.484921
2010.993439	3809.262058
2011.508372	3927.100855
2016.604664	3837.180237
2019.728636	3810.158199
2028.613112	3915.941143
2027.554234	3845.116865
2029.256307	3886.998464
2030.679187	3896.853812
2032.441308	3800.852832
2034.600830	3946.240538
2049.800310	3866.060020
2047.914669	3945.661991
2049.479837	3935.702672
2057.935136	3834.479307
2061.232807	3974.777798
2067.473090	3962.825583
2070.660499	3867.881613
2070.235571	3890.713119
2103.459230	3842.089356
2109.207353	3848.115925
2110.066041	3816.983989
2116.760289	3825.496414
2140.675276	3810.545328
2150.058458	3806.780773
2163.237935	3818.755676
2165.545796	3826.546334
2166.532242	3803.553944
2170.452902	3796.170933
2170.900548	3853.343045
2175.045155	3881.066931
2180.178764	3939.694517
2036.025430	3883.955661
2182.537292	3849.604002
2020.088774	3893.902891
2164.171512	3805.742363
2009.048741	3664.098488
2013.073016	3670.260458
2026.012653	3711.359911
2026.834477	3693.512570
2034.802280	3664.940455
2039.352480	3593.810867
2049.530052	3655.664300
2049.708932	3669.058989
2055.411385	3677.287529
2056.364905	3624.822283
2062.359279	3606.066859
2063.633377	3749.802852
2062.916525	3691.619161
2067.107459	3698.549499
2069.790785	3649.182982
2069.683045	3600.176701
2073.559569	3627.451384
2074.752973	3733.612645
2073.119477	3753.735893
2086.189595	3640.397039
2086.471947	3689.869098
2103.457571	3726.366244
2102.923613	3770.773296
2096.498241	3668.922722
2106.166584	3622.130780
2128.288626	3646.486897
2132.765510	3732.389298
2138.728054	3704.049356
2139.748642	3635.078610
2139.438506	3762.289015
2163.332738	3693.942913
2163.537425	3669.570264
2163.532986	3778.968720
2163.630670	3745.618615
2169.944135	3687.165856
2172.841821	3720.514268
2176.113359	3616.353936
2180.952465	3698.546811
2012.913343	3617.340130
2057.252892	3733.003274
2083.441152	3709.360911
2184.185165	3674.980160
2090.524007	3628.178692
2163.798703	3706.848310
2157.585444	3725.452248
2159.448026	3718.540649
2014.148263	3650.259019
2011.240573	3634.750008
2018.673053	3636.612797
2006.708187	3555.063130
2008.375193	3482.046430
2010.403964	3499.070324
2017.142612	3435.239856
2022.081926	3470.714113
2021.715523	3531.948352
2028.987111	3573.797463
2029.595598	3397.025047
2030.841625	3533.823526
2033.012637	3476.320172
2033.768490	3428.866070
2047.902613	3562.034242
2053.480731	3535.203912
2055.753369	3458.909452
2066.215596	3504.843766
2069.520144	3419.386753
2072.846866	3468.283316
2085.296484	3490.873382
2090.013805	3469.326427
2107.870487	3514.191419
2111.670424	3490.170556
2112.438847	3570.051208
2118.539210	3526.207608
2134.829914	3539.127145
2140.607109	3497.088570
2158.616812	3468.331810
2172.397740	3502.399853
2176.530569	3448.597691
2180.818123	3549.401860
2182.700964	3479.103069
2187.394780	3405.003078
2091.171922	3555.843306
2186.028064	3573.498898
2057.145145	3395.445399
2011.394520	3245.862782
2018.994038	3366.931437
2018.943388	3265.281502
2021.514196	3241.963279
2027.212447	3347.516126
2027.754517	3315.508091
2032.065813	3327.308862
2042.843216	3246.176994
2044.361576	3301.962208
2052.570819	3327.908205
2054.849375	3252.420269
2055.669374	3289.480048
2067.874237	3340.266486
2076.630622	3192.779118
2085.920854	3232.299234
2090.792107	3200.062321
2092.624818	3232.545715
2118.614828	3218.671549
2126.027784	3284.724210
2128.049153	3194.342374
2138.949482	3222.405270
2143.012685	3241.230138
2151.168667	3204.110081
2160.599150	3346.675004
2163.241199	3312.273991
2161.873096	3356.413300
2165.523293	3261.551145
2169.110847	3329.362740
2167.175219	3204.909973
2172.331831	3193.237714
2176.518620	3286.579589
2178.426974	3224.105623
2178.813670	3372.942316
2186.307180	3345.292370
2184.139656	3221.759171
2190.077418	3195.238776
2179.419560	3194.353152
2007.517932	3101.641592
2007.930610	3161.688031
2011.017701	3112.659203
2012.413546	3147.081776
2016.109374	3027.697240
2018.657025	3091.710948
2021.507915	3014.919236
2034.145339	3086.678366
2037.901691	3054.276477
2039.797730	3062.962290
2040.186401	3102.845456
2046.364889	3034.267425
2047.816007	3025.209675
2047.963846	3007.674224
2057.983735	3130.194845
2061.504705	3152.982417
2070.182572	3027.170820
2069.267673	3062.495606
2076.252667	3039.072836
2082.071634	3101.746994
2085.762714	2998.939805
2086.178488	3056.228097
2087.323434	3146.746445
2089.030485	3067.284209
2089.280844	3118.294925
2095.266759	3083.777908
2098.049741	3032.779071
2102.240168	3093.493917
2110.669774	3153.794484
2119.291277	3078.661159
2117.856482	3061.134100
2127.891631	3062.347370
2129.479326	3130.063290
2129.219388	3056.010071
2132.289107	3175.884988
2134.613033	3095.107700
2144.691601	2999.191642
2145.596681	3029.973261
2160.969120	3007.430626
2157.440823	3056.440628
2161.498515	3095.429699
2164.384639	2997.968232
2164.757460	3109.477309
2162.106860	3016.063874
2167.824522	3069.049266
2167.789216	3142.266114
2177.662027	3092.185914
2183.214839	3019.041529
2186.277067	3166.955630
2187.818251	3125.722734
2186.927297	3066.401382
2120.582691	3003.713833
2057.695577	3103.704744
2065.227570	3165.521160
2103.782451	3106.042665
2007.498246	2882.101213
2015.916743	2884.702481
2017.995233	2855.732912
2018.554163	2911.023515
2020.727598	2824.871855
2025.011913	2892.861215
2025.978703	2958.392144
2033.406221	2853.120555
2033.873111	2920.804890
2036.098223	2928.945056
2037.546722	2802.110615
2040.255870	2824.792648
2045.891169	2875.587818
2046.538931	2926.347963
2047.545503	2841.037126
2047.793577	2944.444222
2052.855406	2934.894752
2049.920169	2901.456345
2058.867889	2939.990894
2060.717152	2891.029644
2064.217629	2940.674872
2068.460646	2905.725906
2070.081262	2880.286692
2076.759054	2956.102037
2075.993009	2856.308740
2080.832992	2943.803548
2082.842121	2808.381346
2083.720184	2791.081636
2084.100564	2892.200902
2087.866374	2917.232099
2087.663674	2877.122305
2091.392837	2831.039978
2087.392907	2844.480157
2094.570386	2855.111724
2094.072542	2890.570999
2104.090025	2913.331530
2111.311876	2801.904031
2117.281930	2882.438821
2119.264878	2905.913475
2119.411360	2891.439900
2122.576152	2953.390964
2136.869054	2885.276255
2136.844436	2831.857307
2138.836636	2943.911077
2140.334069	2798.505250
2139.087529	2856.795261
2141.282304	2924.489322
2145.518768	2870.754334
2158.102902	2844.472170
2158.720463	2974.715482
2159.631035	2915.541396
2163.646419	2900.135319
2170.762090	2845.633136
2171.364530	2879.595891
2180.837697	2932.193433
2187.088456	2866.652594
2187.335829	2916.671101
2191.914823	2877.327172
2108.660819	2870.326594
2008.909563	2891.103810
2061.420393	2810.433630
2071.668335	2946.104890
2116.212668	2944.840433
2128.554737	2942.956663
2008.577782	2775.977638
2013.928159	2621.466857
2014.846827	2596.383366
2018.173276	2767.331797
2025.921367	2621.441829
2025.631592	2654.969856
2026.354107	2642.251792
2028.903141	2741.642694
2027.650877	2778.590376
2033.945850	2688.745954
2029.104517	2715.280128
2032.951562	2695.699343
2034.732296	2608.233151
2042.143045	2635.030234
2040.118015	2713.444652
2050.380609	2686.415832
2053.220292	2774.357870
2053.696542	2744.462800
2053.899275	2664.130231
2058.352646	2770.998631
2061.706290	2718.925987
2060.539547	2699.202712
2072.639324	2669.491371
2070.076239	2606.884779
2089.144323	2635.600648
2092.705147	2705.398101
2091.666183	2753.556248
2099.497584	2628.004268
2107.780737	2645.796642
2106.958796	2605.407455
2115.902376	2683.751429
2116.101131	2639.557522
2117.546040	2695.109582
2119.761215	2738.090636
2126.235766	2628.053329
2129.866358	2655.276764
2132.016649	2646.937664
2134.564998	2679.355673
2139.183600	2610.452121
2137.719658	2591.358323
2136.727034	2749.815307
2140.334391	2681.235176
2146.485030	2700.968771
2148.201897	2642.179469
2148.793949	2729.884873
2155.359024	2736.023657
2158.630412	2693.272516
2162.261941	2735.120745
2166.525698	2662.464350
2170.207790	2676.818722
2171.287144	2754.339890
2171.093277	2729.660231
2170.104093	2635.586061
2174.004836	2621.116638
2180.974376	2665.957382
2183.756558	2747.316811
2078.468222	2729.156961
2168.471141	2598.318044
2181.884401	2632.070096
2034.987028	2634.761721
2064.066753	2595.724769
2188.739408	2626.863527
2210.524974	2645.340397
2210.914066	2729.989358
2210.721002	2763.239841
2215.227187	2667.070894
2221.315523	2681.639364
2227.548395	2652.431392
2228.872904	2770.819686
2234.189095	2597.321974
2243.602787	2695.602601
2247.251679	2712.741731
2248.167054	2740.717696
2248.168646	2632.580235
2254.039572	2766.437392
2253.243474	2666.783685
2255.076931	2597.080900
2265.283572	2606.569720
2270.291268	2758.152890
2268.259222	2626.070182
2271.233446	2652.381210
2271.511451	2772.976166
2273.469290	2691.031657
2275.057254	2714.038646
2279.471776	2660.432943
2281.997974	2635.899177
2285.705817	2620.992977
2293.307430	2627.363551
2293.874164	2695.951246
2293.442276	2751.120059
2302.063470	2608.605337
2305.987722	2756.517621
2311.779630	2625.438179
2329.715420	2734.273724
2333.290556	2628.901343
2334.553931	2747.979838
2346.497134	2643.172801
2352.383802	2749.306353
2360.773810	2664.184336
2363.138108	2623.618536
2374.390186	2778.036090
2376.600310	2729.912650
2381.789972	2671.715229
2380.636603	2771.687783
2383.966179	2643.190044
2386.513121	2688.497649
2388.943434	2669.876916
2231.238705	2636.737222
2234.064408	2750.459285
2282.426509	2744.297055
2318.600553	2600.863452
2356.536959	2729.547964
2323.603452	2695.357879
2235.969887	2680.982254
2214.248655	2903.628461
2216.043032	2831.135953
2213.963659	2864.190433
2217.723154	2840.391511
2220.685964	2825.286396
2226.505383	2950.829344
2227.632381	2923.456081
2231.654297	2893.951170
2239.862361	2873.520811
2247.393210	2942.210180
2247.052587	2917.460538
2249.760566	2803.306093
2256.175928	2900.746548
2258.090448	2862.391465
2260.226641	2817.302689
2260.478208	2854.144644
2267.322425	2846.502917
2269.030064	2954.268395
2273.679993	2966.719760
2287.869742	2929.097956
2287.035844	2805.200720
2287.492679	2834.450252
2296.628799	2961.366322
2297.841387	2880.574049
2304.305759	2809.477995
2308.382625	2838.298823
2309.392492	2817.284225
2311.299268	2847.893757
2319.970082	2939.021611
2320.211673	2956.499294
2322.661999	2964.542798
2323.147474	2920.946422
2328.316643	2866.307901
2332.985599	2929.914538
2344.352672	2904.618749
2344.639942	2847.404822
2349.180207	2974.582316
2352.050034	2897.188388
2354.279289	2826.682797
2366.540715	2903.277161
2368.637556	2978.640864
2375.690424	2812.522129
2380.453739	2893.130331
2380.081374	2851.629742
2386.919705	2875.652636
2392.182243	2894.916615
2287.075809	2819.764293
2289.190857	2825.429532
2367.232289	2809.345838
2211.953393	2832.028405
2349.818832	2804.644363
2208.674096	3131.002802
2209.391342	3052.478431
2214.435808	3134.748619
2211.900200	3156.339312
2214.309416	3020.260485
2219.473969	3073.564605
2220.204946	3003.563878
2226.278051	3122.510587
2224.715165	3042.568714
2228.313190	3007.733063
2225.795587	3021.374887
2229.007514	3101.783458
2230.329478	3117.755004
2234.021343	3092.805359
2242.293184	3018.723410
2243.081275	3051.356595
2244.826069	3134.028307
2245.395396	2999.120756
2247.472948	3099.373026
2245.005085	3153.881522
2262.290881	3014.812623
2265.598837	3043.411114
2268.045353	3109.473094
2270.274601	3144.084391
2271.202320	3064.911709
2276.063261	3122.677265
2277.625321	3059.601687
2284.162942	3144.889059
2285.923737	3094.787836
2287.550596	3136.511165
2286.553092	3165.124989
2287.173434	2999.844376
2295.276591	3028.355959
2295.767343	3018.102047
2297.328579	3084.657252
2297.651578	3055.060011
2306.531976	3099.281853
2310.249481	3139.264356
2310.226912	3068.922104
2316.412441	3037.857540
2316.989904	3049.645446
2324.089921	2999.049568
2326.047767	3069.303962
2330.062873	2999.074159
2330.007106	3007.583552
2330.546756	3110.121023
2337.302652	3042.590907
2343.981301	3064.821661
2344.859297	3095.574072
2347.873999	3112.253284
2351.346708	3175.435938
2349.609543	3026.576005
2357.318154	2994.741309
2363.728641	3096.166029
2368.482928	3159.154841
2366.800844	3122.418956
2375.431812	3009.819631
2374.937329	3053.668691
2381.675333	3149.947520
2387.102811	3003.549504
2389.146018	3173.860600
2215.293991	3049.038084
2230.941102	3174.802243
2267.167892	3000.308697
2382.093038	3098.337212
2243.911567	3029.587314
2210.735913	3245.340639
2213.632160	3231.521855
2222.767420	3328.390805
2224.314576	3294.396618
2226.470769	3321.356184
2234.209309	3213.810327
2243.314331	3213.089491
2246.669441	3272.108244
2248.436387	3324.788271
2253.494549	3342.058774
2254.988397	3292.175601
2260.320925	3242.539412
2266.649460	3343.308457
2285.099712	3213.858282
2289.309031	3202.435239
2295.979242	3285.214929
2299.852094	3335.316688
2304.517641	3243.051308
2310.234965	3366.647845
2312.183746	3343.277000
2318.770447	3292.880521
2323.433675	3269.080990
2328.335023	3198.352090
2338.856135	3253.024691
2346.557056	3279.999980
2345.214441	3333.563107
2343.346966	3303.024247
2360.584102	3279.970193
2360.657102	3368.842682
2373.314840	3352.703446
2376.166065	3213.951712
2376.502628	3303.512902
2378.617362	3277.652952
2378.266254	3199.928917
2383.148011	3245.733152
2389.946144	3313.673307
2390.447394	3321.311416
2215.710588	3203.897568
2219.429641	3198.200766
2267.119117	3213.856209
2274.574597	3198.558716
2289.407033	3252.868074
2365.798777	3253.224591
2287.315274	3364.796288
2330.829880	3343.335416
2220.517770	3574.831991
2237.014091	3492.583491
2240.653460	3525.661174
2240.834288	3562.361010
2253.309579	3489.608804
2254.199707	3424.065245
2255.037455	3500.898730
2262.657167	3398.606215
2265.894573	3529.058501
2273.878592	3409.189387
2280.475206	3559.020168
2280.413411	3498.398083
2297.468412	3527.912534
2306.412152	3553.218073
2310.028595	3538.628722
2324.532643	3446.768602
2339.034307	3466.375535
2342.383925	3422.530288
2345.045935	3433.091389
2347.046159	3493.354270
2344.347692	3550.883143
2359.536855	3398.710635
2367.316457	3397.238162
2371.000175	3422.433219
2375.115154	3479.373886
2374.381708	3417.653500
2379.020703	3577.184796
2307.426446	3501.434954
2321.878372	3422.236085
2278.713840	3491.992101
2314.864771	3477.961230
2269.973679	3555.779157
2290.388541	3487.402543
2313.259882	3445.916197
2215.849269	3425.989721
2279.258326	3515.885180
2280.076791	3528.933276
2284.010766	3451.051491
2216.892392	3711.971900
2243.775726	3690.060110
2256.479027	3688.404754
2257.747777	3726.272595
2260.315614	3667.347681
2261.353558	3772.509057
2262.636396	3633.612493
2263.660891	3759.556687
2263.640611	3680.029136
2269.172197	3701.291034
2272.920421	3598.846334
2274.971423	3645.532034
2299.498127	3700.567278
2301.936250	3649.438016
2299.736670	3688.757466
2310.836306	3703.765510
2306.699166	3769.049296
2313.550967	3611.830128
2325.723117	3619.858851
2341.846381	3614.903492
2341.291808	3670.876811
2346.444300	3606.145328
2348.216181	3717.770293
2356.284554	3733.185734
2349.567759	3624.792266
2354.622953	3753.564105
2361.494896	3694.441608
2363.667071	3643.719052
2364.901548	3650.632786
2365.536418	3672.551612
2368.334292	3742.118894
2377.335154	3773.974988
2381.241283	3684.853530
2380.411380	3594.716292
2385.055871	3723.063303
2386.403730	3773.031919
2391.272955	3639.598866
2328.762885	3594.931166
2378.500947	3626.178965
2221.812938	3658.283690
2366.770098	3639.789479
2230.505939	3741.811750
2282.692716	3630.169557
2283.474803	3726.212391
2321.324060	3683.568678
2325.147204	3704.906207
2331.985280	3735.493003
2374.486438	3767.307609
2212.948277	3850.567875
2210.969967	3922.959675
2213.914663	3817.367242
2215.182692	3979.068530
2225.631291	3951.353568
2229.601697	3846.663078
2227.690965	3927.275885
2229.558319	3903.080018
2230.764997	3802.277431
2232.950206	3947.739882
2233.726653	3958.796996
2239.273322	3880.605946
2247.483335	3918.327490
2248.799529	3884.908869
2252.866290	3812.187100
2263.927735	3864.123743
2262.862751	3955.823848
2266.964520	3797.534310
2276.613782	3832.337824
2280.182188	3965.191229
2284.026764	3838.043839
2292.014853	3931.543339
2290.215970	3904.645120
2300.981592	3871.409452
2302.216084	3907.952938
2302.203693	3881.520807
2303.597512	3795.715755
2309.695922	3881.246970
2306.621699	3954.404661
2319.046591	3917.256031
2317.924104	3861.029504
2322.080047	3928.091856
2322.662828	3900.840715
2328.922975	3795.830613
2329.422273	3945.096655
2329.341701	3972.591591
2352.809457	3966.919450
2353.394329	3869.098533
2350.761379	3832.970718
2355.805629	3913.904738
2356.289740	3889.051508
2360.545706	3962.984102
2360.000514	3926.359238
2375.957042	3967.668370
2376.537169	3914.151530
2379.945727	3809.222425
2381.835104	3892.793940
2386.683707	3798.047795
2219.585317	3820.788284
2249.091235	3906.425669
2303.031414	3898.116850
2221.560555	3842.913385
2286.963478	3912.928312
2239.107167	3847.686414
2237.479808	3981.931674
2249.233048	3900.649552
2256.272932	3832.956595
2289.676974	3815.455996
2305.720617	3929.793917
2306.158317	3812.025567
2312.241298	3816.592161
2350.479430	3971.534955
2373.703325	3824.712015
2388.565596	3936.537737
2205.120508	4035.696213
2221.593542	3999.069481
2225.445587	4120.708347
2231.491259	4099.766882
2230.870715	4048.352033
2236.956077	4080.874042
2237.034538	4040.702923
2240.616921	4004.703490
2244.113996	4126.530823
2249.930992	4056.417639
2260.441655	4017.096209
2260.047199	4090.950669
2274.901173	4055.353073
2277.486992	4004.785842
2282.540541	4079.438123
2289.046173	4033.233775
2296.042408	4070.009935
2302.968513	4129.308666
2302.009231	4137.203469
2314.503516	4037.852073
2318.926625	4128.164607
2323.417153	4084.631974
2326.112565	4126.333609
2331.721816	3998.491464
2335.438522	4003.413905
2338.081834	4112.368414
2340.731182	4035.138966
2373.110008	4038.956226
2373.535582	3996.548427
2384.651514	4092.638568
2388.902432	4111.015803
2265.232506	4072.718718
2355.110418	4102.928423
2374.603068	4063.243142
2381.574657	4036.356338
2389.576105	4029.053597
2263.616109	4109.770259
2266.686538	4081.814571
733.565135	2783.353942
793.945350	2710.053162
804.165751	2608.755499
803.895225	2672.453034
785.094362	2987.993677
787.420496	2984.162814
796.992674	2869.289636
801.636171	2939.996723
803.651982	2831.231375
801.407188	2972.554065
605.592217	2989.587641
647.219167	3185.892634
702.146476	2993.830972
717.275008	2991.390770
751.064495	3184.182721
794.428173	3067.099601
798.417082	3039.527663
801.078594	3125.312796
802.582161	3056.308656
770.568128	3186.250320
608.138444	3213.112692
615.824516	3386.198380
727.414546	3386.778610
764.110016	3379.539873
782.635179	3386.437889
795.445178	3316.438110
798.530355	3373.807781
797.626781	3287.773080
604.930543	3439.702445
797.437014	3571.945023
801.092294	3495.399279
802.472073	3480.302972
602.594523	3583.086168
604.205549	3514.787994
799.697284	3546.239229
643.526084	3783.258650
766.530146	3767.966245
796.707389	3630.718703
802.247015	3736.875923
803.395438	3686.885571
615.241961	3982.234617
742.642904	3986.798793
757.398649	3985.863189
763.175661	3792.288493
796.684146	3920.143036
797.654027	3900.534333
796.534459	3838.347219
801.708622	3965.580943
804.895879	4017.088947
992.577848	4016.230763
867.036113	3583.110154
1004.029014	3714.644872
812.236057	3576.917391
1003.069470	3551.290796
939.834520	3389.476667
814.264284	3377.655625
923.221531	3183.482100
813.683442	3182.141942
816.582292	2987.190282
828.995765	2983.473462
878.954156	3179.644098
891.570291	2982.952422
937.212366	2982.357432
973.760387	2983.520211
998.027703	2994.607589
997.597615	3147.449580
955.735525	2792.059215
995.978143	2812.810834
996.262123	2835.952757
801.132852	2766.203807
977.177856	2783.621763
995.851353	2696.247900
996.821207	2727.815118
1008.930491	2712.043099
1023.746724	2589.255612
1178.015726	2786.550501
1189.557383	2784.932071
1194.418914	2704.139730
1192.709714	2752.306779
1197.041151	2675.668752
1200.131157	2714.241035
1006.266373	2932.309117
1097.756601	2982.633077
1191.060966	2945.032814
1005.157471	3024.552598
1072.634506	3184.457283
1131.783820	3182.542382
1182.435055	3185.806464
1193.575528	3161.793591
1199.069469	3118.030378
1198.820771	3107.426281
1006.397512	3232.019468
1045.257581	3380.455519
1197.882897	3208.304436
1198.565093	3314.837989
1196.720397	3286.669961
1006.171012	3584.731284
1197.697394	3660.181116
1124.715354	3985.874004
1142.762993	3987.926429
1343.305566	3986.322979
1208.611086	3728.651153
1393.844640	3669.246793
1256.444466	3587.535302
1203.620627	3504.281921
1267.742753	3386.722409
1367.796544	3390.092109
1391.534620	3432.627428
1402.752984	3546.872621
1202.428343	3354.490945
1255.183299	3183.238787
1285.009406	3186.524868
1394.883061	3338.017399
1398.364892	3190.298913
1205.115985	3152.826736
1206.907156	3166.620664
1264.688696	2986.628486
1342.637133	2983.315004
1349.887823	2982.987444
1377.580892	2993.203435
1394.480662	3041.599294
1200.813046	2787.534109
1400.664988	2811.385589
1226.523642	2783.560880
1248.837028	2781.249790
1262.315730	2592.391278
1281.650214	2590.970085
1352.419619	2781.148745
1391.897696	2623.594623
1403.705238	2641.097069
1404.157107	2738.055617
1408.691726	2624.604833
1426.497706	2778.870972
1468.717109	2787.161308
1480.015842	2785.762813
1536.346862	2788.953071
1573.976764	2786.780086
1600.903612	2738.206226
1419.826018	2983.870025
1528.712846	2981.076811
1532.165799	2987.024384
1600.529365	2807.668185
1574.956554	3182.808774
1591.889248	3107.886242
1531.090144	3180.669657
1537.409942	3186.158458
1475.756718	3191.916662
1506.850366	3380.931622
1402.387055	3558.663420
1476.562635	3577.251997
1553.515272	3396.635169
1582.233592	3582.440795
1597.881496	3442.897831
1443.362487	3585.183831
1598.180922	3622.201136
1402.177341	3884.864408
1469.465689	3977.349651
1596.813958	3917.065653
1597.744803	3951.983123
1407.731764	4023.855188
1598.845457	4069.734534
1592.478235	4007.904270
1597.697587	4099.094187
1603.756232	4041.061832
1626.756712	3986.369569
1796.754691	4042.656568
1793.888524	4010.057638
1797.629016	3933.042143
1607.818188	3757.273143
1648.282824	3585.404300
1740.312990	3588.762010
1800.977425	3732.475634
1686.589586	3384.141065
1712.789082	3385.065835
1784.657522	3390.906710
1793.532157	3444.114914
1793.997210	3424.267354
1617.747067	3192.829096
1797.503322	3217.108890
1796.411520	3251.605309
1797.651508	3288.602687
1797.013837	3378.956551
1797.241595	3308.242508
1802.686796	3276.944688
1691.548160	3179.859362
1766.797192	2986.622134
1802.708085	3093.961687
1802.928706	3046.736775
1602.999777	2882.421751
1684.768987	2782.022592
1700.816492	2980.724147
1798.031292	2866.093191
1799.216837	2858.329947
1799.365143	2945.817166
1800.553492	2794.766798
1798.104004	2834.385780
1627.562546	2588.548180
1794.024683	2697.105279
1798.171935	2761.800339
1798.702624	2674.007800
1801.953408	2636.333157
1799.082200	2710.138521
1803.218122	2754.049442
1802.542774	2687.912756
1797.104585	2660.644712
1834.647193	2782.585652
1862.029124	2786.674503
1920.211274	2784.182015
1983.940770	2786.633581
1997.763188	2642.583993
2000.611090	2662.291302
1939.605736	2785.693054
1997.384518	2616.771263
1806.218077	2971.483339
1859.954167	2983.322660
1907.348432	2978.512883
1951.709369	2986.195765
1994.920454	2871.178339
1999.291857	2946.868100
2004.073874	2806.885078
1822.910777	3174.665363
1922.439184	3180.853969
1998.038644	3122.624439
1999.726779	3028.258927
1995.508162	3131.465483
1805.380166	3239.405761
1865.168692	3385.304532
1933.431798	3188.558991
1994.194105	3276.177363
1995.509815	3228.333364
1997.402242	3264.608541
2004.859311	3308.826606
1948.539493	3575.905610
1946.331873	3591.279755
1951.872851	3588.395781
1998.569032	3673.103750
1823.254756	3786.158126
1996.699728	3970.214900
1996.841092	3943.663049
2000.153336	3958.574599
2000.123545	3921.997295
1997.731576	3875.288828
1999.980403	4071.844629
2000.655716	4088.672478
1874.571332	3993.978843
2033.059933	3987.325112
2104.287079	3985.306965
2125.764079	3985.205747
2144.674962	3984.998675
2021.102324	3982.952130
2029.900362	3980.808748
2060.363069	3791.457804
2160.476791	3788.617923
2200.278794	3965.489290
2201.389805	3846.873470
2129.977382	3585.184848
2197.850197	3597.124357
2005.416380	3404.549239
2201.137443	3402.518535
2072.169342	3177.703127
2193.655218	3135.792472
2199.312401	3007.688284
2199.090011	3000.770224
2196.059054	2882.319283
2199.119899	2959.424292
2001.677042	2854.257011
2109.582624	2596.022416
2197.792009	2710.249299
2198.069020	2609.522396
2183.511885	2593.589521
2005.373000	2686.380448
2203.142371	2607.453046
2354.838632	2794.326496
2392.330203	2948.388634
2241.588103	3183.262970
2316.643183	2994.703030
2266.030150	3785.101683
2335.912998	3785.672573
2203.356182	3805.232632
2226.556308	3986.531777
2244.679164	3985.151991
2261.106995	3983.937139
2353.352995	3983.306067
2206.812636	3999.339621
2390.033703	4066.633141
