-3119.945364	-597.057986
-3108.418448	-547.209714
-3108.561921	-474.517270
-3107.313003	-515.082751
-3104.494522	-540.233669
-3101.627456	-501.203526
-3088.289568	-554.372211
-3081.346485	-574.703580
-3081.150500	-617.633550
-3071.894272	-505.536829
-3068.424729	-508.455772
-3051.389730	-617.636503
-3059.207066	-540.372939
-3057.393652	-601.257270
-3047.311501	-627.936390
-3005.620429	-550.204321
-2997.934990	-573.697631
-2986.227087	-529.978629
-2971.441420	-541.647077
-2966.334585	-575.904381
-2966.620468	-558.612381
-2965.226312	-473.088220
-2961.869856	-502.047855
-2953.516621	-535.834216
-2945.384057	-490.751499
-2937.736255	-478.069687
-3077.947416	-522.179570
-3075.780505	-600.112584
-3036.410388	-492.644220
-3035.656659	-511.270377
-3026.927608	-475.395597
-3018.073705	-531.064034
-3017.634909	-553.369131
-2987.367029	-611.604528
-3118.830501	-554.433053
-3051.921966	-488.366596
-3025.389922	-506.666891
-3018.009224	-573.890744
-2989.219265	-603.589372
-2965.526355	-529.233024
-3050.893423	-473.256551
-2996.109953	-536.420620
-3037.815679	-553.574602
-3010.299825	-517.409006
-2984.390915	-595.005264
-3120.681659	-303.686550
-3104.635167	-327.454278
-3102.960652	-353.808257
-3097.553177	-418.579876
-3080.495871	-330.564157
-3079.336982	-273.272053
-3071.327498	-276.408867
-3054.723591	-390.456198
-3044.448740	-379.316645
-3038.648665	-351.510552
-3035.737319	-360.948145
-3024.022125	-374.059579
-3017.515854	-325.748856
-3017.116246	-292.036718
-3011.702597	-415.042208
-3011.586731	-367.537147
-2989.401829	-303.433122
-2984.036923	-359.550849
-2974.646019	-330.653280
-2967.949909	-357.140525
-2943.366647	-268.150700
-2935.948065	-383.802879
-2937.080274	-332.061999
-3093.247752	-345.404436
-3054.665954	-334.970441
-3015.081443	-360.391179
-3009.839413	-311.278149
-3003.473199	-281.425217
-2995.583147	-450.904775
-2992.352997	-397.415403
-2979.474430	-365.863841
-2967.909448	-402.310631
-2965.393310	-394.185512
-3114.085921	-393.492076
-3079.497235	-288.714634
-3052.687552	-378.376534
-3044.743027	-424.628882
-3020.894226	-278.120448
-2972.517424	-433.339823
-3060.324935	-359.776527
-3054.855252	-367.326441
-3098.111496	-396.860326
-3036.863591	-308.284757
-3003.235495	-416.643619
-2947.025386	-423.303316
-2948.885884	-309.471264
-2937.714286	-446.292200
-3115.980959	-236.982973
-3111.271408	-116.092951
-3107.978682	-133.889107
-3101.491364	-103.958890
-3068.859730	-73.294765
-3066.256912	-111.599813
-3061.564876	-223.461365
-3048.110503	-232.612853
-3040.448908	-91.620033
-3040.972185	-126.899668
-3036.405740	-184.304255
-3036.048619	-76.834420
-3026.703650	-106.541676
-3013.418550	-204.787108
-3001.473359	-98.981883
-2997.384344	-167.761007
-2984.631108	-110.385626
-2984.812705	-137.142880
-2982.878280	-220.773131
-2969.437980	-166.302181
-2959.411680	-105.075190
-2952.522270	-141.700122
-2947.418721	-67.664214
-2946.388559	-80.490236
-3110.306065	-173.481778
-3071.145356	-86.930802
-3024.596661	-243.356035
-3008.809188	-152.179323
-2983.190932	-128.572048
-2935.009025	-100.316145
-3088.810786	-228.653108
-3077.613571	-212.562546
-3049.983352	-91.227241
-3046.447249	-161.716250
-3035.288724	-252.300551
-3009.200999	-133.606868
-3104.271578	-216.097629
-3082.383885	-93.102681
-3050.000204	-222.612308
-3106.046624	-80.832184
-3074.434731	-153.517624
-3072.047641	-165.806258
-3032.754009	-205.747892
-3028.913068	-126.993625
-3027.508667	-118.990675
-3009.256731	-105.307154
-2935.844433	-247.459422
-3105.827445	-54.253991
-3099.716242	57.922949
-3095.134272	-13.274957
-3078.111627	-37.024422
-3075.605375	62.452560
-3071.017979	11.243747
-3062.854347	98.617953
-3055.091358	-23.722056
-3054.180796	118.127376
-3050.706251	47.693880
-3044.900084	23.414142
-3031.622583	40.960457
-3027.702183	123.185679
-3021.517577	6.291434
-3020.550273	20.608927
-3018.600294	116.560079
-3011.515168	58.323925
-3007.581998	83.320538
-3009.160817	110.214670
-3000.297233	126.429015
-2994.766463	72.345658
-2976.789211	117.603482
-2972.501899	104.688445
-2965.418194	-40.592948
-2962.204114	50.335402
-2956.947514	104.996114
-2947.446831	72.649242
-3096.267730	89.018114
-3083.327628	-53.589570
-3058.109675	5.872164
-3053.952395	38.541354
-3039.777759	73.913905
-3011.286352	-41.562570
-3008.906913	49.313688
-2994.023278	0.623705
-2964.413699	-2.390394
-2954.067095	70.466050
-2957.737137	17.825440
-3109.044752	121.748175
-3100.633717	96.633918
-3095.637330	9.990383
-3089.023885	-32.100557
-3082.273490	112.554577
-3071.348082	-1.898573
-3039.821715	102.040061
-3020.919920	44.871590
-3016.363120	70.494193
-3015.270425	-12.767234
-2982.209127	67.778007
-2960.928189	83.615612
-2942.526923	44.661920
-3117.236719	65.084169
-3107.599904	129.288896
-3098.810756	21.866839
-3079.925893	-15.922945
-3027.071425	61.859398
-3018.104595	-40.364279
-2998.220269	21.354373
-2982.977432	40.181653
-2974.260005	-39.585684
-2968.905126	41.704855
-2938.742963	-28.981325
-3113.481667	326.013785
-3115.077004	195.879430
-3108.920510	297.920696
-3103.371970	209.221186
-3098.493692	182.127460
-3099.121776	227.699468
-3084.541583	232.259272
-3080.553021	196.244132
-3079.475720	303.722430
-3063.797626	151.685326
-3060.015908	282.356994
-3052.831709	215.472571
-3051.527653	329.362750
-3047.171508	300.528399
-3045.720958	240.642072
-3047.157193	262.232860
-3040.408343	231.676960
-3031.335607	316.974602
-3025.243328	233.533736
-3023.193541	148.025089
-3008.389272	242.353862
-3007.441704	293.686326
-3003.542226	181.470461
-2997.897152	257.698728
-2986.559598	161.573823
-2986.337464	299.321430
-2981.508430	272.703084
-2982.456392	330.386548
-2982.289975	194.861327
-2970.735416	290.417405
-2968.896278	321.185277
-2949.600556	293.889841
-2949.661691	247.734559
-2953.079128	145.717851
-2937.729991	227.114163
-2941.412322	315.971226
-3116.234303	171.432768
-3100.578044	236.124598
-3096.251527	156.390783
-3084.692850	164.796194
-3023.085773	161.714746
-3003.330440	205.002604
-2999.334540	322.297693
-2975.603680	231.605999
-2972.696239	212.119379
-3083.375134	285.868046
-3058.222645	295.235208
-3036.831048	195.207916
-2958.165438	308.672547
-2947.878706	221.029922
-2946.107678	181.369511
-2945.070706	228.061502
-3118.629343	271.423689
-3020.259447	329.375974
-2956.769596	264.485069
-2954.132465	260.793039
-3105.166625	261.557855
-3039.054847	288.941583
-3023.124856	308.863962
-2970.984885	159.283295
-3121.505857	511.495847
-3117.993182	443.622758
-3112.751637	385.382197
-3104.431477	414.113088
-3098.513352	352.660449
-3082.037006	431.042112
-3062.124395	466.388489
-3065.071744	415.197291
-3061.904074	499.053566
-3037.769527	402.549146
-3031.205145	355.796186
-3023.609306	446.008440
-3023.442580	485.263395
-3012.032700	489.010477
-3009.140922	447.835376
-3006.356932	368.536152
-2992.658952	373.147760
-2990.915388	445.950103
-2978.877111	413.124801
-2977.152344	522.210780
-2978.984885	493.901109
-2973.156508	467.379737
-2958.730795	495.110026
-2952.697383	351.375708
-3087.586418	482.160861
-3057.133038	401.444405
-3042.758042	503.092560
-3007.568890	531.960282
-2964.754206	439.206988
-2959.640335	398.937369
-2941.965667	483.644920
-3084.232694	495.269073
-3081.131067	523.792925
-3068.121893	356.375357
-3034.848760	504.520103
-3000.917003	517.341857
-3112.190888	452.193798
-3068.844459	522.381959
-3058.801437	425.453532
-3049.915967	424.492143
-2950.228093	500.974934
-3119.367899	669.925964
-3121.827274	553.123920
-3115.152027	688.759428
-3113.361909	558.790925
-3110.980894	597.603542
-3104.054456	667.381371
-3100.664479	604.658951
-3093.047994	658.365045
-3092.905839	712.638388
-3089.628365	675.051604
-3087.833171	640.152041
-3083.563196	702.752944
-3079.357757	550.152048
-3075.837804	661.432333
-3074.989216	638.986290
-3064.135093	731.598817
-3057.108900	676.732566
-3051.994465	694.248347
-3049.595242	637.367421
-3039.802448	567.409864
-3031.932294	642.032080
-3019.446431	694.918770
-3006.657503	624.474387
-2998.999808	595.947498
-3001.426795	701.983831
-2988.507336	716.074576
-2981.595461	606.662129
-2974.981046	582.163646
-2952.756088	623.940195
-2947.282850	642.821482
-2942.193360	629.880468
-3118.953364	705.490301
-3092.565886	567.046848
-3059.939352	597.822944
-3051.243717	604.683363
-3042.404099	662.378482
-3032.656631	631.789674
-3015.395160	675.457892
-2959.573373	592.816980
-2955.978365	582.847930
-3086.521367	617.387404
-3072.805538	679.221111
-3043.309445	701.184187
-3037.344031	718.320380
-2998.989936	622.092990
-2992.997583	577.928607
-2983.600633	582.402681
-2973.524440	699.879761
-2947.760255	610.212225
-3094.048969	618.627524
-3056.889532	702.598654
-3025.061264	724.744607
-3013.494406	573.175404
-2970.021941	554.698905
-2956.662504	549.432534
-3064.320490	563.084164
-3026.352142	694.906917
-3021.962144	647.870108
-2991.717952	561.527539
-2982.960495	560.005157
-2950.873965	603.484547
-3121.607984	878.564629
-3113.715866	865.068929
-3113.908475	754.247313
-3107.967142	807.622716
-3107.482416	923.240834
-3103.316427	844.428969
-3102.308884	866.877129
-3096.231586	751.798848
-3084.357877	831.941961
-3086.173252	898.660701
-3081.203149	801.100808
-3080.199145	823.648785
-3064.144578	882.449879
-3062.353358	825.159711
-3043.166497	916.028962
-3039.879005	804.935950
-3035.486696	813.097994
-3035.357353	795.904602
-3031.076818	882.144671
-3031.401693	856.016794
-3033.074034	786.582231
-3024.685928	751.632239
-3021.704340	820.801531
-3020.098611	792.550989
-3012.364400	834.025174
-3003.960407	754.541874
-2998.522024	857.346658
-2996.021196	908.454953
-2985.040511	777.478721
-2981.145969	872.306893
-2957.600241	816.943501
-2950.247434	934.441369
-2945.634588	881.094042
-3069.516519	919.983438
-3067.774506	788.500845
-3063.054709	781.502801
-2995.257494	876.370061
-3000.017756	803.336071
-2971.847327	844.724320
-2961.219081	825.143400
-2945.831932	820.853933
-3070.387959	845.531049
-3050.988691	933.069150
-3005.302250	822.367110
-2945.265169	922.474292
-2947.352527	749.844959
-3114.032666	786.526772
-3091.737362	830.114752
-3045.288817	784.651893
-2994.295889	932.357586
-2987.195317	877.589243
-2955.989978	781.421323
-2938.548433	928.545843
-2919.919535	789.710275
-2910.285994	925.866481
-2909.634885	896.032955
-2904.869705	796.908470
-2907.613147	870.545140
-2901.724426	770.302564
-2899.998538	930.811396
-2875.733222	829.218207
-2855.898561	893.825276
-2839.699614	868.961512
-2830.442350	926.235359
-2824.089998	815.874878
-2816.873652	875.132621
-2801.185584	826.024588
-2787.292051	868.540235
-2787.637086	878.566104
-2788.551493	763.040967
-2780.797458	765.677262
-2774.878015	876.107428
-2771.880654	850.261031
-2774.347780	926.053297
-2764.443520	871.824529
-2757.403073	892.579066
-2752.803487	913.991060
-2746.027026	893.489474
-2747.523444	858.463584
-2744.278123	851.946510
-2745.088566	868.771029
-2742.679698	817.369098
-2907.309923	833.417565
-2879.404443	791.118485
-2849.252908	891.032407
-2843.667387	789.624678
-2786.147259	841.406472
-2774.017806	819.429416
-2760.247289	775.185264
-2756.793988	932.964143
-2840.210337	821.406833
-2821.231938	777.959996
-2802.386200	926.272943
-2800.695788	880.161494
-2734.814276	836.676827
-2883.742158	872.263976
-2885.722775	885.256050
-2755.048628	902.827104
-2891.140316	843.212326
-2846.602985	755.767013
-2820.747540	835.356098
-2755.947324	828.775995
-2918.060843	643.427030
-2907.774731	716.313420
-2903.592833	592.477798
-2895.594847	692.405764
-2895.104230	634.129328
-2891.794715	698.421857
-2885.238887	723.480955
-2882.999845	635.562225
-2874.408994	708.222364
-2873.931090	562.657052
-2868.766440	671.448490
-2865.665426	726.525766
-2853.462472	596.677525
-2848.183419	725.641670
-2833.005181	674.665727
-2830.134866	639.423310
-2828.718353	705.512296
-2823.635539	600.879419
-2824.193511	660.278794
-2827.051936	682.518682
-2819.274232	621.960931
-2816.805982	600.794071
-2813.534310	687.310638
-2802.538047	654.024205
-2798.353899	598.848544
-2780.281379	639.065893
-2779.463815	654.322202
-2767.318265	573.124474
-2757.398385	550.721848
-2758.374585	675.768976
-2748.546154	661.210195
-2752.318552	635.678786
-2747.418855	609.432082
-2741.454807	635.382693
-2738.271807	552.247862
-2867.034610	644.003471
-2850.278420	619.139395
-2785.577997	607.187099
-2785.225458	569.006290
-2757.803751	598.442176
-2752.197004	708.823870
-2866.025685	562.788371
-2765.767209	706.708670
-2736.375763	666.019864
-2744.137430	719.212174
-2904.112478	673.507542
-2879.719494	695.845581
-2861.346547	638.171056
-2861.426204	582.491801
-2828.890256	718.074441
-2819.083518	637.650137
-2810.309362	638.472751
-2807.400840	716.753837
-2790.760655	636.015846
-2770.983641	651.043531
-2754.163900	571.652086
-2785.212723	698.591987
-2775.378847	702.534570
-2918.697477	418.089482
-2908.434707	519.903103
-2904.262244	404.725499
-2901.282702	431.153872
-2898.137314	361.438952
-2872.351084	430.683131
-2835.023716	478.223300
-2833.917026	379.387746
-2830.788544	521.203480
-2829.958287	415.847610
-2812.848431	430.866008
-2807.270866	409.836481
-2794.533167	499.226056
-2789.711101	396.688556
-2786.037017	534.210503
-2780.779331	475.797833
-2771.059006	533.967496
-2773.660871	427.712555
-2766.618331	469.895190
-2766.666916	449.909551
-2757.898400	512.445088
-2757.929238	438.098916
-2749.120156	454.109162
-2747.988378	359.999482
-2736.556487	459.903627
-2856.300861	533.575853
-2824.199305	477.935696
-2744.005791	443.577877
-2879.464213	506.869924
-2872.155706	506.883694
-2775.484074	399.398183
-2772.424855	511.446488
-2760.764168	500.315929
-2822.158544	382.785287
-2891.490931	424.959695
-2808.819483	477.678323
-2780.570829	345.706244
-2763.781939	453.107386
-2744.202334	469.315003
-2819.794222	418.428948
-2811.397626	419.603932
-2745.247870	385.586741
-2914.006775	244.968648
-2912.651395	185.091401
-2913.975570	324.857474
-2911.849398	306.536274
-2910.967047	222.263065
-2901.031831	202.248211
-2890.277695	172.088002
-2886.325529	294.663542
-2875.601119	199.596901
-2860.709829	332.647500
-2859.534071	187.006625
-2851.693693	279.296267
-2850.187832	254.703392
-2839.606090	183.164930
-2840.952780	228.092833
-2836.228707	283.991932
-2824.906237	212.563297
-2824.606395	173.782870
-2820.664618	191.935765
-2811.007987	305.061540
-2806.170973	275.938609
-2804.242280	230.060547
-2795.199306	183.654438
-2779.076908	197.335139
-2765.006001	221.518821
-2767.122587	180.513518
-2758.085158	289.493033
-2749.601340	205.261722
-2750.692084	194.955743
-2748.013692	305.779728
-2737.382288	310.345590
-2907.147880	157.998981
-2886.647796	284.744670
-2820.451984	219.060811
-2814.451678	237.427447
-2789.649801	291.375881
-2772.225731	256.237128
-2768.861408	292.756292
-2867.965386	180.160600
-2852.834442	304.245259
-2802.051791	300.538969
-2744.497325	299.840597
-2741.493395	256.882061
-2855.652941	178.362107
-2736.290561	221.372127
-2908.899282	149.601811
-2870.719434	245.055169
-2851.667167	241.229505
-2818.130232	287.152328
-2813.170267	284.865320
-2783.644211	209.454191
-2915.655843	99.107710
-2918.374795	110.838480
-2916.193400	92.053433
-2913.834067	47.172014
-2888.919762	95.995407
-2888.463182	-34.272341
-2883.509220	-33.509456
-2882.077121	80.934672
-2875.249378	-17.987982
-2863.229404	107.629565
-2858.883422	42.803848
-2836.043662	-30.024236
-2832.186129	97.235565
-2829.292334	-14.044878
-2830.561892	12.876849
-2823.813046	122.162003
-2817.625889	130.269374
-2806.793044	10.165061
-2805.488394	79.805043
-2791.719442	70.514881
-2790.173511	77.864992
-2775.375383	55.645354
-2775.419412	66.415885
-2767.787174	104.430634
-2767.980610	36.700648
-2766.835317	46.109436
-2758.373706	59.063533
-2752.437522	-43.979785
-2739.550330	85.283516
-2903.164597	70.425296
-2881.318858	2.104972
-2883.434309	46.527180
-2882.500734	118.756131
-2845.937053	63.221621
-2838.012219	-51.171351
-2818.194396	-20.248781
-2819.663810	80.843021
-2802.829694	25.421972
-2801.462378	94.766670
-2795.830712	-3.550979
-2900.233205	128.515727
-2850.175210	-7.396457
-2820.806453	39.589662
-2793.510228	117.741529
-2790.423951	102.431312
-2767.369688	72.073527
-2877.797673	30.546074
-2853.823500	73.614905
-2786.460143	15.374591
-2782.130687	67.560554
-2742.165036	71.238890
-2743.784420	35.834675
-2915.612474	-233.197961
-2911.646445	-178.179468
-2902.600470	-101.907199
-2884.105065	-137.264205
-2883.568432	-162.597501
-2878.151240	-95.433273
-2866.258732	-91.648228
-2861.584206	-206.057892
-2862.211697	-100.418634
-2856.978519	-76.214118
-2856.470720	-106.656508
-2838.165441	-81.531002
-2832.707787	-163.477733
-2834.869505	-197.522944
-2825.640913	-168.098407
-2826.197596	-240.202153
-2820.412835	-90.993562
-2800.415628	-185.991166
-2786.816508	-118.329244
-2780.768089	-156.703308
-2777.782845	-180.216569
-2771.516074	-82.197044
-2773.293987	-240.674983
-2757.120124	-231.378573
-2747.018578	-81.331478
-2744.047098	-188.447912
-2739.088773	-137.068490
-2915.580875	-76.957198
-2911.272793	-203.587725
-2833.933160	-217.655004
-2825.880248	-122.416592
-2803.552142	-124.717595
-2802.214716	-85.514528
-2800.193043	-196.437928
-2761.710604	-212.580458
-2850.490513	-133.898577
-2808.994986	-214.103197
-2791.984334	-144.481733
-2753.345216	-111.952947
-2844.145512	-187.228436
-2899.086268	-187.882012
-2896.384616	-116.775670
-2894.392151	-200.185328
-2883.507639	-151.291693
-2869.357134	-245.923164
-2849.519577	-125.699888
-2838.889504	-135.212505
-2795.588962	-79.082393
-2755.309460	-149.990356
-2755.641522	-189.532473
-2772.068460	-92.692268
-2917.293624	-447.139180
-2916.547951	-429.968343
-2915.297432	-349.783095
-2903.639582	-385.393162
-2905.208284	-319.536002
-2900.825039	-285.463443
-2895.605300	-401.508722
-2890.618799	-366.289405
-2892.802732	-406.706297
-2882.519946	-274.402281
-2872.984339	-358.174518
-2853.582563	-355.201166
-2852.875834	-375.488930
-2847.121860	-445.375359
-2833.205592	-423.125837
-2829.136654	-347.654099
-2826.197511	-397.964639
-2811.822446	-435.898510
-2807.342801	-421.878866
-2806.379041	-271.020326
-2804.631313	-382.266317
-2794.057940	-346.725179
-2793.753443	-363.640297
-2784.797535	-412.672255
-2783.074194	-333.320931
-2766.806574	-304.951710
-2757.939765	-312.182142
-2747.142400	-365.165729
-2740.271514	-371.062644
-2872.488105	-332.984742
-2872.647682	-427.195461
-2868.907439	-366.370245
-2845.372094	-329.921385
-2774.569535	-315.741367
-2847.517499	-340.193612
-2853.220204	-417.717168
-2858.506863	-382.222575
-2854.794303	-321.678093
-2814.678210	-384.042564
-2781.810329	-322.894754
-2759.802406	-344.767491
-2748.201460	-388.060603
-2916.239820	-568.097854
-2903.665523	-613.427368
-2905.151630	-590.594294
-2892.386573	-507.993140
-2889.656810	-527.059257
-2885.189885	-581.712330
-2883.842566	-543.458109
-2877.485196	-493.419381
-2877.374400	-568.054950
-2869.903858	-518.517173
-2850.331228	-532.398920
-2850.015044	-609.242079
-2838.385086	-493.351855
-2837.378403	-483.084032
-2833.902982	-592.166860
-2827.197994	-637.925316
-2824.505376	-550.466338
-2824.195790	-609.471036
-2814.401070	-628.734603
-2811.607005	-481.193177
-2810.691796	-531.556639
-2796.721634	-531.685349
-2791.147566	-588.486101
-2790.573002	-618.094222
-2782.712721	-615.584869
-2776.229298	-589.055780
-2765.705674	-475.881922
-2769.211083	-543.075997
-2762.680992	-565.524417
-2758.681637	-646.124137
-2755.810466	-496.310884
-2756.313517	-614.267022
-2752.768083	-560.188579
-2735.565571	-590.514972
-2844.503570	-567.312007
-2843.730766	-622.603277
-2768.839435	-508.298075
-2919.673924	-551.791094
-2880.050692	-532.668808
-2819.150798	-613.697773
-2822.364828	-594.056901
-2888.280133	-484.004742
-2804.884095	-567.386223
-2788.727019	-582.510066
-2824.010979	-600.467051
-2807.351938	-590.997612
-2802.827143	-524.966029
-2745.345423	-538.955741
-2746.654596	-670.663082
-2709.727483	-670.611136
-2718.210377	-587.141304
-2713.171598	-556.221542
-2711.471540	-482.910981
-2710.139618	-570.914089
-2714.250770	-524.924220
-2711.353449	-517.018057
-2707.892516	-470.382474
-2709.851712	-546.907335
-2701.353758	-602.148046
-2698.361750	-519.619476
-2694.273359	-583.886992
-2683.883974	-618.823740
-2685.759048	-480.496936
-2682.779073	-538.296650
-2665.785211	-573.416925
-2663.234833	-586.874476
-2659.945601	-538.356995
-2657.935830	-470.175484
-2646.807545	-624.651414
-2640.781527	-586.308855
-2633.589209	-589.605602
-2625.789696	-532.274156
-2612.269336	-619.623027
-2619.691102	-603.857882
-2615.978428	-572.020568
-2615.940949	-622.728495
-2601.964147	-565.238233
-2606.916120	-553.959212
-2597.312195	-497.104860
-2587.889075	-477.555649
-2545.758167	-569.371223
-2543.170355	-540.018526
-2539.313672	-594.679890
-2535.190233	-510.078155
-2631.050444	-534.322256
-2608.703434	-501.388374
-2584.180327	-522.568670
-2717.474864	-622.008388
-2646.271727	-487.421456
-2547.502836	-582.843019
-2712.082459	-567.181280
-2641.052954	-503.754650
-2615.367781	-509.970633
-2599.784485	-476.560097
-2602.529458	-536.198830
-2581.681160	-585.960878
-2676.670914	-575.269043
-2636.568574	-552.733402
-2632.016953	-629.710442
-2591.222923	-627.663028
-2582.821420	-489.033866
-2548.914109	-468.444269
-2545.684902	-517.707468
-2536.522375	-618.624677
-2698.206091	-323.781160
-2690.404323	-274.762806
-2684.350424	-404.127414
-2677.446821	-336.226086
-2663.404862	-297.163529
-2660.923561	-442.941487
-2650.249541	-408.875742
-2621.813796	-302.011537
-2612.580133	-447.825838
-2611.149429	-302.913047
-2609.945440	-272.674537
-2599.207837	-387.703568
-2603.318305	-347.982418
-2591.216039	-381.120258
-2582.810079	-390.157077
-2580.398538	-411.179588
-2578.048723	-316.909859
-2578.155027	-446.406091
-2571.266683	-342.756961
-2568.364198	-446.562888
-2561.702671	-279.872924
-2561.217948	-451.268279
-2557.286580	-299.430471
-2719.642865	-394.297807
-2690.878533	-351.415562
-2688.816135	-328.434408
-2673.818805	-401.735048
-2641.065421	-434.170652
-2579.682103	-432.843230
-2574.210182	-430.102587
-2573.700996	-422.155320
-2559.647104	-345.158802
-2545.127457	-418.965887
-2547.884941	-365.615182
-2538.693683	-424.466826
-2719.613582	-369.516160
-2693.225394	-400.951788
-2687.244772	-438.628470
-2664.336819	-285.182959
-2659.431667	-368.227829
-2653.118208	-425.265331
-2628.413839	-291.492468
-2593.076047	-442.998469
-2585.197306	-420.039159
-2550.412658	-313.916378
-2723.161698	-325.706718
-2651.138394	-296.156738
-2608.352740	-419.890375
-2543.599085	-339.877158
-2720.352765	-157.490299
-2715.276177	-128.253308
-2713.161168	-248.561782
-2714.826282	-113.526771
-2708.292676	-160.729720
-2707.236026	-174.376099
-2707.088492	-196.483143
-2699.183011	-125.243555
-2694.356258	-104.313145
-2686.088436	-127.271912
-2672.968341	-208.303399
-2665.984253	-97.090300
-2656.487308	-247.797265
-2651.200556	-247.901166
-2640.319370	-235.459702
-2627.394738	-188.817729
-2620.473973	-191.180135
-2616.700223	-231.915175
-2613.391348	-205.821640
-2611.197306	-247.646070
-2609.064997	-80.328520
-2600.062485	-250.661843
-2598.170955	-182.959627
-2592.792561	-141.556907
-2583.599109	-177.866493
-2574.270987	-218.404325
-2575.460537	-103.436682
-2574.200575	-177.689685
-2574.166878	-127.757257
-2563.740109	-167.132915
-2560.892832	-190.869491
-2552.795555	-193.324113
-2540.947925	-124.077502
-2541.740474	-92.129098
-2540.315686	-227.378464
-2681.936248	-173.167461
-2656.046092	-135.386768
-2649.383111	-176.622161
-2641.079988	-82.360429
-2588.654824	-91.039010
-2584.810806	-200.617961
-2567.010298	-113.203851
-2544.512472	-81.380752
-2629.951528	-128.022260
-2672.204079	-84.052863
-2630.321421	-240.811763
-2632.667972	-162.561719
-2592.767213	-187.214614
-2675.096925	-79.131709
-2585.297342	-220.739021
-2575.500083	-237.146137
-2571.809143	-76.565592
-2562.854212	-173.964214
-2556.890115	-145.670156
-2716.229382	89.186839
-2704.391800	-10.072074
-2702.606952	11.358356
-2685.356467	-29.429268
-2686.735582	-49.811911
-2678.423411	73.990639
-2677.933077	-29.733670
-2673.144522	64.461434
-2673.053692	1.283000
-2656.577734	49.575277
-2655.029623	37.322784
-2639.381534	86.142874
-2638.002250	65.442591
-2624.727415	73.757699
-2622.008775	4.332768
-2618.351697	28.514174
-2613.831696	70.198807
-2609.975246	17.414206
-2597.615960	90.659169
-2581.684241	82.669507
-2574.050712	34.074315
-2559.364159	53.542739
-2554.334228	70.958334
-2555.194915	98.822571
-2546.628226	-26.137080
-2541.939356	61.659707
-2713.811547	114.484643
-2713.441529	95.867382
-2708.722856	-27.077297
-2697.731897	52.877540
-2689.724122	56.560503
-2676.750659	38.732921
-2658.423496	126.929466
-2647.404292	-42.589511
-2585.737762	-21.763126
-2581.458121	14.348866
-2554.616581	-47.883634
-2592.806380	33.895101
-2564.125004	105.506957
-2663.063574	100.740291
-2622.480860	114.011450
-2568.283368	83.626418
-2699.951918	-39.571048
-2685.640197	93.556415
-2645.721365	34.738016
-2629.012100	-16.803422
-2608.085301	-16.004232
-2590.280161	4.768299
-2568.708098	-24.336578
-2564.448850	-1.730278
-2555.758744	81.797329
-2544.852466	-9.464389
-2540.838842	42.228537
-2539.770260	49.667454
-2702.606010	-13.281976
-2720.944379	317.859831
-2717.874106	299.816517
-2711.612335	166.227313
-2673.398641	291.764505
-2670.558494	191.563436
-2665.353639	225.615086
-2655.796357	205.153193
-2647.019898	192.809554
-2644.992016	292.737739
-2637.442783	329.370568
-2623.833787	314.385689
-2621.693380	261.353884
-2602.451080	272.531170
-2584.391477	196.654048
-2577.746621	264.887617
-2577.046682	314.461741
-2568.727823	305.370041
-2566.919772	161.612096
-2567.230724	220.032506
-2552.575801	172.376624
-2544.755815	270.972188
-2696.752725	296.475433
-2690.647356	287.787860
-2683.047304	282.859238
-2647.005957	219.863347
-2626.915752	286.716943
-2599.989250	305.544325
-2578.572177	237.618769
-2573.559224	150.049626
-2538.253457	298.256067
-2684.698919	234.213650
-2672.344572	270.109665
-2647.221057	250.720271
-2599.438463	331.408811
-2583.793692	173.746581
-2549.425357	232.541812
-2711.200321	194.757605
-2600.191763	150.748358
-2540.124023	325.869735
-2695.545324	235.566574
-2656.248259	229.296078
-2654.856766	316.565245
-2616.745421	225.755703
-2556.533752	209.404887
-2700.459330	533.927048
-2694.137481	364.118274
-2694.315643	388.879529
-2680.532667	380.553970
-2680.104643	454.348337
-2680.390783	412.247321
-2669.856128	383.160889
-2661.726496	496.841644
-2657.791792	472.950340
-2658.338121	428.532366
-2659.618082	378.039110
-2656.334492	531.496996
-2649.277677	412.335674
-2635.435080	527.765796
-2627.524638	381.449392
-2625.878160	415.947193
-2623.809199	526.362865
-2624.284399	431.783141
-2611.319677	492.747229
-2608.517952	401.604090
-2599.163903	463.809733
-2566.206464	468.977586
-2540.786393	407.937910
-2713.246265	457.763787
-2705.112992	457.166705
-2695.849159	405.055087
-2666.818608	419.570341
-2614.473475	380.772546
-2595.256933	507.115049
-2592.941023	385.221774
-2576.823145	380.714709
-2574.632358	386.392399
-2562.839128	399.734541
-2557.266431	359.317391
-2538.926916	480.121201
-2716.130759	363.038609
-2692.494629	456.528796
-2681.191743	508.966137
-2650.863805	377.362587
-2642.767673	472.052446
-2575.840595	402.367063
-2717.763811	407.943013
-2660.450599	437.346274
-2676.373018	448.163047
-2676.496597	526.047548
-2641.226882	485.179207
-2545.102554	527.685163
-2711.116351	585.928353
-2684.074736	673.435250
-2680.312942	637.294942
-2670.635709	717.829424
-2661.617208	623.176913
-2653.866771	721.029846
-2623.022155	631.580351
-2602.399586	682.865807
-2595.618839	559.383196
-2592.265182	599.142815
-2575.510418	611.597514
-2569.666233	569.979113
-2562.337507	654.353200
-2550.708416	587.569228
-2537.934274	589.350155
-2690.210746	619.735707
-2643.008609	581.560192
-2619.922660	620.420910
-2608.896999	623.639045
-2589.387776	652.461158
-2566.917454	643.689826
-2566.222162	635.348666
-2543.410588	643.750107
-2716.608219	692.234154
-2659.679205	676.342656
-2716.177041	654.166931
-2648.451113	552.103989
-2640.011129	680.897777
-2610.166047	705.629407
-2592.538616	715.466583
-2589.866937	593.217729
-2576.658644	673.688533
-2720.608387	900.356885
-2701.888882	793.129947
-2699.108531	890.090750
-2698.184194	780.389758
-2689.217226	889.693613
-2689.893538	821.936599
-2689.781067	860.919144
-2682.093768	849.744885
-2675.431758	833.679452
-2666.270031	903.885580
-2666.209119	790.440714
-2660.276547	872.330525
-2654.587336	800.542080
-2652.165997	839.714544
-2645.513729	901.047479
-2643.625032	769.755859
-2640.382639	846.855290
-2624.621311	925.152740
-2621.315894	892.141638
-2627.717353	822.402451
-2617.267814	854.290767
-2614.082771	824.845368
-2618.295744	797.706498
-2610.615849	793.873436
-2593.774058	858.653725
-2592.326366	925.622461
-2585.303682	773.749701
-2573.362790	851.535734
-2564.280626	833.381022
-2563.209946	927.337394
-2553.669507	895.050334
-2551.731442	926.458956
-2546.270576	839.950385
-2534.642004	849.593193
-2638.270218	874.077001
-2637.071835	829.053332
-2615.575642	844.590070
-2580.905811	827.374302
-2656.497196	759.023570
-2624.020674	905.031575
-2593.387572	884.323006
-2578.824989	810.656118
-2556.703152	854.806256
-2675.306852	756.761589
-2718.965617	889.178212
-2701.636434	839.210926
-2689.607055	789.373237
-2651.873325	832.737245
-2642.956430	854.782022
-2632.098194	904.624522
-2624.831036	911.435177
-2624.079603	917.182578
-2617.273501	776.529559
-2602.230193	919.823969
-2583.197800	789.802212
-2563.142296	847.992603
-2555.091104	847.785787
-2631.997749	867.930942
-2518.170723	855.511373
-2518.180044	833.643208
-2508.323050	925.590537
-2504.968137	794.855847
-2495.264443	771.079828
-2489.768445	900.144917
-2479.452121	819.945697
-2462.901862	846.620190
-2465.850763	757.700031
-2463.755966	819.894950
-2456.887880	918.001721
-2452.656866	896.562573
-2448.842906	757.621009
-2436.935654	745.405905
-2430.877351	754.742552
-2428.904051	883.996112
-2419.632959	918.246491
-2413.633936	755.731572
-2409.061282	874.895178
-2402.783612	786.114325
-2394.722105	860.809820
-2392.486456	797.665645
-2382.169498	753.336099
-2376.474928	801.306914
-2375.225401	873.684684
-2365.902167	763.333260
-2361.054631	875.548062
-2351.263740	800.810826
-2346.440589	817.788204
-2346.096463	788.278443
-2333.527642	880.797191
-2495.885551	883.271627
-2477.283573	926.973395
-2475.712140	908.958372
-2449.825084	922.252488
-2438.211590	753.753739
-2432.548766	789.242301
-2428.171604	800.444865
-2405.429635	761.440961
-2371.501140	925.880821
-2341.545286	899.289143
-2339.459479	835.119374
-2522.375119	844.827167
-2490.722476	821.707533
-2484.175706	770.559248
-2426.826477	755.789594
-2418.672269	898.144606
-2360.147737	888.514427
-2499.917980	850.016664
-2494.899479	842.893191
-2490.467556	792.564531
-2482.532911	835.445035
-2458.734970	899.151839
-2351.688781	878.185009
-2523.224495	798.827290
-2505.417797	855.251492
-2504.276569	832.844630
-2481.107399	846.914938
-2467.756112	785.189330
-2444.204113	851.769569
-2436.422192	903.319216
-2358.725210	911.152853
-2358.153642	785.245562
-2514.716716	636.475470
-2506.102053	649.805260
-2495.403724	717.656267
-2490.712892	704.787878
-2488.114203	607.371670
-2472.550349	587.102253
-2468.476908	547.386765
-2469.786758	657.177507
-2447.489524	634.285864
-2443.225549	600.946587
-2435.935539	597.037800
-2435.283527	692.464456
-2432.443185	569.392124
-2428.542009	709.334797
-2421.326262	630.298299
-2406.367891	558.959875
-2402.135696	544.969721
-2394.174230	649.624337
-2392.713200	547.842871
-2391.146342	722.729351
-2380.542587	582.586344
-2371.375303	550.815654
-2368.348375	577.790866
-2352.230376	637.445518
-2348.977141	576.055009
-2343.770561	663.599424
-2340.801043	705.389336
-2363.645733	662.305363
-2512.223098	587.345840
-2454.437848	675.214956
-2371.578301	666.349923
-2498.348203	599.032262
-2491.852649	597.919152
-2427.530818	566.699492
-2410.155697	668.525999
-2341.602996	655.112908
-2333.579583	546.949392
-2512.122384	381.189080
-2496.126398	400.016515
-2488.727573	380.981442
-2487.400368	431.116939
-2483.569806	418.619870
-2481.191169	371.618451
-2480.293596	522.482578
-2475.295396	486.580936
-2465.774494	380.710641
-2461.917988	392.131042
-2462.314589	450.761462
-2450.429895	372.421979
-2449.399178	413.279136
-2442.699443	508.990257
-2442.864928	523.663306
-2436.066105	419.501858
-2430.900004	461.166490
-2434.364602	489.399508
-2431.542385	356.823395
-2407.613172	529.495117
-2403.499995	349.463799
-2403.317580	472.627539
-2396.889871	533.203283
-2396.274923	445.055618
-2393.791229	426.694628
-2389.786437	499.334809
-2387.829899	346.238354
-2382.710342	492.993389
-2372.032000	522.975477
-2372.314999	458.564576
-2363.403335	477.173551
-2353.853422	492.400519
-2343.921032	517.353691
-2344.866630	365.289721
-2335.106138	376.732846
-2518.352514	455.936596
-2508.992187	447.541251
-2449.808308	436.640993
-2418.195024	425.947879
-2418.222224	501.100492
-2413.172457	429.197506
-2358.800157	402.498573
-2349.574077	397.523733
-2503.510001	404.693428
-2455.867668	415.182511
-2421.301620	349.121705
-2366.788055	353.299953
-2467.521053	405.273960
-2412.751625	346.915543
-2392.960368	373.018130
-2485.606879	355.924003
-2462.954635	485.103667
-2450.970252	352.276695
-2345.049230	471.637778
-2519.170077	324.040618
-2512.248079	326.289513
-2510.532457	302.592927
-2492.869255	191.335311
-2494.589811	318.667817
-2476.053112	235.313093
-2476.302115	283.900094
-2467.631666	294.813333
-2455.718004	222.357432
-2451.745245	262.465340
-2450.789100	176.789325
-2438.035431	152.770126
-2435.367319	261.164493
-2426.370699	295.132247
-2416.250156	197.511374
-2411.966896	275.255953
-2403.506390	277.532139
-2402.216766	315.328564
-2399.220190	206.102305
-2400.708869	302.539565
-2389.983494	220.009633
-2384.400683	191.854160
-2381.508632	297.860395
-2380.899175	277.265770
-2379.410071	148.050260
-2369.212016	269.747984
-2367.299511	307.411654
-2359.722631	154.827994
-2357.657316	183.882160
-2349.262459	240.919453
-2506.119731	248.152814
-2485.292828	241.138442
-2475.791428	305.136877
-2449.036083	166.931535
-2376.316904	319.757342
-2372.041337	287.197732
-2344.691140	182.655270
-2343.511833	293.448036
-2339.375835	164.727865
-2491.213150	210.652414
-2489.140239	292.280459
-2483.072536	157.067245
-2469.211384	176.428672
-2463.581783	325.610446
-2438.438518	221.802952
-2415.859439	217.377310
-2372.556479	252.148345
-2368.629141	188.968358
-2355.859704	270.960982
-2442.714259	241.968907
-2420.105875	225.899730
-2384.324815	184.888648
-2379.356638	204.305380
-2502.943741	197.724211
-2484.979866	309.220575
-2450.050003	289.133472
-2448.253044	279.945968
-2439.169687	293.549269
-2430.005510	319.460663
-2403.906827	270.802369
-2384.688368	286.632531
-2381.238167	157.056453
-2357.659374	290.191767
-2343.944178	300.855335
-2341.124156	260.818318
-2519.605872	43.387192
-2517.040430	-39.477719
-2515.049442	19.787306
-2508.319364	52.110553
-2508.092795	98.322309
-2498.418228	100.163387
-2497.639648	29.418881
-2487.800988	98.901191
-2488.255958	36.547617
-2474.590387	125.249311
-2469.012066	68.455347
-2470.381470	118.523062
-2461.458260	-53.123437
-2461.323099	-45.747328
-2449.488483	133.110047
-2446.350934	-4.616858
-2437.587276	19.994652
-2434.075478	-39.110103
-2433.633698	30.070719
-2433.719594	65.825264
-2431.644515	-49.795653
-2428.670351	1.877215
-2410.792074	87.138731
-2402.297345	31.393881
-2392.400519	-51.779782
-2392.768989	101.819930
-2390.061117	65.182943
-2378.392376	88.031802
-2376.503505	17.244313
-2376.892027	127.565778
-2368.822312	-55.000411
-2365.372994	32.014737
-2346.217701	62.179305
-2340.774635	-31.378141
-2337.080149	93.079779
-2337.192139	72.780086
-2519.129750	-47.918664
-2470.782502	-19.073554
-2458.605842	100.035194
-2445.227171	47.297546
-2438.499527	71.363463
-2425.209102	124.901384
-2422.655839	-19.666744
-2405.329728	11.498543
-2404.041813	0.896064
-2402.292311	127.278004
-2345.526654	99.504307
-2506.353827	70.231051
-2488.865200	122.163496
-2477.574509	113.300639
-2449.244119	3.360413
-2441.509385	-22.494710
-2395.285535	125.711553
-2338.000900	48.369116
-2353.978281	51.667962
-2352.410777	43.729841
-2514.140343	-25.788731
-2506.368937	43.326047
-2490.295479	-28.658092
-2482.809266	71.472947
-2459.287440	31.331203
-2358.324258	82.099677
-2345.326556	8.683938
-2516.653383	-237.033932
-2512.878290	-131.764850
-2496.745147	-100.063182
-2489.181797	-92.941718
-2484.957578	-147.304998
-2480.155597	-115.260088
-2467.339834	-213.375819
-2454.108460	-101.083433
-2444.908798	-102.517625
-2421.921372	-108.306543
-2396.219461	-240.456672
-2396.118461	-167.982546
-2387.007589	-249.692849
-2388.266973	-165.265888
-2388.544909	-178.606550
-2378.427778	-180.787122
-2377.374730	-210.625345
-2371.894890	-179.645247
-2372.786122	-105.683773
-2505.716492	-131.391011
-2454.630374	-222.905406
-2453.650043	-125.978675
-2446.679328	-199.484235
-2446.443272	-136.640656
-2443.356092	-205.757962
-2436.152323	-141.799346
-2384.532595	-203.974558
-2381.519102	-221.813267
-2379.300507	-122.230178
-2513.465102	-230.554705
-2428.435251	-198.203320
-2377.623268	-232.954378
-2367.294001	-77.288777
-2506.283769	-74.940140
-2512.213029	-175.126652
-2434.280649	-127.093530
-2413.267334	-112.431188
-2406.881622	-214.688062
-2404.505605	-171.385787
-2395.765402	-89.205109
-2359.333902	-248.120560
-2355.788246	-122.780163
-2355.416603	-131.508537
-2344.570390	-128.133307
-2506.951855	-366.634894
-2502.547548	-342.038061
-2500.517540	-276.906785
-2489.455614	-297.448753
-2479.359591	-442.748002
-2462.403334	-404.067168
-2448.070522	-368.902957
-2451.165370	-432.983844
-2444.623690	-400.945884
-2440.409337	-315.284119
-2428.973829	-299.130360
-2422.202231	-390.205710
-2422.130164	-345.405822
-2421.236910	-405.843222
-2415.115683	-435.713959
-2409.153654	-365.401788
-2404.875776	-299.378642
-2387.863905	-402.384697
-2385.155628	-284.794513
-2377.035783	-330.835166
-2370.442345	-344.484937
-2360.532491	-445.646872
-2338.338658	-357.808696
-2339.221372	-286.510660
-2475.590425	-445.347150
-2467.207165	-313.248661
-2423.123843	-277.823218
-2377.374623	-352.645588
-2347.199046	-441.955348
-2447.819374	-346.437589
-2343.216200	-346.669448
-2337.104713	-439.730038
-2475.369257	-345.769182
-2449.340490	-416.074593
-2392.651838	-387.459960
-2486.449009	-325.390677
-2482.508274	-279.302248
-2469.512496	-371.321415
-2458.042947	-377.937563
-2444.650213	-359.791569
-2439.611380	-391.175495
-2427.204941	-431.096054
-2408.120727	-326.680943
-2402.990506	-428.163240
-2397.262868	-359.059354
-2393.908481	-354.378313
-2442.547269	-429.326716
-2438.951588	-422.376718
-2516.671435	-586.300540
-2501.628623	-472.714137
-2483.527023	-522.064840
-2483.201424	-484.405439
-2480.750967	-621.733609
-2468.514998	-592.781151
-2449.430324	-590.841117
-2449.527763	-610.783430
-2434.260002	-581.465143
-2424.444691	-585.750736
-2416.166474	-541.053154
-2414.070832	-592.264896
-2410.831168	-482.409937
-2394.711410	-543.548860
-2392.570616	-484.248014
-2382.153718	-562.473702
-2378.343736	-509.184120
-2374.169398	-521.188623
-2371.105283	-578.736340
-2351.553472	-532.855565
-2338.881604	-496.573891
-2508.004360	-535.304032
-2507.251913	-544.137710
-2492.298454	-546.401171
-2468.660316	-577.643406
-2465.324065	-568.753408
-2439.132587	-547.851984
-2425.972289	-500.793919
-2398.473950	-470.873013
-2385.679976	-553.538307
-2369.829349	-474.343290
-2335.154951	-600.944019
-2499.966809	-589.130971
-2488.223457	-608.376733
-2447.309485	-484.265849
-2444.225706	-578.354552
-2445.158795	-524.483549
-2431.655336	-482.888952
-2365.393963	-606.098179
-2363.165304	-558.694076
-2354.228628	-556.566439
-2518.315516	-566.626684
-2439.134934	-622.844790
-2432.333189	-617.116965
-2519.459863	-614.609444
-2473.504690	-602.980022
-2456.781214	-588.667663
-2444.420823	-532.571247
-2438.305958	-613.335721
-2421.958872	-534.942404
-2359.595606	-551.371351
-2338.161464	-473.536853
-2466.152704	-611.386408
-2460.473126	-612.401418
-2355.569090	-584.435360
-2311.553433	-497.078121
-2288.881965	-520.093477
-2269.666014	-515.871347
-2263.909227	-540.156344
-2259.321270	-484.722596
-2258.962196	-508.528861
-2245.262809	-617.828983
-2230.876706	-491.419198
-2220.292768	-620.343005
-2205.355985	-615.384480
-2186.958492	-615.193341
-2186.972617	-503.553217
-2182.502149	-601.015191
-2173.571078	-475.102550
-2168.240860	-576.309929
-2159.017897	-603.635554
-2156.422324	-615.567518
-2140.780143	-602.431802
-2135.007741	-651.157397
-2137.064203	-516.533131
-2299.001166	-585.911115
-2292.168963	-557.617487
-2252.700846	-501.212519
-2233.992736	-577.541413
-2218.779265	-537.180042
-2203.531495	-599.842685
-2152.582151	-468.972075
-2150.829693	-647.312381
-2302.125355	-471.775030
-2226.125420	-569.993559
-2227.999949	-625.408559
-2155.648764	-538.373402
-2145.099300	-516.465280
-2138.552220	-495.234380
-2135.467135	-471.740232
-2272.002609	-582.980947
-2269.035747	-567.962897
-2255.141378	-576.731194
-2208.643127	-486.259309
-2163.871180	-564.673286
-2160.437896	-631.716125
-2160.408965	-548.223765
-2316.458871	-450.130012
-2307.698989	-275.119521
-2305.985081	-333.051512
-2288.085151	-266.057260
-2276.088613	-403.477884
-2274.298882	-316.180368
-2269.619301	-335.759058
-2255.964490	-287.186012
-2246.290782	-296.256188
-2245.691328	-365.992828
-2231.271869	-401.920883
-2207.287363	-359.111744
-2200.633735	-383.164075
-2194.785360	-313.834045
-2185.797228	-441.989136
-2179.101668	-285.950630
-2172.657185	-445.891482
-2172.780829	-317.427252
-2167.992116	-278.381523
-2153.636635	-305.469091
-2151.808295	-282.381310
-2140.613782	-330.620057
-2295.703960	-351.168838
-2268.706277	-354.359505
-2248.711259	-339.056113
-2231.636927	-293.462267
-2211.930602	-413.338560
-2205.853637	-406.492146
-2206.299601	-282.961782
-2300.014938	-369.133288
-2247.748346	-423.760501
-2240.623833	-424.878392
-2236.981608	-431.240523
-2142.589542	-409.478398
-2265.611338	-376.102726
-2233.000720	-446.485047
-2226.735986	-349.067666
-2160.228783	-350.051108
-2315.069636	-303.348748
-2314.611666	-380.300927
-2308.023573	-447.019717
-2280.619538	-373.401878
-2277.458224	-442.213367
-2262.148518	-400.666950
-2141.086373	-419.104718
-2136.699651	-273.419148
-2314.799827	-159.880261
-2309.079218	-118.287275
-2308.458239	-187.387213
-2304.065347	-249.420018
-2297.407128	-98.301608
-2282.440743	-78.044044
-2283.135999	-124.195427
-2265.622269	-86.386486
-2263.969003	-207.808584
-2254.467855	-104.555847
-2255.635159	-160.287691
-2253.732935	-80.470005
-2247.271004	-125.970615
-2242.413035	-191.032264
-2237.819398	-144.379494
-2233.227316	-118.782442
-2224.210304	-105.574887
-2222.111756	-69.501902
-2212.521174	-144.289835
-2207.787218	-253.332703
-2207.719912	-69.804409
-2185.379482	-76.746112
-2180.776839	-146.487127
-2167.667938	-159.883745
-2165.792124	-179.447913
-2160.317982	-206.658037
-2156.802989	-66.409823
-2142.002494	-113.479682
-2132.301730	-132.075501
-2267.090918	-250.331212
-2196.813621	-130.383594
-2189.367259	-244.326736
-2177.739147	-219.395693
-2158.695925	-103.878877
-2155.942414	-188.678263
-2152.993546	-96.210428
-2143.758460	-71.161993
-2143.040178	-79.593609
-2303.794495	-151.118741
-2280.604425	-152.080892
-2278.579466	-94.855414
-2232.177667	-70.630911
-2185.181756	-100.960704
-2147.971468	-144.514628
-2313.953550	-133.157459
-2279.536851	-213.963447
-2276.818195	-88.812384
-2248.547536	-93.545562
-2242.560449	-182.890018
-2229.291590	-218.200365
-2199.406109	-224.664234
-2185.646584	-200.225136
-2183.008698	-167.324383
-2172.291172	-95.461531
-2165.951659	-245.539346
-2160.527237	-153.448494
-2312.371107	129.823902
-2305.603944	81.861242
-2290.646251	-25.269520
-2289.484632	57.972752
-2281.998629	-40.589544
-2283.406254	105.719901
-2274.781283	-42.691119
-2276.962450	-23.635614
-2273.096186	58.541749
-2265.650607	-44.650970
-2264.788283	77.736395
-2262.920136	119.297946
-2253.863144	-15.323616
-2250.748782	98.627709
-2250.326554	68.092753
-2243.271856	-4.165145
-2224.504784	111.071515
-2224.421705	13.511097
-2222.692532	135.815410
-2217.925094	-29.145538
-2215.483701	74.971367
-2214.828513	63.392561
-2207.100251	10.875856
-2202.556768	68.415051
-2197.830552	-31.577338
-2181.068531	19.122669
-2175.339824	84.031635
-2172.691385	47.938507
-2169.229832	96.095302
-2165.402157	24.879517
-2162.843430	-50.983667
-2140.385210	-12.443542
-2140.786474	60.748881
-2139.780353	-43.318550
-2139.531512	13.022487
-2281.406673	6.425197
-2277.921733	78.355469
-2253.950683	120.152689
-2239.298932	34.578080
-2231.982383	74.950170
-2234.303781	102.496453
-2216.429269	-10.428319
-2198.863817	121.873518
-2182.728539	-48.350435
-2138.808165	-24.030563
-2321.510681	62.514507
-2280.112935	100.321577
-2242.733775	-32.909694
-2222.434716	-36.778632
-2197.512133	107.258842
-2190.374750	11.975965
-2153.795536	68.646026
-2222.787532	-49.804990
-2176.398786	-13.613897
-2317.462232	-15.381632
-2195.531730	-18.343285
-2175.318633	123.387418
-2163.261336	82.739085
-2180.258690	84.429494
-2307.644183	307.940550
-2290.946163	327.034958
-2290.946777	194.862392
-2280.303334	291.917661
-2269.299282	270.510237
-2267.093212	175.993553
-2260.216646	192.869353
-2246.437631	328.268026
-2244.495695	186.060002
-2243.877378	149.235252
-2227.330872	227.366766
-2222.658346	317.164851
-2219.627361	290.528167
-2219.092375	228.203409
-2214.233925	221.852871
-2209.280012	265.097867
-2200.382556	322.496163
-2197.873346	303.778570
-2187.040024	196.449285
-2186.408853	201.574470
-2183.700078	329.462306
-2183.970640	163.012682
-2181.017603	310.106646
-2177.727908	198.487826
-2176.420847	246.266638
-2172.888669	206.797315
-2172.916861	222.664833
-2167.665965	188.516833
-2157.918473	259.719998
-2155.779005	189.944539
-2153.925019	247.852983
-2150.000638	149.152775
-2149.748275	317.363389
-2145.337587	214.103135
-2145.639399	278.371117
-2136.771311	302.743451
-2314.531019	168.744344
-2305.243505	264.373420
-2285.299453	147.305753
-2221.229756	153.009555
-2214.176660	211.139409
-2163.767217	148.955592
-2144.271851	237.454869
-2138.612794	284.567580
-2313.576072	290.464363
-2251.811466	149.129619
-2246.200692	285.868129
-2213.543372	190.832052
-2188.281963	224.357196
-2178.598523	177.725039
-2273.557218	202.708871
-2235.999195	254.796746
-2198.155630	257.528561
-2157.353339	311.130087
-2289.761688	154.804390
-2268.355714	153.745978
-2259.025414	273.533127
-2234.820331	292.654030
-2156.570243	165.630110
-2153.781077	224.127379
-2321.120720	466.726401
-2314.394409	422.684540
-2302.108398	434.886591
-2289.550610	380.903635
-2289.884573	410.412523
-2286.718675	510.956030
-2281.353893	452.117886
-2280.943379	358.056170
-2274.336536	390.276359
-2266.631448	373.796800
-2261.733608	490.299764
-2258.063740	425.557455
-2255.972784	387.124513
-2256.651069	371.895150
-2250.791365	466.453213
-2249.394504	455.147622
-2245.090870	352.409575
-2242.969661	423.454692
-2238.952212	460.154251
-2238.806935	484.625740
-2231.354752	409.703911
-2227.089746	518.396741
-2220.369226	532.080488
-2218.284916	401.859265
-2214.998674	497.772643
-2202.388782	495.239662
-2194.235057	391.698044
-2186.769034	489.813247
-2185.309123	447.449919
-2158.433289	386.094207
-2139.701559	507.709687
-2321.701893	521.082665
-2301.639963	357.921230
-2295.343399	515.822886
-2278.191443	492.493680
-2261.801772	452.198447
-2246.906718	446.595822
-2224.503115	435.022944
-2169.541242	526.345477
-2146.804519	444.931860
-2318.911401	372.657166
-2305.154186	364.765686
-2233.906202	507.708127
-2215.377150	411.598409
-2174.830729	451.917291
-2294.453611	399.526838
-2274.236651	472.745069
-2244.997381	433.321400
-2220.187638	353.581358
-2300.194310	459.703894
-2295.457458	471.860989
-2281.123578	516.124114
-2243.143232	379.120875
-2229.251134	473.490797
-2231.109168	399.466648
-2211.321836	466.385133
-2201.926795	444.690116
-2180.989144	355.071156
-2172.234413	359.863905
-2225.533002	421.566777
-2311.805828	657.053760
-2309.777675	701.057764
-2303.097821	615.359355
-2301.412517	663.043606
-2301.400417	551.902321
-2296.555826	559.952898
-2292.107941	644.362270
-2294.316406	580.924763
-2283.155464	644.498653
-2277.149150	595.090401
-2278.178284	603.064080
-2273.144886	563.965216
-2261.325389	602.059009
-2257.946998	636.593200
-2249.492983	601.948562
-2246.189383	660.191279
-2238.427661	685.856280
-2210.661770	652.398176
-2214.330293	589.534669
-2210.943976	685.068298
-2203.519122	649.230527
-2193.666901	623.120723
-2190.815738	650.306378
-2169.751009	716.019059
-2153.411452	598.729257
-2149.712218	572.716022
-2135.142152	733.371121
-2283.875819	721.949836
-2270.938045	717.798296
-2249.121913	628.308970
-2224.176873	726.165263
-2197.339500	603.642938
-2193.285887	556.193803
-2192.908012	581.012316
-2295.165893	604.662918
-2233.900249	599.134759
-2285.167756	673.753613
-2217.660345	713.591834
-2163.950026	645.585108
-2304.523913	659.035656
-2258.082165	685.599660
-2258.342902	660.303865
-2203.556940	553.832912
-2150.195756	709.888186
-2317.371914	852.810928
-2307.664002	920.068319
-2306.258803	852.094185
-2307.457363	890.814739
-2308.100023	759.945994
-2305.081081	865.679241
-2303.191363	781.721119
-2302.400329	818.342322
-2300.465096	760.571499
-2295.866431	920.327512
-2293.776216	882.243155
-2288.726409	834.692862
-2287.145581	885.633352
-2281.257760	775.645697
-2278.093828	751.233621
-2276.528936	828.618708
-2270.712317	848.005893
-2272.966862	896.289660
-2270.798390	811.061682
-2267.713450	760.659528
-2265.308889	803.490840
-2266.653872	905.763032
-2265.197369	933.821702
-2261.798328	864.167019
-2255.304701	810.061928
-2249.356059	885.760037
-2250.244553	877.966423
-2251.103061	760.091334
-2247.060890	907.143300
-2244.565308	915.899173
-2241.603342	872.818027
-2240.160983	780.508591
-2239.552490	813.453592
-2240.099784	748.859490
-2234.960586	835.875454
-2231.075037	913.758995
-2230.810837	894.985560
-2216.124735	772.814652
-2216.484444	803.381957
-2216.499026	902.919020
-2215.548544	795.470994
-2208.991006	931.709216
-2205.089135	820.008433
-2200.022475	803.920613
-2189.538530	758.959640
-2191.206742	841.176704
-2186.958324	866.246398
-2189.069017	768.828900
-2181.530474	902.271786
-2177.104960	766.864458
-2172.201162	865.547149
-2158.668062	916.182199
-2158.676865	811.306550
-2152.469525	749.618248
-2151.269891	787.442512
-2143.793076	879.878753
-2149.048893	859.590457
-2307.576737	838.411138
-2287.133370	785.440971
-2258.381603	832.599551
-2258.503458	887.128408
-2249.837303	928.155735
-2228.686276	810.599463
-2223.201964	838.090345
-2194.045679	771.723987
-2173.671619	921.607757
-2151.053828	837.211219
-2317.119103	763.208838
-2269.200161	855.795849
-2219.180396	929.346780
-2210.940136	878.636428
-2161.888379	900.411346
-2158.523996	930.526443
-2134.929402	929.656094
-2287.102706	894.527973
-2251.696258	780.233842
-2234.021457	862.497499
-2211.675607	845.427845
-2189.316823	849.356099
-2142.808121	826.672423
-2304.180484	772.655489
-2204.341805	808.674909
-2197.862711	868.747926
-2195.793335	816.160605
-2182.345207	780.166136
-2176.524460	891.788564
-2137.739434	904.294769
-2124.271379	892.011622
-2120.701732	880.883605
-2119.079279	772.491607
-2114.695261	876.485447
-2112.959044	860.003053
-2105.894559	829.942557
-2101.810195	816.108689
-2095.505968	784.135719
-2088.634997	869.641714
-2087.878371	839.104463
-2084.244592	796.079942
-2081.599500	831.702666
-2068.191033	897.520899
-2070.300837	905.803532
-2069.985860	877.968144
-2067.452034	919.343328
-2053.934607	783.730786
-2053.846601	922.354153
-2052.848272	779.535002
-2048.171547	839.663062
-2047.539537	898.971336
-2048.181968	860.832607
-2042.227799	896.522007
-2021.140824	786.294139
-2007.258527	899.521339
-2009.848302	889.751216
-2000.759041	909.695598
-2004.309602	824.775492
-1998.097712	832.123110
-1997.962291	901.835150
-1974.013743	790.061240
-1961.813050	819.222446
-1959.939823	896.672976
-1940.447808	861.634536
-1938.891583	773.909564
-1938.304050	882.376946
-2107.358954	923.898399
-2083.971897	933.030182
-2074.837954	859.904585
-2071.966511	768.347269
-2065.614197	862.922246
-1985.046507	819.801834
-1951.836087	791.782664
-2068.055464	823.631261
-2016.689775	847.353039
-2008.026309	858.792105
-2083.823552	745.032658
-2041.540156	885.210999
-2028.248576	915.173035
-2014.905068	909.657104
-2009.556480	881.547119
-1988.997049	769.676475
-1984.723651	765.233787
-1967.968209	927.485032
-1933.932665	821.613890
-2114.968790	690.492564
-2105.271892	634.807879
-2092.769261	679.021414
-2080.891134	730.051593
-2072.510538	595.906163
-2067.753532	723.095896
-2067.448969	622.042397
-2060.739679	580.954740
-2052.884091	611.503090
-2024.270280	710.136861
-2014.606189	702.634143
-2003.091148	648.252929
-1996.716672	710.068849
-1985.408545	723.546195
-1978.046981	628.527862
-1951.068080	716.650840
-2122.425135	673.540675
-2068.641462	702.125294
-2068.148803	608.070245
-1967.397183	713.685993
-2076.358228	595.909849
-1977.258104	708.754587
-2117.796180	594.641852
-1987.625243	561.656003
-2083.625609	622.991626
-2044.605410	573.332019
-2042.290797	664.868985
-2033.547505	573.632562
-2014.665380	679.648206
-2111.950228	359.642761
-2112.183843	445.156262
-2100.915666	489.629228
-2100.499347	443.160661
-2090.013312	479.857403
-2089.508199	408.474305
-2070.843120	350.306331
-2070.116826	391.925297
-2064.298044	352.736116
-2066.161270	516.441506
-2050.239168	481.539970
-2050.572658	365.555247
-2035.646191	469.176215
-2015.016944	490.670615
-2011.044509	462.373533
-2009.461511	429.679783
-2006.555841	421.606594
-2002.777064	461.250113
-2000.340764	529.256119
-1985.610260	443.507122
-1981.586164	524.197868
-1980.053094	362.647873
-1973.269086	472.727787
-1954.738642	522.945367
-1951.689237	471.690946
-1949.652771	436.950723
-1932.553218	372.396293
-2115.188596	423.754339
-2114.252946	514.876605
-2092.691562	379.236670
-2079.688067	466.842817
-2066.968321	410.034101
-2014.413870	530.400185
-1985.665117	476.960346
-1985.667947	386.742553
-1951.418653	396.429146
-2041.873456	369.943297
-2003.627760	390.800662
-1949.177070	371.195176
-2043.967184	360.713384
-1945.027735	483.732659
-2079.112981	489.579583
-2027.139251	366.697115
-2012.226961	498.381575
-1956.281100	350.445283
-1955.442295	385.575445
-1931.489070	517.705382
-2113.544348	291.420317
-2112.469081	173.281153
-2109.724295	199.784038
-2109.467139	308.768671
-2107.058102	156.699129
-2099.582871	214.960738
-2094.263845	319.093335
-2092.703875	328.395688
-2092.121073	148.535928
-2086.402541	268.668429
-2077.929256	320.712843
-2074.341707	298.833821
-2064.576339	323.206239
-2065.484398	238.389387
-2058.959827	188.656505
-2058.533400	263.522352
-2054.076917	321.888766
-2051.598496	174.162056
-2052.287946	270.622753
-2039.233313	210.344471
-2028.954443	155.118225
-2029.858134	289.380962
-2025.366117	228.031353
-2014.012477	211.408827
-2010.100040	236.962385
-2011.053134	261.608530
-2005.480522	310.610850
-2007.645404	219.441835
-2000.811729	182.851548
-1995.998223	322.328278
-1995.623960	299.121750
-1980.946149	230.069734
-1972.922309	310.886736
-1955.650994	265.087661
-1951.027419	190.097613
-1947.805601	220.810513
-1934.739458	193.075219
-2101.233161	232.342366
-2047.572557	249.066387
-2031.332944	271.200517
-2032.923375	301.264590
-1994.057331	177.216353
-1975.670548	256.854451
-1970.781402	193.429715
-1962.407653	307.579170
-2114.671093	231.607005
-2077.540578	282.259321
-2059.605991	197.771466
-2016.902516	321.013678
-1988.236592	270.759759
-1976.798098	157.655636
-2053.765949	160.199569
-2107.050895	286.833266
-2071.436703	193.816024
-2045.489379	316.403666
-2006.467408	278.252595
-1989.663218	254.955197
-1982.826141	235.317745
-1973.125725	316.791390
-1941.300276	191.562794
-2119.744223	79.923945
-2119.776265	-52.790657
-2118.879760	108.950129
-2104.476316	112.334351
-2092.841790	-40.194507
-2085.795414	27.395777
-2079.724265	49.237113
-2067.401248	28.916471
-2068.966940	129.227246
-2052.068832	21.218965
-2048.946316	97.785422
-2046.918063	76.520010
-2042.965269	-40.987182
-2042.537689	45.114465
-2039.750769	4.889592
-2038.591351	136.297705
-2035.503711	122.737096
-2028.366486	-25.123897
-2024.392836	-13.603735
-1999.297668	91.729184
-2000.151421	133.626433
-1993.791116	71.214879
-1989.310328	-0.688574
-1961.031530	110.069900
-1952.470264	62.718577
-1947.444536	42.702790
-1939.323198	69.830232
-1935.308821	23.532929
-2108.715931	-34.608680
-2088.029270	114.483237
-2024.301380	74.808980
-2011.215062	-3.584152
-1989.984983	104.692070
-1960.740095	-55.039089
-2096.377677	77.084692
-2059.321090	-28.280090
-2009.458649	49.556314
-1979.886615	13.427531
-1974.766163	5.241164
-1968.618210	56.355931
-2077.055098	98.601317
-2071.626561	70.951852
-2060.432055	117.326236
-2054.247068	58.998721
-2025.173291	-44.791098
-2017.404086	112.711321
-2015.491206	62.267925
-1988.246807	63.085726
-1976.867223	77.958839
-1946.114127	-38.477586
-2116.757638	-148.654394
-2115.746981	-70.524016
-2108.221070	-215.740073
-2107.985252	-167.437427
-2107.082405	-81.916561
-2085.401728	-207.338020
-2086.210576	-84.655887
-2079.820024	-141.004207
-2077.251070	-97.744889
-2070.953431	-162.813083
-2071.106481	-213.156213
-2069.185740	-79.120608
-2063.020082	-165.782205
-2059.922914	-210.951757
-2052.435688	-129.053267
-2053.649230	-188.267053
-2046.357609	-111.112559
-2037.857323	-119.808311
-2037.399913	-160.353868
-2036.607815	-149.763722
-2029.064228	-197.226633
-2029.274957	-203.838572
-2028.086519	-175.090809
-2025.307753	-125.848319
-2019.837221	-108.741780
-2014.445997	-78.660130
-2010.995943	-142.330768
-1993.598245	-112.195992
-1991.135314	-82.584097
-1968.434292	-162.057515
-1962.825521	-240.612694
-1944.927314	-104.490874
-1943.033852	-136.464018
-2030.557586	-238.978821
-1992.815833	-235.697407
-1985.940753	-69.870881
-1985.198492	-135.204968
-1958.108551	-199.200086
-1955.589010	-192.265934
-2096.266932	-185.485499
-2048.767990	-201.730720
-2014.754390	-118.953738
-2010.592953	-210.261736
-1992.747580	-88.634871
-1965.930986	-92.012339
-1955.188882	-240.535530
-2030.491158	-126.146913
-2105.511330	-145.824922
-2085.469644	-237.540528
-2036.036419	-255.241532
-1999.232513	-112.158106
-1984.162981	-242.198400
-1971.354762	-184.009939
-1956.934172	-221.502302
-2050.818224	-222.588845
-2116.913794	-337.349367
-2106.645011	-295.582803
-2101.915708	-340.490561
-2097.814763	-429.579579
-2085.346959	-397.680047
-2080.436202	-326.706825
-2068.847775	-388.645360
-2060.149435	-313.998643
-2058.292332	-306.216921
-2051.243412	-390.153761
-2045.021286	-327.871774
-2032.922201	-425.305111
-2029.551932	-390.632093
-2021.569307	-369.371432
-2018.523632	-343.559989
-2015.688495	-290.211191
-2014.576025	-435.025985
-2011.318960	-400.240453
-2016.712189	-365.308627
-2008.051543	-424.415887
-1999.926722	-320.195097
-2001.571252	-297.922016
-1999.425348	-273.988103
-1997.773432	-368.771737
-1994.465034	-454.068949
-1981.108740	-354.037193
-1978.585268	-338.523420
-1968.533579	-390.574040
-1969.615505	-414.942064
-1967.194776	-282.073909
-1965.745037	-362.323248
-1964.105133	-343.397966
-1959.221901	-324.175992
-1957.776419	-452.956550
-1940.648655	-346.971077
-2108.324882	-392.425579
-2093.336931	-333.890077
-2093.057277	-341.878700
-2082.870218	-375.538611
-2076.196472	-302.360968
-2070.498124	-414.777093
-2053.373462	-440.710387
-1991.051262	-428.451507
-1966.522983	-379.522380
-2103.914390	-351.834401
-2072.462927	-339.566527
-2041.388779	-399.093843
-2040.332026	-284.144679
-2005.771472	-332.100945
-2119.902837	-409.308266
-1956.777663	-297.120988
-2100.030015	-412.016570
-2062.154511	-386.422717
-2050.137385	-361.975782
-2001.805531	-403.752904
-1967.760548	-406.473985
-1964.540094	-289.574908
-1953.943467	-433.573489
-2118.580673	-595.610570
-2111.188507	-489.105032
-2095.567594	-474.912111
-2075.256006	-513.780493
-2075.475594	-644.112339
-2072.911583	-493.209211
-2055.211539	-537.084140
-2047.783628	-512.518369
-2039.974605	-474.034674
-2036.120340	-539.900097
-2019.217554	-620.626713
-2005.923507	-641.891601
-1980.874640	-630.850479
-1967.890214	-559.271708
-1963.861562	-483.706699
-1962.648841	-622.939409
-1948.730886	-531.608008
-2104.718280	-632.782646
-2106.507449	-576.274074
-2032.932766	-492.501441
-1934.143631	-587.066147
-2062.906517	-577.220864
-2060.436136	-626.316977
-2047.892974	-651.533745
-2018.945577	-575.393150
-1957.381442	-492.448680
-2040.300495	-514.347476
-1998.999687	-571.721867
-2117.818056	-497.224647
-2102.772525	-556.752000
-2079.425874	-579.929963
-2075.487439	-468.553983
-2019.835593	-633.102284
-2001.184549	-587.092650
-1997.587180	-551.011986
-1940.903203	-580.886811
-1991.944411	-685.422234
-1972.951340	-703.129872
-1965.000621	-672.780585
-1946.465904	-669.111168
-1932.663346	-677.670483
-1960.362801	-724.260979
-1951.406024	-718.390958
-1987.900418	-672.733433
-1823.551502	-702.841595
-1806.699721	-676.036758
-1788.774664	-680.562731
-1765.911509	-717.837718
-1750.405006	-669.457587
-1904.883522	-693.470665
-1800.493226	-694.291497
-1795.670273	-698.020889
-1776.761382	-681.768467
-1910.903205	-521.462746
-1896.884258	-516.279389
-1892.584525	-528.855143
-1892.145632	-483.001995
-1882.732636	-617.475363
-1880.712415	-644.546273
-1866.406819	-466.233853
-1860.379323	-563.789596
-1848.532951	-642.589903
-1833.683350	-475.433393
-1826.231086	-634.870637
-1824.726304	-520.044789
-1814.635982	-489.423611
-1801.062493	-615.750474
-1793.756089	-488.984235
-1780.124011	-652.474969
-1779.754485	-528.615469
-1767.081561	-634.652395
-1765.684847	-605.110960
-1763.694361	-552.159555
-1761.574674	-499.916118
-1747.729548	-535.950747
-1745.217970	-522.382528
-1870.470745	-524.458545
-1865.206511	-589.148803
-1806.529737	-554.794927
-1804.294134	-510.319316
-1743.438931	-647.494685
-1737.455287	-487.154444
-1896.050659	-648.390316
-1876.369858	-650.915553
-1870.858433	-486.678356
-1838.510248	-534.657263
-1776.134341	-469.233797
-1761.348208	-541.687579
-1882.514741	-493.395811
-1851.893308	-515.542573
-1849.321808	-505.561071
-1837.520128	-599.623109
-1779.958455	-598.901889
-1920.520148	-311.695832
-1910.392542	-428.720314
-1912.124284	-297.123069
-1910.915339	-319.170557
-1904.546046	-332.922487
-1901.865643	-358.657430
-1897.855725	-276.303858
-1898.493295	-324.151431
-1889.807438	-375.789375
-1889.653594	-399.695229
-1883.706660	-327.132714
-1882.200203	-316.963336
-1881.554321	-294.740739
-1877.401344	-408.745468
-1870.653268	-399.150048
-1857.845216	-374.238608
-1858.398656	-356.354500
-1855.889502	-433.101172
-1854.915666	-319.221974
-1827.560456	-291.514765
-1818.608981	-347.116592
-1815.092032	-421.229795
-1807.987896	-275.390105
-1805.627165	-291.581324
-1794.032010	-361.393272
-1796.958466	-422.926875
-1794.002800	-391.814783
-1790.528517	-382.320719
-1773.996223	-400.188140
-1763.811197	-411.351682
-1758.497881	-330.875690
-1752.649105	-276.306361
-1746.529842	-374.071043
-1916.686555	-455.004725
-1888.383854	-391.906068
-1880.651916	-425.876017
-1761.637832	-347.869326
-1755.322909	-431.057774
-1836.910602	-427.468268
-1808.915783	-397.471005
-1771.899485	-327.656096
-1765.127356	-299.059177
-1753.328854	-327.047086
-1825.512910	-409.669871
-1805.927773	-268.627618
-1869.776104	-413.852850
-1786.176010	-329.848475
-1780.047830	-341.880215
-1756.996889	-408.528423
-1917.391681	-244.815819
-1908.043718	-217.003796
-1902.987219	-154.800216
-1900.290869	-201.517667
-1886.382194	-126.153098
-1882.683597	-250.402891
-1879.809619	-164.167286
-1869.517594	-202.182270
-1864.318719	-88.751723
-1849.736041	-230.076642
-1849.644829	-146.971812
-1838.053248	-84.822302
-1831.789251	-136.501478
-1825.400898	-116.041982
-1813.856929	-234.128148
-1808.512929	-83.170049
-1805.954708	-164.901359
-1803.801411	-154.334241
-1798.945031	-136.682389
-1774.011496	-137.661888
-1765.994288	-229.130869
-1761.252101	-246.449173
-1752.138510	-123.087567
-1741.743520	-105.689855
-1739.118120	-178.365589
-1900.694287	-113.196429
-1841.540308	-112.080494
-1821.187172	-206.649670
-1908.483938	-171.535783
-1908.094253	-97.372838
-1904.247797	-162.633430
-1893.708915	-146.421861
-1875.293685	-124.125186
-1790.999438	-98.486284
-1784.915540	-200.381143
-1763.992823	-129.410432
-1761.868660	-79.687820
-1909.418069	-74.175870
-1899.653139	-72.436220
-1823.995751	-154.605579
-1844.868688	-174.894735
-1809.073678	-126.840266
-1809.727756	-206.884336
-1790.446535	-177.314841
-1773.906185	-180.862851
-1754.257688	-149.577439
-1918.641864	61.251856
-1906.813527	78.154454
-1898.275501	-42.171084
-1886.011925	119.243187
-1878.564753	39.936267
-1875.455585	-41.732164
-1852.360339	113.198842
-1851.728563	1.985466
-1848.147689	31.148439
-1840.951187	114.737307
-1840.355396	67.328198
-1839.010594	90.700580
-1831.658959	57.119002
-1824.246656	-24.436721
-1804.593055	127.716264
-1799.935949	10.928395
-1792.395247	32.807820
-1780.698040	113.325748
-1775.806513	-36.565250
-1766.382831	97.862452
-1760.279531	-48.091759
-1756.447622	71.516952
-1758.327101	106.078961
-1749.406002	27.503824
-1744.734009	131.183450
-1739.889459	89.179524
-1734.052220	-17.470810
-1906.840873	-33.437440
-1901.888924	48.148023
-1885.824823	15.692608
-1879.917967	-20.792086
-1849.689200	-37.806629
-1814.169884	104.058276
-1774.882062	89.202714
-1756.413527	45.514597
-1889.640973	-37.850526
-1874.223681	96.876184
-1872.864707	5.480620
-1870.044601	123.509359
-1840.716683	39.789660
-1811.721064	41.600400
-1796.721896	-29.083462
-1779.385597	71.171635
-1766.095788	11.892788
-1919.129830	19.053400
-1911.974939	92.403664
-1907.847770	45.292014
-1905.222037	26.291856
-1893.617605	-10.585313
-1851.575012	85.556269
-1848.880214	8.991828
-1832.430446	61.694986
-1828.619922	39.757420
-1816.723277	-5.037783
-1807.192298	87.145281
-1803.684821	66.820546
-1783.538452	121.824791
-1754.013982	-15.232710
-1736.787104	-5.577529
-1914.621163	281.139622
-1911.558232	212.487588
-1910.546431	161.677942
-1900.847384	318.390517
-1884.078920	305.403650
-1878.348507	161.835339
-1868.915345	252.860917
-1865.782461	272.127217
-1864.506462	306.671827
-1846.260147	188.844010
-1842.855064	267.333436
-1839.071801	197.280865
-1836.446129	261.411510
-1830.458307	241.255845
-1829.276578	183.000074
-1825.387042	308.568116
-1807.347822	204.046097
-1806.602954	295.463405
-1785.865825	224.305788
-1785.632618	216.332485
-1782.953321	161.233193
-1775.698737	245.214781
-1765.168768	217.699155
-1760.897614	288.655261
-1758.650631	277.829345
-1751.757534	188.395833
-1750.554016	196.856918
-1744.682063	295.529637
-1893.620938	176.287908
-1871.775042	194.570837
-1870.913123	215.782897
-1865.393453	296.589765
-1857.418849	225.686157
-1793.356148	304.490221
-1785.358074	189.585531
-1771.598678	314.527562
-1762.474858	182.407407
-1750.834650	252.246470
-1905.605332	241.743130
-1902.932911	311.387955
-1886.756127	205.030507
-1830.291976	262.018891
-1806.468740	255.092685
-1782.994616	284.443604
-1886.166543	299.319301
-1878.344542	239.274576
-1852.429146	206.043733
-1832.741587	221.599214
-1827.072322	291.679663
-1791.110186	230.784386
-1779.862042	261.780960
-1918.231510	471.602205
-1909.303934	448.147225
-1906.562799	401.987544
-1903.955176	506.559511
-1900.269795	471.503849
-1897.351725	434.426872
-1896.551796	510.080226
-1884.901415	448.485010
-1882.019321	368.025840
-1877.522155	346.081369
-1870.933821	410.760672
-1871.137782	402.279926
-1854.895118	420.482682
-1846.047685	446.358273
-1845.365331	376.764559
-1830.523094	354.092742
-1828.294466	437.407204
-1805.979757	375.031597
-1810.970264	475.624633
-1793.534136	513.731900
-1779.971613	455.929622
-1762.545557	373.058540
-1752.386136	371.443359
-1907.807679	514.781519
-1879.649212	509.042581
-1872.060924	507.468868
-1858.234475	456.485121
-1846.933820	533.661302
-1817.780098	433.246880
-1801.957314	353.705834
-1781.302549	417.165065
-1738.633107	419.757736
-1922.175123	442.926526
-1898.238557	382.449517
-1847.032759	354.876245
-1838.040617	367.015730
-1817.553483	471.608020
-1791.525882	425.619616
-1907.646898	473.978170
-1903.162177	517.238039
-1882.019555	430.290459
-1832.129260	440.769518
-1807.233443	512.692313
-1795.728015	470.434671
-1763.419790	368.301488
-1919.087498	636.343311
-1901.146298	644.585201
-1892.810866	616.362623
-1891.083656	632.556199
-1879.710208	694.609188
-1877.997607	734.043355
-1865.234286	724.626652
-1862.101544	551.253917
-1853.534495	583.208493
-1841.525074	682.961396
-1824.886721	707.776765
-1824.551637	659.729452
-1796.147887	665.222937
-1794.135546	574.635367
-1788.806333	631.207858
-1761.328963	693.305257
-1754.711012	554.917716
-1734.242330	714.095978
-1902.189804	698.005329
-1889.655423	556.525832
-1856.252334	688.541165
-1850.965270	716.230951
-1817.848512	642.969895
-1796.274164	634.010198
-1776.324928	712.273130
-1761.095172	638.646818
-1752.941743	568.947110
-1752.866063	633.991770
-1855.877923	616.787892
-1824.366511	687.187563
-1824.159449	609.648239
-1913.774718	674.875811
-1909.921217	645.191602
-1821.600017	586.778088
-1806.517089	648.402372
-1833.877708	560.444358
-1822.315888	555.084484
-1916.352023	900.920124
-1917.593004	927.227436
-1910.028649	784.884513
-1901.220668	906.405034
-1889.245259	890.336434
-1876.203880	750.454306
-1868.276550	862.015442
-1867.001316	819.617154
-1866.142953	770.831789
-1858.145325	831.010643
-1849.605979	865.490551
-1851.437777	887.476739
-1847.474369	749.119436
-1833.208317	820.420114
-1825.706518	838.706277
-1819.382990	929.868230
-1804.133942	761.640468
-1792.453580	925.318425
-1789.135424	821.118419
-1768.932033	772.529148
-1767.414277	783.314728
-1756.741873	869.513942
-1751.693977	810.904225
-1752.735468	909.391098
-1746.926662	890.429463
-1745.920147	782.311831
-1737.261091	904.653420
-1881.275273	795.563364
-1794.920393	884.455742
-1789.369284	807.207138
-1783.649512	865.725742
-1759.673246	833.531033
-1905.663132	865.669634
-1853.529563	819.552295
-1817.127055	901.123022
-1802.756040	846.781220
-1804.916893	904.114909
-1887.787254	818.905284
-1770.824594	913.221599
-1895.682877	763.802863
-1879.349774	928.583879
-1853.761472	752.263603
-1848.841483	833.199448
-1824.021879	865.144646
-1708.974143	748.179505
-1707.346425	872.247590
-1708.851046	914.457206
-1699.627380	894.703047
-1694.200461	746.119750
-1685.984767	893.618414
-1682.503944	835.155159
-1678.937283	787.914784
-1669.568661	814.496031
-1665.259308	751.715346
-1661.701374	920.043950
-1647.093203	751.418931
-1646.058170	761.085826
-1640.404099	779.788537
-1630.749402	853.525061
-1630.090497	918.201192
-1623.753096	798.417531
-1599.048107	809.586742
-1596.576982	898.717451
-1596.338939	878.891863
-1594.794440	849.413900
-1577.527030	833.422368
-1571.103810	783.451257
-1561.604460	814.615874
-1558.704133	879.985159
-1556.675486	748.602886
-1555.057467	905.058765
-1553.971662	768.250463
-1551.434657	891.596711
-1538.333332	825.257255
-1700.807522	820.346628
-1675.040353	763.240685
-1655.945590	860.476975
-1617.953811	817.882540
-1615.612212	828.599527
-1612.260989	777.409032
-1592.221247	829.084110
-1570.397846	809.052192
-1540.708408	796.883619
-1692.788062	760.501784
-1690.561612	813.467117
-1597.292075	794.869192
-1543.610452	753.915027
-1716.873089	875.407265
-1675.017671	879.194314
-1701.582773	775.461410
-1685.163648	768.416177
-1607.229660	762.078585
-1590.887705	916.758813
-1582.545990	781.769307
-1575.698146	773.356408
-1574.646110	905.074782
-1535.682903	791.218387
-1704.158082	721.584251
-1704.753150	570.706101
-1701.579024	679.010971
-1693.581981	621.031816
-1685.698300	647.393985
-1682.227409	610.219545
-1680.448433	697.687828
-1663.692603	635.865967
-1657.540982	711.852157
-1645.638035	710.621620
-1640.923671	704.471605
-1631.363334	644.024596
-1613.142898	724.837226
-1603.172788	626.913511
-1597.576182	658.275963
-1597.040714	624.381310
-1592.243673	654.521884
-1592.200251	620.354564
-1583.836361	614.194526
-1574.264156	584.017581
-1570.560855	678.490343
-1561.924604	703.923387
-1560.200964	631.445281
-1546.588032	705.389425
-1713.893502	575.158962
-1677.469951	553.579020
-1657.862051	603.146058
-1636.355061	589.974158
-1634.619585	577.749866
-1590.705024	549.680431
-1572.534521	645.507984
-1563.931730	654.162308
-1554.483096	647.981724
-1663.779058	717.699607
-1615.856340	618.723374
-1602.393606	678.086064
-1606.950918	662.043403
-1540.622636	668.074868
-1606.900818	552.145337
-1587.171796	645.831483
-1672.503855	701.926458
-1650.912790	655.374539
-1622.423963	668.836057
-1606.974460	730.091632
-1593.262979	610.165689
-1552.826707	596.151405
-1551.656338	729.683434
-1709.831115	472.348150
-1709.381754	451.953532
-1686.515797	477.996373
-1685.395134	410.664644
-1682.607092	379.199279
-1677.574409	482.478725
-1665.591536	480.758016
-1653.500387	383.539156
-1652.043881	529.311434
-1642.008559	440.646882
-1627.302375	467.291881
-1620.753395	529.456679
-1629.926492	493.829454
-1610.539604	527.358972
-1606.531359	493.777414
-1594.609078	489.586568
-1566.010245	528.005775
-1556.529665	345.509238
-1542.739848	531.912855
-1540.694064	459.337119
-1702.958917	489.678173
-1679.667183	447.530822
-1659.545964	390.176212
-1629.736663	398.540406
-1606.450770	479.624252
-1582.676817	408.242393
-1710.902860	350.913132
-1681.860384	395.200751
-1634.075261	511.778798
-1566.735170	404.334746
-1565.068976	485.312864
-1554.671188	532.534107
-1537.307188	366.212772
-1615.199229	409.031475
-1614.899201	438.029866
-1541.730981	432.346312
-1718.782822	449.879003
-1700.701721	372.956297
-1624.493518	520.070526
-1626.905761	438.858133
-1712.412872	219.968113
-1699.277425	253.555398
-1692.730833	321.094132
-1678.425575	195.613174
-1670.440072	316.862540
-1664.735076	288.428462
-1651.181530	166.375799
-1648.412237	187.224401
-1638.421599	160.960079
-1633.474466	174.271472
-1632.737357	197.017565
-1616.995422	153.527485
-1609.654093	286.548094
-1605.337575	246.127095
-1594.406713	198.670338
-1592.131555	184.664605
-1579.237542	228.313371
-1575.463002	148.304522
-1569.242207	159.812715
-1569.378772	290.066196
-1557.607965	180.929140
-1554.137813	199.105330
-1549.804312	151.780328
-1545.596646	160.902304
-1721.029173	258.910877
-1716.485321	152.676320
-1690.284141	236.153223
-1690.697142	189.480616
-1689.243662	291.988936
-1633.825480	259.674767
-1612.860850	311.788489
-1566.093894	267.121764
-1553.871278	232.044829
-1545.474525	262.100569
-1702.269414	211.484738
-1675.900006	165.390386
-1667.082380	161.830059
-1664.021156	182.861745
-1647.048316	165.823065
-1641.294143	212.383504
-1632.251703	158.969018
-1623.586762	163.493042
-1604.252979	159.106879
-1584.658214	266.127138
-1537.058804	147.889653
-1652.761338	254.069608
-1613.992113	301.776339
-1584.951275	247.782263
-1702.529692	171.528854
-1673.733510	253.011099
-1608.131657	219.143690
-1560.004215	247.462353
-1716.736097	-2.090995
-1715.321169	-13.224483
-1710.899647	66.498384
-1710.882314	85.652628
-1707.405103	-28.504595
-1696.486985	-30.181114
-1692.286501	96.642044
-1681.609019	-7.673384
-1675.870220	-36.084063
-1665.880605	77.357043
-1657.060313	29.030911
-1648.464277	89.089611
-1653.286429	26.363715
-1645.692622	-11.962393
-1644.274907	45.236088
-1643.138722	127.688081
-1634.628492	80.764288
-1633.769177	91.127777
-1627.730213	129.544836
-1627.998704	58.138585
-1623.042822	-25.680443
-1617.754727	39.187207
-1613.254511	-13.544970
-1604.812993	99.570086
-1607.867870	22.030608
-1597.304579	-5.944202
-1589.737601	116.371543
-1585.720543	125.456577
-1578.950209	-49.378086
-1575.110387	124.680869
-1567.213793	32.851968
-1565.897786	108.363648
-1649.941271	-50.588390
-1574.699764	35.082086
-1548.569151	123.181768
-1553.278876	97.107172
-1695.476950	132.342183
-1663.369456	65.261611
-1601.538308	79.140830
-1597.372754	-21.086764
-1573.589197	62.558242
-1568.392723	93.390932
-1565.163529	-8.032236
-1537.699935	-51.129723
-1670.695003	130.566770
-1635.406064	43.915203
-1620.372250	103.908883
-1608.032652	62.477433
-1552.698552	-8.597851
-1684.694283	115.705155
-1660.901872	-26.772078
-1661.105808	73.321848
-1610.423398	105.906062
-1606.163528	3.780748
-1586.069178	29.449664
-1566.589042	-39.092255
-1547.560437	74.891692
-1701.248534	-153.085378
-1697.291199	-160.975107
-1698.163104	-121.503927
-1667.284225	-164.300663
-1661.801176	-128.262908
-1656.926957	-83.601952
-1642.096891	-79.970192
-1638.358312	-204.334199
-1638.076912	-114.978586
-1605.847023	-131.282745
-1604.028344	-159.071139
-1600.209383	-165.303950
-1596.614273	-119.422677
-1587.033365	-224.877502
-1580.336750	-97.904023
-1574.403897	-181.088634
-1556.815859	-152.720489
-1661.617268	-222.364272
-1652.239616	-128.820291
-1648.672759	-164.967205
-1625.970822	-98.942174
-1620.495149	-188.322508
-1609.590576	-93.699010
-1598.359543	-135.706074
-1582.470536	-71.031209
-1572.694981	-138.935268
-1550.413710	-71.864658
-1712.651213	-165.985440
-1712.615758	-173.699149
-1655.280185	-244.029673
-1647.848898	-218.200511
-1556.213931	-231.626629
-1557.111285	-115.998902
-1669.050230	-92.879326
-1657.781680	-214.907412
-1622.163471	-87.030457
-1561.567770	-66.762703
-1719.639065	-371.386124
-1718.633419	-315.564407
-1716.143537	-406.686327
-1703.449362	-403.103323
-1685.409287	-310.538057
-1670.914681	-390.986361
-1667.200001	-309.438946
-1667.247247	-451.938204
-1665.611758	-435.912337
-1662.249978	-352.503580
-1626.906517	-401.855599
-1625.901266	-380.163956
-1608.527381	-411.342601
-1603.416671	-395.264504
-1602.636028	-354.959623
-1597.174595	-338.616116
-1591.021976	-331.394648
-1587.572413	-301.139980
-1583.010314	-450.230245
-1562.502013	-424.751708
-1559.686760	-273.449436
-1552.482576	-315.102475
-1718.412153	-443.062860
-1684.938947	-321.667109
-1612.616058	-393.036799
-1577.289147	-353.206273
-1559.604008	-365.435183
-1546.262691	-431.921185
-1714.254399	-298.711332
-1709.366134	-424.723977
-1692.877648	-378.851141
-1665.617204	-286.828863
-1638.774426	-351.606794
-1616.418384	-420.900967
-1568.173460	-336.535963
-1714.285985	-276.841465
-1706.694916	-275.617223
-1704.473627	-322.749349
-1669.973983	-414.411090
-1650.775911	-318.487792
-1622.986149	-275.696833
-1696.551802	-436.694802
-1690.665672	-307.665131
-1690.140509	-285.792140
-1664.282947	-342.986439
-1637.432271	-292.229839
-1597.377972	-347.854513
-1542.536381	-285.554514
-1539.816557	-292.219315
-1717.005144	-637.694274
-1710.712515	-596.182752
-1701.538426	-513.756770
-1699.123445	-545.222457
-1694.899799	-505.392619
-1681.491441	-644.534193
-1673.227930	-627.213019
-1668.213699	-479.310703
-1664.598495	-506.376472
-1660.687849	-534.628909
-1659.300523	-593.911091
-1652.618530	-546.658771
-1651.777522	-481.542782
-1642.152908	-472.658681
-1642.163219	-492.944165
-1639.527368	-624.119330
-1632.038663	-477.213558
-1626.388517	-647.544770
-1625.734536	-533.007155
-1624.954667	-492.384027
-1619.253646	-599.911697
-1617.885942	-505.397374
-1608.993279	-527.775625
-1590.657719	-502.387005
-1585.387833	-610.510729
-1580.246990	-563.325948
-1571.272234	-603.514775
-1562.067924	-517.201885
-1548.345609	-557.404119
-1538.172348	-520.089885
-1537.149381	-495.286216
-1687.018706	-545.344418
-1674.686280	-636.668453
-1651.678607	-635.115236
-1642.004093	-637.866427
-1608.932943	-489.610506
-1576.169556	-551.643377
-1681.419174	-627.225764
-1663.670952	-616.038931
-1644.277041	-609.238944
-1600.785506	-562.968685
-1556.764371	-498.372611
-1711.283042	-480.038134
-1676.515599	-545.355178
-1617.917611	-570.310203
-1603.683823	-634.702026
-1595.156603	-593.939980
-1579.124918	-537.976102
-1553.835504	-561.014348
-1682.322722	-679.329761
-1680.476343	-701.496871
-1659.602555	-735.484153
-1655.187062	-723.061359
-1652.440058	-734.733939
-1649.022751	-704.773058
-1641.079368	-732.444550
-1632.838431	-666.143791
-1624.387260	-710.087095
-1616.377790	-685.627883
-1606.516287	-709.939438
-1603.883089	-731.005506
-1568.924219	-679.741769
-1717.890779	-682.665766
-1714.516560	-702.744623
-1701.358643	-676.325295
-1578.490822	-699.682670
-1715.463033	-694.625392
-1650.659819	-696.263624
-1664.423724	-675.141028
-1665.077771	-714.219433
-1633.170549	-710.347338
-1618.015310	-725.558890
-1451.742915	-670.225389
-1426.280949	-666.843943
-1419.258778	-684.312360
-1408.684307	-666.651491
-1389.705009	-703.263685
-1339.705352	-679.739560
-1350.846686	-679.141847
-1379.410832	-679.812179
-1364.889030	-680.728989
-1475.640864	-686.067887
-1468.235923	-680.011250
-1521.796059	-555.570748
-1516.433776	-584.071755
-1515.169180	-496.200981
-1511.784975	-467.100228
-1505.510410	-541.116526
-1474.622584	-570.552234
-1470.448325	-475.485125
-1469.017274	-553.683738
-1465.832219	-510.909801
-1447.883625	-653.499879
-1446.065957	-473.000676
-1444.130607	-561.078848
-1436.275013	-489.294746
-1433.952730	-607.101356
-1432.421353	-570.292842
-1427.881994	-508.266044
-1420.706116	-566.830980
-1410.859747	-516.517472
-1405.752895	-564.785259
-1404.277283	-594.024387
-1399.504685	-532.090895
-1392.965114	-599.048946
-1385.645196	-615.733355
-1383.134935	-651.981113
-1378.101938	-499.767936
-1369.236663	-521.740359
-1352.834849	-474.780503
-1348.292517	-632.376852
-1336.934441	-571.364039
-1492.033779	-521.977018
-1474.418056	-508.947694
-1469.745371	-546.973928
-1438.409025	-524.350243
-1413.819431	-503.803259
-1408.999153	-548.385105
-1406.733733	-605.298395
-1377.683146	-576.498006
-1369.582599	-505.333798
-1357.262652	-541.826470
-1357.036382	-611.697053
-1502.992792	-582.448615
-1463.044715	-525.437123
-1429.074691	-639.104915
-1384.779545	-543.775211
-1374.939759	-489.748072
-1489.582092	-478.911809
-1448.074028	-636.175574
-1411.133528	-491.261105
-1398.695730	-478.084636
-1520.163139	-342.761331
-1488.693538	-381.769383
-1481.919479	-310.438614
-1480.858057	-289.932581
-1476.746500	-337.542270
-1467.176291	-300.035371
-1451.279507	-453.154745
-1449.609523	-446.056967
-1426.873053	-337.186537
-1420.596024	-331.586951
-1414.308430	-358.124395
-1416.763124	-440.386342
-1402.944745	-421.515508
-1384.886458	-411.323155
-1380.808205	-326.505235
-1372.115951	-447.964106
-1355.809428	-268.169936
-1339.030066	-353.101874
-1513.643886	-292.767307
-1456.947840	-442.028406
-1415.030082	-446.125973
-1403.620793	-319.865010
-1342.152575	-300.020350
-1341.623618	-449.357240
-1496.013919	-276.768830
-1488.724945	-274.148669
-1483.664078	-367.186530
-1390.750595	-436.189287
-1359.192814	-388.069542
-1352.470157	-326.883228
-1384.442186	-305.752297
-1476.232519	-449.340682
-1435.806408	-304.937583
-1420.026392	-281.943877
-1398.660078	-395.601587
-1358.090361	-334.246015
-1520.982419	-137.255061
-1511.759239	-73.693501
-1510.954063	-110.839150
-1506.347135	-238.333443
-1498.922802	-152.726334
-1488.325590	-200.321385
-1483.518501	-172.776564
-1469.784850	-206.843680
-1460.783328	-126.669957
-1435.419601	-174.033939
-1432.224841	-104.300357
-1430.337841	-202.658969
-1426.556044	-236.086518
-1416.710160	-106.599068
-1409.483249	-76.677089
-1407.851203	-251.745415
-1405.529173	-107.658162
-1401.339562	-116.838394
-1400.013923	-233.946560
-1386.599404	-227.922772
-1384.274431	-188.757357
-1382.821767	-120.992729
-1377.090623	-95.836966
-1378.793599	-167.554013
-1354.881270	-137.004158
-1518.329863	-188.318617
-1497.240569	-105.045852
-1484.363820	-147.528225
-1483.269770	-133.510701
-1481.906758	-124.422761
-1461.721524	-186.181953
-1456.192473	-107.673281
-1425.571357	-217.082951
-1397.541173	-85.783289
-1375.016943	-133.630302
-1373.832955	-139.796478
-1511.067502	-164.377298
-1456.996580	-94.794055
-1440.439123	-133.261426
-1431.482120	-150.070306
-1422.994447	-151.584479
-1380.263155	-195.956575
-1353.604041	-229.819892
-1341.404150	-107.258566
-1341.943976	-135.279765
-1511.293770	-102.029771
-1516.384108	-249.850275
-1468.567575	-178.686762
-1426.638824	-241.431439
-1406.686403	-224.787791
-1361.798525	-139.003216
-1515.278074	126.993900
-1514.952122	59.577370
-1509.905691	94.866106
-1510.236796	-11.581416
-1501.170896	103.093998
-1497.706732	47.358894
-1492.045883	65.185070
-1482.229577	84.440937
-1478.513551	-4.101174
-1478.180829	35.877019
-1471.404322	13.355440
-1470.835753	59.641756
-1460.867330	79.130165
-1459.944925	36.939764
-1459.924891	-26.588224
-1433.717986	95.484642
-1433.896445	19.704415
-1432.673941	76.955966
-1412.617821	2.774258
-1393.879158	31.188700
-1382.748406	14.443965
-1371.124372	-21.870264
-1367.458594	22.457344
-1360.995178	93.253831
-1354.789672	110.150839
-1500.880878	23.366009
-1497.002976	21.961618
-1461.025370	123.512766
-1424.898972	62.128588
-1414.264931	-48.460885
-1346.889277	-20.992941
-1480.530588	129.941315
-1459.839823	87.117420
-1396.799095	-41.410976
-1351.879129	128.360065
-1348.884377	37.344992
-1343.659906	127.454248
-1484.781401	72.211353
-1465.632219	-8.078180
-1451.137383	108.325181
-1450.650727	102.277147
-1352.390076	14.735360
-1493.128282	-12.971585
-1474.755344	-22.863411
-1462.248725	17.655187
-1464.897474	131.960535
-1457.218626	45.556869
-1339.858740	-46.082200
-1522.510422	206.569516
-1517.332676	204.160043
-1510.773197	179.719079
-1505.757648	188.946705
-1485.018891	157.123848
-1458.638729	233.015629
-1453.890395	208.867071
-1450.570041	219.164167
-1447.709371	302.731058
-1446.137778	236.236786
-1430.789106	334.671014
-1429.647548	252.836348
-1420.176144	278.654199
-1412.119893	214.141757
-1403.411678	165.829287
-1405.635437	252.819131
-1403.297790	200.295799
-1393.184512	161.408173
-1383.121650	263.623291
-1381.514946	248.016440
-1379.720818	202.543750
-1376.904261	290.014597
-1375.876538	233.084895
-1376.329316	173.797740
-1355.524390	329.398485
-1352.494451	226.286532
-1346.586010	245.620053
-1348.861046	234.405756
-1336.292472	161.328000
-1481.215290	197.796774
-1458.485435	310.549190
-1447.422070	274.547713
-1420.542099	230.530474
-1396.607121	173.815863
-1393.358865	225.686979
-1356.991370	180.175777
-1338.682751	243.884777
-1491.285123	171.987026
-1477.907750	297.946231
-1422.927849	155.587809
-1407.129786	183.052478
-1363.518468	195.563482
-1340.816177	195.309474
-1466.452895	166.428673
-1359.099987	288.446757
-1479.273423	254.425245
-1449.299869	155.145572
-1445.848197	162.104897
-1382.999560	194.423101
-1359.154357	150.584500
-1353.979275	213.703927
-1335.876092	206.996335
-1524.394195	425.603320
-1519.040966	383.363954
-1519.520045	394.956824
-1516.275240	376.286900
-1514.635078	508.912786
-1512.443392	418.173112
-1512.129404	467.138168
-1506.724725	453.461991
-1489.045799	463.148244
-1472.155704	399.612245
-1465.111584	496.399115
-1459.221646	490.489901
-1461.291684	377.872839
-1451.841050	411.309195
-1441.649391	382.242116
-1441.832903	504.119428
-1436.716683	440.189347
-1409.111609	463.283412
-1384.982094	399.483483
-1377.817923	358.885259
-1376.427306	444.696157
-1365.472403	397.660055
-1361.459404	481.317240
-1356.714214	397.243937
-1338.685821	445.987800
-1477.483729	504.862020
-1442.634271	362.053044
-1412.926697	376.206251
-1406.726597	506.884881
-1399.930418	382.599021
-1397.408666	501.869996
-1387.986277	381.419021
-1347.103549	459.557923
-1496.617446	518.905965
-1489.442173	516.119301
-1480.889910	421.003059
-1473.119978	378.330611
-1403.927009	477.513517
-1352.441296	354.900212
-1345.668545	379.311169
-1338.486558	378.376308
-1337.174792	527.397580
-1519.207505	529.208827
-1460.793446	420.582961
-1459.433859	426.742541
-1385.608767	450.069894
-1378.764902	402.066433
-1348.567798	448.556995
-1381.346047	430.754366
-1375.615393	423.421898
-1365.052127	501.261802
-1363.570163	469.476739
-1348.481496	496.279204
-1336.268769	466.165940
-1475.407035	479.706373
-1511.810573	694.889509
-1515.758845	565.435303
-1507.955726	702.003379
-1510.511189	617.282731
-1501.915320	655.406961
-1501.933105	638.893931
-1496.100498	709.754691
-1485.851533	731.077214
-1481.416222	605.364794
-1475.304850	571.666643
-1471.589520	646.831158
-1469.903495	709.984923
-1470.483518	584.648404
-1463.909560	622.151062
-1459.398810	729.422612
-1455.841397	666.179614
-1451.757745	610.402770
-1450.947506	706.756927
-1437.529698	602.485222
-1429.727874	599.152935
-1421.406260	552.798257
-1414.840632	604.519358
-1415.278820	558.441016
-1393.768144	635.230013
-1384.730718	597.806415
-1379.663584	684.171576
-1377.683796	556.760314
-1371.368987	565.316186
-1370.525043	650.557962
-1337.846800	669.790613
-1332.766420	580.004016
-1516.934855	663.768234
-1515.179149	570.193451
-1438.000692	719.346981
-1400.849350	566.014196
-1394.837191	725.328914
-1389.121196	575.907715
-1360.583469	688.124239
-1351.215139	690.859530
-1428.446595	630.103093
-1504.037316	554.863108
-1408.479661	597.351849
-1362.304424	676.454068
-1469.556734	676.050676
-1470.208103	672.997544
-1461.113832	668.759208
-1422.700331	704.945053
-1419.103299	732.940190
-1417.640123	573.662287
-1415.001239	708.886009
-1406.219046	681.529871
-1399.864296	719.014332
-1371.226190	584.873642
-1518.655411	858.392186
-1499.358017	895.654467
-1494.686033	820.444310
-1497.004661	840.363340
-1483.978018	844.129392
-1475.493680	863.368954
-1460.672147	827.440014
-1461.747126	868.489230
-1456.870506	781.408289
-1458.532111	771.062751
-1454.537621	792.297631
-1449.438370	851.797308
-1449.553314	887.789568
-1452.012601	931.889505
-1443.157457	815.807447
-1439.276949	893.139691
-1437.899025	762.121564
-1430.651036	838.691678
-1421.986000	881.569623
-1420.079120	863.638152
-1414.467014	830.497886
-1400.447504	763.756825
-1397.606612	784.395592
-1387.677662	931.149049
-1378.294228	802.963241
-1377.895056	762.090416
-1368.909257	800.531500
-1358.822484	828.730847
-1356.311661	773.405041
-1351.823955	792.030709
-1353.439310	761.507328
-1343.416307	760.731373
-1341.245550	849.022125
-1514.062391	790.907870
-1505.194849	881.156346
-1502.648317	762.189467
-1487.554750	919.224293
-1443.083082	807.024107
-1426.305929	931.090865
-1417.576457	913.275771
-1397.484548	746.842837
-1389.490821	852.254224
-1369.088312	747.858703
-1369.301214	758.849241
-1484.397673	782.876069
-1369.186936	814.865786
-1364.099861	812.395696
-1343.569564	864.077711
-1491.591903	926.349425
-1436.114065	905.449171
-1432.802227	773.139776
-1400.356526	808.679928
-1354.991682	844.515967
-1469.884876	908.986796
-1454.945241	881.890028
-1340.938103	820.575007
-3106.435193	-456.597528
-2929.644428	-493.933296
-2928.769973	-277.730921
-2933.215078	-360.670919
-3068.206137	-62.789877
-2980.482001	-254.413775
-2932.421109	-157.459516
-2927.980273	-198.444302
-2927.585459	-216.866169
-2956.159380	-63.776804
-2921.683319	-115.340875
-3125.466823	3.042592
-3092.491768	140.065163
-2925.277142	69.679269
-2979.431837	139.460327
-2935.205793	141.438987
-2992.114088	140.623220
-3056.529306	337.832509
-2935.923616	432.239929
-2928.740218	493.830906
-3059.038201	541.144604
-3089.012449	741.064893
-2926.971130	712.456745
-2925.954097	547.050464
-2937.486794	608.884240
-2931.113005	918.202634
-2929.397619	858.760880
-2925.918309	813.562241
-3122.988442	838.702183
-2974.244357	931.099321
-2942.498788	932.899100
-2764.070546	737.808441
-2725.994662	848.474028
-2917.047040	740.603696
-2821.027975	740.575196
-2828.766768	540.141327
-2728.185626	585.565546
-2724.860637	731.651664
-2731.131315	612.517500
-2919.789305	611.117312
-2806.582801	341.056406
-2738.466472	417.521048
-2732.452981	519.651306
-2722.833240	455.775417
-2747.275996	144.775769
-2727.510499	174.055248
-2880.968905	142.276420
-2782.824596	141.348438
-2729.414180	-158.253992
-2733.869771	-171.234291
-2766.308680	-257.475151
-2727.068062	-233.039815
-2904.981163	-459.603563
-2864.840439	-453.003836
-2735.721617	-293.773304
-2847.547948	-268.427976
-2720.600248	-274.458926
-2730.637481	-640.217589
-2726.284792	-601.578734
-2728.126960	-569.624064
-2636.601967	-456.901488
-2537.171526	-487.871880
-2535.027029	-629.597415
-2527.596471	-535.328087
-2531.487021	-515.509867
-2639.721232	-255.069690
-2592.722662	-258.578498
-2542.832337	-260.782723
-2525.238305	-279.824141
-2630.024003	-266.813261
-2580.578106	-263.409672
-2529.454764	-422.399106
-2600.408135	-456.461021
-2608.848557	-58.663480
-2527.825240	-80.763422
-2527.514608	-192.616221
-2580.955414	-62.242678
-2651.473052	142.558032
-2526.418428	74.394158
-2533.725086	-22.828026
-2717.492772	20.989640
-2717.742313	265.046338
-2705.414642	144.986720
-2604.523833	337.773218
-2534.221670	181.383807
-2527.829346	210.089527
-2525.074079	301.747339
-2528.684349	248.300037
-2524.947388	221.170793
-2519.196540	416.304893
-2573.916048	541.800045
-2536.056465	527.701102
-2569.618049	743.986825
-2535.114861	630.373661
-2531.613906	555.882387
-2534.957711	711.109919
-2720.659307	862.015198
-2525.388171	885.074608
-2722.647213	814.652078
-2531.029515	795.874203
-2523.505083	928.484441
-2354.574183	737.980712
-2332.520895	827.729431
-2477.811039	731.664365
-2325.733791	566.385631
-2492.954935	543.363636
-2358.420178	134.964171
-2328.614218	151.586774
-2328.373987	304.591292
-2487.814291	134.167299
-2328.056857	-41.990282
-2519.918263	-4.807092
-2488.361619	-260.294365
-2467.718755	-261.383960
-2419.837092	-65.285047
-2415.449313	-259.957440
-2526.868877	-73.399817
-2366.166410	-263.136839
-2521.579055	-388.610486
-2332.796662	-564.629043
-2331.340074	-557.661450
-2162.538136	-656.271716
-2136.221990	-558.593215
-2131.277349	-507.922505
-2261.504082	-459.193065
-2146.194222	-259.818655
-2128.765266	-444.084775
-2269.607734	-258.553389
-2126.903611	-428.414223
-2128.443632	-408.410630
-2281.052839	-263.414944
-2254.410135	-62.171993
-2136.037967	-65.006720
-2129.826965	-176.500414
-2127.007837	-133.140634
-2322.875364	-138.113211
-2236.616206	-64.014244
-2135.085494	-61.834763
-2322.042623	-8.746624
-2187.760658	138.880040
-2132.658440	117.241301
-2322.177240	14.836240
-2126.960061	132.723972
-2173.292056	135.666771
-2315.525619	335.205999
-2249.366395	335.267059
-2127.441794	156.105414
-2155.624839	339.151387
-2322.088493	537.183179
-2262.015283	536.994857
-2132.105689	500.161654
-2130.395707	402.047654
-2128.537826	528.663778
-2196.066119	345.791385
-2187.431865	344.745647
-2317.227578	553.216942
-2129.655176	695.068360
-2130.326031	672.481440
-2150.723822	930.852999
-1929.558631	878.774362
-1942.625447	749.652504
-1933.076130	807.053076
-1927.447967	914.293938
-2108.227394	739.581078
-2034.953353	740.763981
-2102.060344	533.055013
-1926.847202	595.175178
-1933.268791	561.359567
-2001.839111	732.019628
-2005.499214	346.442004
-1994.323731	335.946800
-2115.771545	343.796156
-1935.153851	483.263855
-1931.532390	383.741545
-1929.859801	400.992488
-2124.219642	487.341947
-2121.620393	331.125631
-1928.872851	298.694534
-1930.225125	317.199573
-2091.010647	-61.712311
-2024.231338	-61.206208
-1928.188753	-48.415852
-1995.812454	-61.583414
-2123.218017	-87.794474
-1928.557571	-74.998013
-1926.484389	-214.500942
-2083.499545	-267.544083
-2073.188463	-463.300342
-1927.139108	-297.432240
-1924.151296	-354.190818
-1929.126257	-608.557119
-1924.358546	-495.431809
-1922.838442	-657.765613
-1729.050262	-681.810702
-1727.417496	-601.173438
-1723.470135	-583.763715
-1721.620918	-520.154555
-1820.170030	-458.497963
-1725.940328	-543.709774
-1731.653581	-271.445422
-1731.664326	-141.780160
-1721.251246	-161.345490
-1908.097629	-61.886384
-1724.576038	-97.100157
-1727.086877	-230.825496
-1732.405557	-195.636592
-1836.051251	144.302767
-1726.787489	127.667439
-1715.133744	30.699066
-1737.557542	-50.707371
-1725.718532	108.636844
-1729.367958	297.636621
-1724.420075	250.345388
-1727.808272	323.471580
-1725.655881	172.008416
-1724.774645	284.181966
-1907.536582	146.757351
-1921.592655	365.584296
-1800.291695	541.180779
-1735.613429	471.035948
-1735.127190	377.772077
-1726.384099	391.722022
-1723.479933	368.963494
-1729.980858	477.047993
-1730.471172	412.343749
-1803.194275	740.510330
-1725.720186	630.586101
-1723.805235	652.981028
-1737.360472	586.573764
-1829.453425	739.851320
-1820.692894	738.357711
-1760.165284	748.008196
-1731.577833	848.330627
-1734.111912	872.240811
-1726.176080	870.965249
-1530.674207	785.634303
-1722.712563	901.487154
-1671.560000	744.534160
-1535.084281	883.037929
-1722.911031	700.603092
-1708.295530	543.545055
-1660.045103	546.260360
-1641.691942	539.101488
-1568.292871	539.155191
-1549.057607	539.263569
-1530.196383	715.932262
-1534.653251	615.046073
-1721.319771	407.796517
-1610.951626	341.883958
-1631.014125	533.084969
-1531.810307	428.354661
-1527.385139	528.986701
-1533.595775	337.231294
-1530.871177	302.297548
-1526.449866	165.061629
-1725.616851	167.438996
-1595.099875	-58.045659
-1560.431468	-57.541323
-1529.861710	1.394775
-1530.839295	-36.671305
-1525.939620	130.433091
-1536.006960	-17.934933
-1707.169730	-66.767572
-1534.491976	-316.523389
-1535.559424	-362.638557
-1681.864962	-658.049078
-1526.479231	-471.429475
-1566.804962	-462.049082
-1639.395984	-658.860209
-1400.354015	-660.433176
-1465.831779	-461.468841
-1440.123051	-259.102541
-1428.277786	-259.323396
-1487.185194	-62.903556
-1478.435913	-61.737902
-1452.013106	-56.814597
-1458.850079	139.665628
-1332.710181	181.640176
-1411.751699	539.575870
-1332.338291	435.843213
-1472.146956	534.496416
-1518.328309	610.586970
-1364.052586	740.917264
-1335.403545	805.844767
-1339.852833	744.967764
